wave,flux,norm
3800.0,94648.1,0.9168709060404046
3801.0,99859.2,0.9672919955845488
3802.0,102210.0,0.9899726385234373
3803.0,103123.0,0.9986947820949734
3804.0,103157.0,0.9988737675591005
3805.0,101906.0,0.986582987735271
3806.0,99296.8,0.9611218763098635
3807.0,97161.5,0.9402302537816701
3808.0,98820.6,0.9560306964114262
3809.0,102154.0,0.9879880413580611
3810.0,103850.0,1.0040664961044505
3811.0,103395.0,0.9993162797873344
3812.0,100049.0,0.9666104769641869
3813.0,95620.6,0.923450216244131
3814.0,94338.6,0.910673646321416
3815.0,94863.1,0.915313995040135
3816.0,96501.1,0.9306635799063042
3817.0,100304.0,0.9668401518106855
3818.0,102653.0,0.9889456776298865
3819.0,101051.0,0.9729583655286544
3820.0,97151.0,0.9348508821346636
3821.0,97184.8,0.934595112778166
3822.0,101050.0,0.9711366211104513
3823.0,101432.0,0.9741519592239961
3824.0,97241.0,0.9332495473411555
3825.0,94143.9,0.9028721345191401
3826.0,94668.0,0.9072189099374209
3827.0,96442.3,0.923507675590827
3828.0,97169.5,0.9297288406083165
3829.0,98209.8,0.9389100108751635
3830.0,99883.6,0.9541038702296829
3831.0,99161.3,0.9463801608113475
3832.0,95275.3,0.9084800629715942
3833.0,92844.7,0.8844915067464517
3834.0,91669.5,0.8724746116799997
3835.0,90884.9,0.8641737429332229
3836.0,93282.1,0.8860926932951843
3837.0,97080.6,0.9212447189227069
3838.0,97940.3,0.9284446515748349
3839.0,97550.9,0.9237794774745485
3840.0,96142.8,0.9094665862256206
3841.0,95949.0,0.9066381710114925
3842.0,99683.8,0.9408760447782407
3843.0,102960.0,0.9706920098235919
3844.0,104350.0,0.9826557191666534
3845.0,104323.0,0.9812417785752177
3846.0,104198.0,0.9788891124987781
3847.0,104925.0,0.9845152948969642
3848.0,104897.0,0.9830310983644961
3849.0,102220.0,0.9567361698051713
3850.0,99019.4,0.9255934307908419
3851.0,100150.0,0.9349453284045226
3852.0,103808.0,0.9678166960459876
3853.0,106064.0,0.9875273871005098
3854.0,106792.0,0.9929575167613618
3855.0,105230.0,0.9770895330280176
3856.0,102007.0,0.9458445228106149
3857.0,100830.0,0.9336127619991603
3858.0,99851.6,0.9232336485347439
3859.0,97535.4,0.900514895758773
3860.0,98050.0,0.9039425271274039
3861.0,102900.0,0.9472526752789184
3862.0,107753.0,0.9904438023609543
3863.0,109840.0,1.0081005570007635
3864.0,108997.0,0.9988348766490647
3865.0,106326.0,0.9728536558202424
3866.0,105373.0,0.9626300913251029
3867.0,106645.0,0.9727156457139194
3868.0,107137.0,0.9756489102731011
3869.0,105382.0,0.9581260871935513
3870.0,99504.3,0.9032205074728383
3871.0,89159.9,0.8079991286662803
3872.0,82145.8,0.7432070634499087
3873.0,85682.3,0.7739138025364404
3874.0,94445.9,0.8516390410272173
3875.0,101310.0,0.9119894379455138
3876.0,103073.0,0.9262785627834733
3877.0,98318.8,0.882036850710787
3878.0,92062.9,0.8244847647139821
3879.0,92598.3,0.8278340336157872
3880.0,95785.1,0.8548207460460778
3881.0,94019.5,0.8375804230731342
3882.0,89231.9,0.793514655420016
3883.0,89987.1,0.7987964792074671
3884.0,99440.7,0.8811220544478444
3885.0,106236.0,0.9396252015483582
3886.0,104945.0,0.9265116280397552
3887.0,103299.0,0.9103043945294111
3888.0,101095.0,0.8892357528729032
3889.0,97235.4,0.8536970337619104
3890.0,100050.0,0.8767667926371511
3891.0,106528.0,0.9317813257711621
3892.0,109323.0,0.9544225416376888
3893.0,108388.0,0.9444632173199993
3894.0,105716.0,0.9194225250992006
3895.0,101375.0,0.8799780072929148
3896.0,102598.0,0.8888785640262202
3897.0,106440.0,0.9203799176313351
3898.0,106034.0,0.9150869780340994
3899.0,105880.0,0.9119739775818322
3900.0,105800.0,0.9094982631598117
3901.0,104176.0,0.8937747354897075
3902.0,102761.0,0.8798922497662715
3903.0,106700.0,0.911807238178625
3904.0,111384.0,0.9499388052018767
3905.0,107697.0,0.9166582907131141
3906.0,103722.0,0.8810543945290763
3907.0,108250.0,0.9176661911752756
3908.0,113975.0,0.9642474783984768
3909.0,115296.0,0.9734472359652248
3910.0,112732.0,0.949865067803024
3911.0,113916.0,0.9578848532479075
3912.0,117830.0,0.9887710887221035
3913.0,115716.0,0.9690408975498852
3914.0,111631.0,0.9329103495211676
3915.0,111000.0,0.9257253303150795
3916.0,112960.0,0.9401251590180262
3917.0,116739.0,0.9695642918004401
3918.0,119040.0,0.9866227423494154
3919.0,116410.0,0.9628176416629999
3920.0,108728.0,0.8974055665553632
3921.0,104027.0,0.8568112967720575
3922.0,107169.0,0.880842487760802
3923.0,113212.0,0.9285596305005205
3924.0,118691.0,0.9714529066171042
3925.0,120803.0,0.9866582519947826
3926.0,118489.0,0.9657187275612292
3927.0,110826.0,0.9013562086252491
3928.0,102066.0,0.828355443631418
3929.0,98552.8,0.7981493764922168
3930.0,92901.5,0.7507862673997705
3931.0,80400.9,0.6483832190901043
3932.0,60554.0,0.4872926986149613
3933.0,39495.5,0.3171537971239735
3934.0,34933.7,0.27992469039433876
3935.0,51532.8,0.41205372082986463
3936.0,75870.6,0.6053636305224485
3937.0,96630.1,0.7693558107736798
3938.0,109617.0,0.8708915695044454
3939.0,116663.0,0.9248900541480244
3940.0,119791.0,0.9476576008606229
3941.0,120611.0,0.9521032134296331
3942.0,119937.0,0.9447562512218526
3943.0,115599.0,0.90863579562069
3944.0,112979.0,0.8861401597893842
3945.0,119171.0,0.9327043979333999
3946.0,126240.0,0.9859140552835652
3947.0,127818.0,0.9960993732800547
3948.0,126424.0,0.9831250476713344
3949.0,125404.0,0.9731040444527692
3950.0,125367.0,0.970733252156924
3951.0,124514.0,0.962063712414726
3952.0,120904.0,0.932170909062673
3953.0,120190.0,0.924682735495998
3954.0,126198.0,0.9688282495751901
3955.0,130033.0,0.996135091608617
3956.0,128530.0,0.9825168041835296
3957.0,127335.0,0.9713027939129182
3958.0,128690.0,0.9795432426720687
3959.0,130666.0,0.9924623328154151
3960.0,129700.0,0.9830254239617933
3961.0,123413.0,0.9333827929275443
3962.0,117168.0,0.8842657999549661
3963.0,116903.0,0.8803903582526145
3964.0,118958.0,0.893963974893571
3965.0,114974.0,0.8621914941833079
3966.0,100094.0,0.7490156762590687
3967.0,74779.8,0.5584020744477478
3968.0,50505.2,0.3763395189130787
3969.0,49201.1,0.3658480510388025
3970.0,72095.1,0.5349523911366665
3971.0,97110.4,0.7190513032774973
3972.0,111522.0,0.8240257513617136
3973.0,118565.0,0.8742270489685421
3974.0,123114.0,0.9058663440660595
3975.0,128360.0,0.9424901891368155
3976.0,133017.0,0.9746445815113431
3977.0,134706.0,0.9849624045117885
3978.0,135665.0,0.9899101247803928
3979.0,137257.0,0.9994460910300502
3980.0,137661.0,1.0003096393157662
3981.0,134419.0,0.974730691983776
3982.0,129202.0,0.9349653062132212
3983.0,128878.0,0.9306989041654843
3984.0,134053.0,0.966079863985199
3985.0,137514.0,0.9889889816212112
3986.0,136083.0,0.9766938901698176
3987.0,134186.0,0.9611118186661006
3988.0,135995.0,0.9720841623160548
3989.0,138107.0,0.9851740806140843
3990.0,138820.0,0.9882523894861152
3991.0,140157.0,0.995752496118529
3992.0,141400.0,1.0025569934961893
3993.0,140508.0,0.9942282045574133
3994.0,137105.0,0.9682021504459696
3995.0,135550.0,0.9553057522055645
3996.0,137633.0,0.9680504869864729
3997.0,138363.0,0.9712486812863826
3998.0,137200.0,0.9611742893295667
3999.0,137572.0,0.9618740480120683
4000.0,138267.0,0.9648269355881364
4001.0,138448.0,0.9641906794723667
4002.0,140990.0,0.9799695822474154
4003.0,143542.0,0.9957585376302741
4004.0,142199.0,0.9845212744306941
4005.0,138170.0,0.9547697101368725
4006.0,136664.0,0.942536435982952
4007.0,139030.0,0.9570057536513829
4008.0,142685.0,0.9802778816010504
4009.0,144554.0,0.9912168795585905
4010.0,145150.0,0.9934044980804422
4011.0,144713.0,0.9885301785823079
4012.0,142804.0,0.9736409699227858
4013.0,142914.0,0.9725503315698432
4014.0,144485.0,0.9813900726675482
4015.0,145248.0,0.9847213900955177
4016.0,145130.0,0.982081265908085
4017.0,144394.0,0.9752794875625208
4018.0,144581.0,0.9747282470829832
4019.0,144449.0,0.9720350129842757
4020.0,143700.0,0.9652100115380169
4021.0,144847.0,0.971124381648742
4022.0,146942.0,0.9833637824315915
4023.0,147706.0,0.9866699421828908
4024.0,145971.0,0.9733037916862829
4025.0,143734.0,0.9566475669850062
4026.0,144570.0,0.9604700083017785
4027.0,146561.0,0.9719406319045201
4028.0,147052.0,0.9734428365675813
4029.0,146250.0,0.9663981371786057
4030.0,143071.0,0.9437022481086136
4031.0,140750.0,0.9267389332164138
4032.0,140453.0,0.9231411232028022
4033.0,137759.0,0.9038316849024054
4034.0,135975.0,0.8905525763992708
4035.0,139754.0,0.9136924983328877
4036.0,146144.0,0.9537938135261602
4037.0,149796.0,0.9759190498704953
4038.0,151184.0,0.9832451931363885
4039.0,151022.0,0.9804850539392386
4040.0,149514.0,0.9690132272742816
4041.0,149393.0,0.9665570374163173
4042.0,150866.0,0.9744067938262617
4043.0,150947.0,0.9732566570196135
4044.0,148840.0,0.9580293049643138
4045.0,144771.0,0.9302489624574192
4046.0,143275.0,0.9190703646390781
4047.0,146905.0,0.9407578958747206
4048.0,149468.0,0.9555527725118594
4049.0,149862.0,0.9564567418986707
4050.0,151021.0,0.9622339756659173
4051.0,153134.0,0.9740621733535886
4052.0,153697.0,0.9760100795956512
4053.0,152657.0,0.967791130821293
4054.0,152491.0,0.9651332036978312
4055.0,153391.0,0.9692217876455342
4056.0,154264.0,0.973128572591901
4057.0,154619.0,0.9737622431227609
4058.0,154153.0,0.9692338253855471
4059.0,154193.0,0.9678984892277129
4060.0,155708.0,0.9758132306476035
4061.0,156873.0,0.9815143116285513
4062.0,154947.0,0.9678906383515749
4063.0,150480.0,0.9384661095285765
4064.0,149456.0,0.9305760235147305
4065.0,151287.0,0.9404610073602435
4066.0,150569.0,0.9344959033685079
4067.0,151516.0,0.9388688858207047
4068.0,155816.0,0.9639734336538764
4069.0,158893.0,0.9814457072212309
4070.0,158279.0,0.9761020809200238
4071.0,154444.0,0.9509448284758559
4072.0,153080.0,0.9410592623664867
4073.0,155988.0,0.9574273715954836
4074.0,157108.0,0.9627886377041669
4075.0,156397.0,0.9569317121314057
4076.0,155228.0,0.9482968709595359
4077.0,151685.0,0.9252103037876321
4078.0,151076.0,0.9200654080260239
4079.0,156546.0,0.9519023964134127
4080.0,161098.0,0.9780692877148656
4081.0,162637.0,0.9858927044729274
4082.0,162317.0,0.9824419903487561
4083.0,160019.0,0.9670498154957226
4084.0,156929.0,0.9469273283954112
4085.0,156883.0,0.9452076547201681
4086.0,160209.0,0.9637799717537598
4087.0,163248.0,0.9805736758991855
4088.0,164997.0,0.9895813504067353
4089.0,165735.0,0.9925090810680021
4090.0,165790.0,0.991345612110548
4091.0,165479.0,0.9880020216751336
4092.0,165001.0,0.9836744412962125
4093.0,164959.0,0.9819567467301168
4094.0,164754.0,0.9792768749272015
4095.0,163864.0,0.9725409966510997
4096.0,163579.0,0.9694119841143852
4097.0,164654.0,0.9743415338873821
4098.0,166016.0,0.980953872252578
4099.0,165765.0,0.9780313880858539
4100.0,161087.0,0.9490374664146893
4101.0,151714.0,0.8925098496412911
4102.0,148301.0,0.8711591598510996
4103.0,155594.0,0.912670278191625
4104.0,162747.0,0.9532421611540033
4105.0,165498.0,0.9679518069295373
4106.0,166116.0,0.9701630272206277
4107.0,166266.0,0.9696399465362666
4108.0,166556.0,0.9699350291226956
4109.0,166062.0,0.9656715665324686
4110.0,166028.0,0.9640927823675218
4111.0,167647.0,0.9721047924723899
4112.0,169350.0,0.9805816905862912
4113.0,170317.0,0.9847802435247799
4114.0,170746.0,0.9858618842463257
4115.0,171125.0,0.9866534938657074
4116.0,171530.0,0.9875938683554047
4117.0,170913.0,0.9826569422297666
4118.0,168670.0,0.9683996617665301
4119.0,167109.0,0.95809371871336
4120.0,167592.0,0.9595203930203559
4121.0,168106.0,0.9611215362661737
4122.0,168835.0,0.9639469464638273
4123.0,169976.0,0.9691147150995368
4124.0,170917.0,0.9731306395350106
4125.0,171636.0,0.9758744167031362
4126.0,171811.0,0.9755230328697168
4127.0,171255.0,0.9710289532392934
4128.0,170880.0,0.9675732342109901
4129.0,171416.0,0.9692794032902781
4130.0,171598.0,0.9689830575309112
4131.0,169353.0,0.9550024788690952
4132.0,166390.0,0.937017644986166
4133.0,166927.0,0.9387660397814587
4134.0,168847.0,0.9482779427980106
4135.0,171076.0,0.9594982360110261
4136.0,173496.0,0.9717591079715092
4137.0,174328.0,0.9751055305123659
4138.0,174644.0,0.9755616301337734
4139.0,175289.0,0.9778528719778562
4140.0,175694.0,0.9788019548737156
4141.0,175308.0,0.9753486882367505
4142.0,172965.0,0.9610320907571258
4143.0,168574.0,0.9353904905123321
4144.0,167189.0,0.9264755451130274
4145.0,171216.0,0.9475359646023
4146.0,174735.0,0.9657340478415017
4147.0,175409.0,0.9681819295820098
4148.0,174397.0,0.9613305451404294
4149.0,172975.0,0.9522409769399433
4150.0,173482.0,0.9537815069948664
4151.0,175737.0,0.9649166129807618
4152.0,176519.0,0.967946317949947
4153.0,175546.0,0.9613579509285348
4154.0,174216.0,0.9528350369171713
4155.0,174722.0,0.9543636418060868
4156.0,175921.0,0.959669520685408
4157.0,176451.0,0.9613177614882509
4158.0,176977.0,0.9629408093953502
4159.0,177849.0,0.9664406749511497
4160.0,178658.0,0.9695904509285768
4161.0,178099.0,0.9653182241543642
4162.0,177119.0,0.958778759861631
4163.0,176707.0,0.9553275318390505
4164.0,177256.0,0.9570746731358641
4165.0,179380.0,0.9673113465161919
4166.0,180529.0,0.9722717327536943
4167.0,179580.0,0.9659354413931714
4168.0,179426.0,0.9638866903922193
4169.0,180161.0,0.9666135575675856
4170.0,180486.0,0.9671372661797466
4171.0,179640.0,0.9613934219604435
4172.0,176217.0,0.9418904651271401
4173.0,173293.0,0.9251008993033513
4174.0,173659.0,0.9258952291280557
4175.0,175674.0,0.9354691780559657
4176.0,177393.0,0.9434456398262375
4177.0,176136.0,0.9355950266696033
4178.0,175262.0,0.9297964099547447
4179.0,178448.0,0.9455250974779854
4180.0,180481.0,0.9551137132455544
4181.0,179547.0,0.9489971223373458
4182.0,179089.0,0.9454090005821258
4183.0,179267.0,0.9451835882227337
4184.0,179805.0,0.9468550528416719
4185.0,180306.0,0.948328362270992
4186.0,177676.0,0.9333511244344636
4187.0,174442.0,0.9152420507182254
4188.0,175319.0,0.9187204933315917
4189.0,178383.0,0.9336374774649705
4190.0,181178.0,0.9471124481278989
4191.0,181302.0,0.9466094137432651
4192.0,180267.0,0.9400640832013855
4193.0,181601.0,0.945874084768428
4194.0,181986.0,0.9467335861416749
4195.0,180971.0,0.9403171351651712
4196.0,182769.0,0.9485152066261977
4197.0,183061.0,0.9488877148363573
4198.0,178612.0,0.924714537029924
4199.0,176665.0,0.9135376443858398
4200.0,178510.0,0.9219729385522071
4201.0,177876.0,0.9176001606181539
4202.0,177749.0,0.9158505220932953
4203.0,180962.0,0.9312942474479825
4204.0,181891.0,0.9349613023297787
4205.0,179937.0,0.9238183363543082
4206.0,179042.0,0.9181327507433057
4207.0,180996.0,0.9270534304259089
4208.0,185528.0,0.949142122539924
4209.0,186815.0,0.9545974875048019
4210.0,183859.0,0.9383847688121356
4211.0,181121.0,0.9233218798865183
4212.0,180981.0,0.9215232797364457
4213.0,182683.0,0.9290973220890211
4214.0,182830.0,0.9287546718645417
4215.0,176985.0,0.8980100934816595
4216.0,171655.0,0.8699476980474915
4217.0,174080.0,0.8812075433116654
4218.0,179102.0,0.9055722733932787
4219.0,184273.0,0.9306329937763835
4220.0,189606.0,0.9564528652350606
4221.0,190512.0,0.9599072749116102
4222.0,186762.0,0.9399215383154174
4223.0,182235.0,0.9160764063145854
4224.0,180764.0,0.9076310577005499
4225.0,180629.0,0.9059058272261452
4226.0,176623.0,0.8847929824777174
4227.0,175065.0,0.8759780787494088
4228.0,182180.0,0.9105310517492875
4229.0,186478.0,0.9309416687579266
4230.0,183768.0,0.9163601707308419
4231.0,182135.0,0.907176547343597
4232.0,183283.0,0.911849809677019
4233.0,184981.0,0.9192456893500079
4234.0,188139.0,0.9338718544419304
4235.0,185973.0,0.9220679933986156
4236.0,176168.0,0.8724595138815783
4237.0,173027.0,0.8559294196761738
4238.0,180670.0,0.8927226243614252
4239.0,189484.0,0.9352119761963742
4240.0,193727.0,0.9550701701079075
4241.0,191243.0,0.9417570407531455
4242.0,181003.0,0.8903235978015596
4243.0,174992.0,0.8597846110219065
4244.0,182724.0,0.8967615958211427
4245.0,191641.0,0.9394644233908174
4246.0,190130.0,0.931008452970904
4247.0,181928.0,0.8898445506847843
4248.0,174391.0,0.8520220719803862
4249.0,170183.0,0.8305306770661854
4250.0,173636.0,0.8464329189344755
4251.0,183645.0,0.8942226982203152
4252.0,190511.0,0.9266185275605001
4253.0,186659.0,0.9068693600655002
4254.0,177121.0,0.8595699905555428
4255.0,172988.0,0.8385772612025041
4256.0,181046.0,0.8766625774838723
4257.0,192104.0,0.9291736418504004
4258.0,192451.0,0.9298183029780666
4259.0,187625.0,0.905496069703862
4260.0,184124.0,0.8876151517632251
4261.0,179948.0,0.8665233359780076
4262.0,181619.0,0.8736026416070846
4263.0,188455.0,0.9054828405242751
4264.0,190834.0,0.9159013364663497
4265.0,192989.0,0.9252228439168412
4266.0,193695.0,0.9275845827985894
4267.0,186368.0,0.891514149502399
4268.0,181857.0,0.8689787606550375
4269.0,184562.0,0.8809355275382431
4270.0,183616.0,0.8754583878873662
4271.0,179761.0,0.8561385554835865
4272.0,179136.0,0.8522273906944662
4273.0,176494.0,0.8387393805242436
4274.0,168964.0,0.8020772091470505
4275.0,170268.0,0.8073844150011003
4276.0,182577.0,0.8648069100030608
4277.0,193374.0,0.9149499584900033
4278.0,194278.0,0.9182257689943764
4279.0,183033.0,0.864136308196673
4280.0,170988.0,0.8063914168588749
4281.0,174517.0,0.8221400666418387
4282.0,184943.0,0.8703104181564244
4283.0,190783.0,0.8968185042152917
4284.0,187948.0,0.8825342884524531
4285.0,175856.0,0.8248603858155061
4286.0,168672.0,0.790307328926727
4287.0,175737.0,0.8225197946473037
4288.0,182214.0,0.8519133030205059
4289.0,176923.0,0.8262830223972223
4290.0,169869.0,0.7924829103481235
4291.0,169215.0,0.7885808653744665
4292.0,175521.0,0.8170872213743438
4293.0,181808.0,0.8454435842397111
4294.0,181276.0,0.8420630495626498
4295.0,178162.0,0.8267084598752158
4296.0,173151.0,0.8025935184353366
4297.0,164014.0,0.7594256156730451
4298.0,157848.0,0.7300917056562881
4299.0,150345.0,0.6946429907699398
4300.0,143704.0,0.6632483630629639
4301.0,145601.0,0.671284576926902
4302.0,147332.0,0.678538810972941
4303.0,144380.0,0.6642327067858248
4304.0,143207.0,0.6581325702258511
4305.0,145194.0,0.6665519905159276
4306.0,146472.0,0.6717017729066083
4307.0,140705.0,0.6445672466739736
4308.0,130400.0,0.596723864772121
4309.0,125863.0,0.5753489123636889
4310.0,125042.0,0.5709877825935257
4311.0,125202.0,0.5711104925703004
4312.0,131470.0,0.5990647722032955
4313.0,147650.0,0.6720770883105365
4314.0,168511.0,0.7662185904500548
4315.0,189188.0,0.8593242579325244
4316.0,206870.0,0.9386427268611597
4317.0,215183.0,0.9753272115318757
4318.0,216119.0,0.9785323009543911
4319.0,215182.0,0.9732585815293034
4320.0,211902.0,0.9574094083948078
4321.0,207180.0,0.9350848947110397
4322.0,198416.0,0.8945831653690848
4323.0,180387.0,0.8124381757175136
4324.0,170488.0,0.7670438484710849
4325.0,176803.0,0.7946163995293755
4326.0,189956.0,0.8528303650434818
4327.0,203624.0,0.9132308448565696
4328.0,210422.0,0.942724813673249
4329.0,211224.0,0.9453213355436909
4330.0,211175.0,0.9441072118214516
4331.0,213092.0,0.951675264810004
4332.0,214832.0,0.9584371447916072
4333.0,213821.0,0.9529239719137647
4334.0,212560.0,0.9463087732293382
4335.0,213832.0,0.9509718183913008
4336.0,213260.0,0.94743226209399
4337.0,205988.0,0.9141652084652299
4338.0,198503.0,0.8800230156206706
4339.0,193110.0,0.8552165349297072
4340.0,186565.0,0.8253649929738911
4341.0,189468.0,0.8373296399699485
4342.0,201189.0,0.8881978523801507
4343.0,206197.0,0.9093538078424808
4344.0,207876.0,0.9157989134115077
4345.0,213446.0,0.9393537626049666
4346.0,216011.0,0.9496478087311598
4347.0,213384.0,0.9371179439753504
4348.0,212522.0,0.9323568081657205
4349.0,216566.0,0.9491055775722236
4350.0,216138.0,0.9462404778599331
4351.0,207311.0,0.9066486622904631
4352.0,199867.0,0.8731808362580499
4353.0,202727.0,0.8847513909875637
4354.0,207512.0,0.9046895362296037
4355.0,205677.0,0.8957542959289483
4356.0,204323.0,0.8889296094171856
4357.0,208737.0,0.9071865883457501
4358.0,210480.0,0.913808526434025
4359.0,206373.0,0.8950443429051955
4360.0,206670.0,0.8953988469560031
4361.0,212988.0,0.9218107186278944
4362.0,213396.0,0.9226150331719124
4363.0,208120.0,0.8988677676286089
4364.0,209864.0,0.9054568847448641
4365.0,215703.0,0.9296809909639119
4366.0,213431.0,0.9189318335399864
4367.0,208738.0,0.8977913954895685
4368.0,211580.0,0.9090687855618995
4369.0,214220.0,0.9194549304571685
4370.0,210954.0,0.9044958457924709
4371.0,209112.0,0.8956662885787833
4372.0,210394.0,0.9002210435511301
4373.0,208908.0,0.8929342744252847
4374.0,201752.0,0.8614517413834498
4375.0,196088.0,0.8363977817545926
4376.0,199705.0,0.8509413144077399
4377.0,208055.0,0.8856002020352006
4378.0,213924.0,0.9096367502052263
4379.0,216484.0,0.9195668051306657
4380.0,216273.0,0.9177171215114187
4381.0,216094.0,0.916006039534037
4382.0,212597.0,0.9002474652557488
4383.0,205214.0,0.8680824039433753
4384.0,204700.0,0.8650098335210471
4385.0,209845.0,0.8858314632800696
4386.0,214532.0,0.904677664774001
4387.0,217181.0,0.914898593859947
4388.0,219388.0,0.9232373733597745
4389.0,219559.0,0.9229988425389507
4390.0,218169.0,0.9162044223331339
4391.0,218674.0,0.9173729817756763
4392.0,220368.0,0.9235210523431095
4393.0,219542.0,0.9191055263085295
4394.0,214521.0,0.897154170163623
4395.0,211500.0,0.8836029508932114
4396.0,216043.0,0.9016469402254115
4397.0,222302.0,0.926806815517743
4398.0,223696.0,0.9316517550774258
4399.0,220655.0,0.9180338645910572
4400.0,218880.0,0.9097049309642734
4401.0,224203.0,0.9308622629441576
4402.0,230426.0,0.9557075476334635
4403.0,229822.0,0.9522142047628763
4404.0,223897.0,0.9267035791623283
4405.0,222150.0,0.9185194969352619
4406.0,227716.0,0.9405569297232358
4407.0,231730.0,0.9561439092946681
4408.0,232165.0,0.9569454641315085
4409.0,232443.0,0.9570978186381299
4410.0,234238.0,0.9634886291222926
4411.0,236730.0,0.972729079477242
4412.0,238369.0,0.9784478938848814
4413.0,237568.0,0.9741484924657372
4414.0,232164.0,0.9510018360360663
4415.0,225288.0,0.9218786447561624
4416.0,225155.0,0.9203785038096368
4417.0,227771.0,0.9301059692547264
4418.0,230391.0,0.9398284737051689
4419.0,236425.0,0.9634418858439822
4420.0,240841.0,0.980418580636055
4421.0,240522.0,0.9781035838672179
4422.0,239282.0,0.9720507732600935
4423.0,240596.0,0.9763738534557087
4424.0,242339.0,0.9824259079188562
4425.0,241481.0,0.9779308696687653
4426.0,237781.0,0.9619466088079361
4427.0,233626.0,0.9441555565958909
4428.0,235877.0,0.9522620281378327
4429.0,241096.0,0.972320171395542
4430.0,242670.0,0.9776507213132242
4431.0,243707.0,0.9808077889275333
4432.0,245472.0,0.986883877456386
4433.0,245586.0,0.9863154140644801
4434.0,243045.0,0.9750950890125863
4435.0,240399.0,0.9634761092011566
4436.0,242331.0,0.970208880142316
4437.0,246563.0,0.9861253571340935
4438.0,248564.0,0.9930940558848157
4439.0,248417.0,0.9914741401496999
4440.0,247320.0,0.9860688612915492
4441.0,244868.0,0.9752769991284101
4442.0,240782.0,0.9580053391134887
4443.0,236381.0,0.9395166361264662
4444.0,236077.0,0.937332394426108
4445.0,242275.0,0.9609408237561804
4446.0,247410.0,0.980287458411311
4447.0,247746.0,0.9805981651723354
4448.0,247180.0,0.9773408762422714
4449.0,246711.0,0.9744726419501273
4450.0,244824.0,0.9660144669487005
4451.0,245432.0,0.9674074838464587
4452.0,248784.0,0.979601493845551
4453.0,249920.0,0.983052860933781
4454.0,247924.0,0.9741894818007996
4455.0,246650.0,0.9681778491885922
4456.0,248734.0,0.9753455164309086
4457.0,251031.0,0.9833320125900303
4458.0,251043.0,0.9823598400439078
4459.0,249685.0,0.9760336372291821
4460.0,248242.0,0.9693880003691013
4461.0,245135.0,0.9562643220572121
4462.0,244551.0,0.9529992048638093
4463.0,248311.0,0.9666510887943759
4464.0,249979.0,0.9721387070992376
4465.0,250389.0,0.9727273361033315
4466.0,250817.0,0.9733841307848777
4467.0,248812.0,0.9646067414641419
4468.0,244326.0,0.9462384753342242
4469.0,243721.0,0.9429227094290292
4470.0,248124.0,0.9589686973997548
4471.0,251664.0,0.9716493445993215
4472.0,254459.0,0.9814301549490396
4473.0,256299.0,0.9875109544718075
4474.0,256894.0,0.9887869422281976
4475.0,256572.0,0.986534105296022
4476.0,256277.0,0.9843893318018738
4477.0,257306.0,0.987329133199858
4478.0,258619.0,0.9913513344913258
4479.0,259127.0,0.9922824938071613
4480.0,258439.0,0.988636370979018
4481.0,255033.0,0.9746106747982136
4482.0,251156.0,0.9588153670899308
4483.0,253304.0,0.9660297919299876
4484.0,258081.0,0.9832454769752438
4485.0,260192.0,0.9902793727109881
4486.0,260448.0,0.9902460402365919
4487.0,260117.0,0.987983181613157
4488.0,259124.0,0.9832130255168995
4489.0,257219.0,0.9749955843797665
4490.0,256896.0,0.9727853524101315
4491.0,259068.0,0.9800178732348755
4492.0,260725.0,0.9852896433227726
4493.0,260199.0,0.9823095473253208
4494.0,258242.0,0.9739386689904856
4495.0,258022.0,0.972129135311607
4496.0,259713.0,0.9775160728174814
4497.0,261216.0,0.9821854663109834
4498.0,262460.0,0.9858728032427176
4499.0,262427.0,0.9847610000998334
4500.0,258861.0,0.9704072916559286
4501.0,254069.0,0.9514911485773744
4502.0,256221.0,0.9585924359311262
4503.0,262336.0,0.9804917220065824
4504.0,265291.0,0.9905488280999765
4505.0,265790.0,0.9914251201168343
4506.0,265510.0,0.9893971582598078
4507.0,264829.0,0.9858807878651967
4508.0,264250.0,0.982751116259828
4509.0,265161.0,0.9851639073915242
4510.0,266561.0,0.989387372327751
4511.0,266798.0,0.9892905400681957
4512.0,266599.0,0.9875792701573108
4513.0,266635.0,0.9867415278392165
4514.0,266343.0,0.9846932980081997
4515.0,265751.0,0.981541576042235
4516.0,266169.0,0.9821233202829115
4517.0,266544.0,0.9825459869836625
4518.0,266148.0,0.9801290958936933
4519.0,266571.0,0.9807306704065322
4520.0,267158.0,0.9819344792502411
4521.0,266547.0,0.9787376427712838
4522.0,264216.0,0.9692380975662158
4523.0,263810.0,0.9668123685258752
4524.0,266225.0,0.9747204506569002
4525.0,267920.0,0.9799804242221253
4526.0,268608.0,0.9815512142546309
4527.0,267168.0,0.9753510491056582
4528.0,263826.0,0.9622265807133812
4529.0,262981.0,0.958226380684261
4530.0,265290.0,0.9657159055186669
4531.0,266494.0,0.9691733447461387
4532.0,265031.0,0.9629350522168767
4533.0,258929.0,0.9398706562881661
4534.0,254908.0,0.924397422512895
4535.0,259738.0,0.9410212068343525
4536.0,266695.0,0.9653132159088214
4537.0,271426.0,0.9815108233874164
4538.0,273556.0,0.9882822022224953
4539.0,273875.0,0.9885053518760755
4540.0,273513.0,0.9862734466621766
4541.0,273045.0,0.9836648765998423
4542.0,273361.0,0.9838840071807622
4543.0,273760.0,0.9844022505609352
4544.0,272900.0,0.9803976363595709
4545.0,272445.0,0.9778551734484376
4546.0,273760.0,0.9816655090106792
4547.0,274473.0,0.9833132435982461
4548.0,270417.0,0.9678896599741538
4549.0,261853.0,0.936375198926511
4550.0,260792.0,0.9317255316431218
4551.0,268863.0,0.9596813514428242
4552.0,272291.0,0.9710296556625966
4553.0,267831.0,0.9542543638941527
4554.0,263266.0,0.9371370583740197
4555.0,266410.0,0.9474685685473617
4556.0,272111.0,0.966868189913138
4557.0,276074.0,0.9800641550050047
4558.0,277836.0,0.9854311472897263
4559.0,278274.0,0.9860980946600286
4560.0,278635.0,0.9864926113170792
4561.0,278679.0,0.9857665020000245
4562.0,276549.0,0.9773599071418794
4563.0,271332.0,0.958069544243489
4564.0,269705.0,0.9514798403967129
4565.0,275014.0,0.9693507703607631
4566.0,279630.0,0.9847511094640996
4567.0,281087.0,0.9890108066987472
4568.0,281314.0,0.9889405638054664
4569.0,280925.0,0.9867083794010841
4570.0,277888.0,0.9751890624109809
4571.0,271320.0,0.9513108816811776
4572.0,268964.0,0.942231177425195
4573.0,275199.0,0.9632385702244876
4574.0,281078.0,0.9829662550425379
4575.0,282531.0,0.987196602479886
4576.0,282411.0,0.9859298172430165
4577.0,282719.0,0.9861598056379868
4578.0,283329.0,0.9874436169752858
4579.0,283296.0,0.9864879186194854
4580.0,282809.0,0.9839560137988144
4581.0,282863.0,0.983310817193489
4582.0,282371.0,0.9807720305688763
4583.0,279975.0,0.9716316153671845
4584.0,279258.0,0.9683302844973302
4585.0,282125.0,0.9774534394872428
4586.0,284635.0,0.9853273536026054
4587.0,285519.0,0.9875659380293683
4588.0,284985.0,0.9849021089831879
4589.0,282752.0,0.9763777190702043
4590.0,281334.0,0.9706812542987778
4591.0,283001.0,0.9756314286626453
4592.0,284396.0,0.9796384788355353
4593.0,285107.0,0.9812867307110305
4594.0,286530.0,0.9853828529452899
4595.0,287697.0,0.9885946489292
4596.0,288291.0,0.9898358974135899
4597.0,288582.0,0.9900376826908254
4598.0,288803.0,0.9900012437835786
4599.0,288936.0,0.9896655182459918
4600.0,288637.0,0.9878539072108611
4601.0,287886.0,0.9845015465613242
4602.0,286483.0,0.9789286881510947
4603.0,285901.0,0.9761699369322125
4604.0,287865.0,0.9821037956526865
4605.0,289856.0,0.9881225554208709
4606.0,290543.0,0.9896922187297993
4607.0,290788.0,0.9897572098645463
4608.0,291122.0,0.9901270217147711
4609.0,291467.0,0.9905358730164564
4610.0,291597.0,0.9902161553762688
4611.0,291555.0,0.9893153768783776
4612.0,291730.0,0.9891537505602007
4613.0,292037.0,0.9894415213393872
4614.0,292406.0,0.989940603938146
4615.0,292547.0,0.989669390607583
4616.0,292376.0,0.9883455951952203
4617.0,292637.0,0.9884846341335598
4618.0,293039.0,0.9891009176737435
4619.0,293237.0,0.9890296839073742
4620.0,293590.0,0.9894823284816482
4621.0,294149.0,0.990629362857045
4622.0,294704.0,0.9917624576561671
4623.0,295069.0,0.9922560915418575
4624.0,295225.0,0.9920477618158232
4625.0,295150.0,0.9910650722685803
4626.0,295119.0,0.9902323793907838
4627.0,295004.0,0.9891201020873737
4628.0,293580.0,0.9836244777435286
4629.0,291663.0,0.9764870106997771
4630.0,292799.0,0.9795745417191402
4631.0,295607.0,0.9882477779847584
4632.0,296678.0,0.9911060712255221
4633.0,296727.0,0.9905488909358143
4634.0,297052.0,0.9909135075852524
4635.0,297235.0,0.9908044749172239
4636.0,297104.0,0.9896498172779442
4637.0,297401.0,0.9899215335310932
4638.0,298102.0,0.9915366223324827
4639.0,298721.0,0.9928767453040416
4640.0,299201.0,0.993753105036427
4641.0,299603.0,0.9943690866024562
4642.0,299832.0,0.9944101047238892
4643.0,299996.0,0.9942352583222502
4644.0,300042.0,0.9936694155444876
4645.0,299449.0,0.9909891635578544
4646.0,298620.0,0.9875317251204738
4647.0,298953.0,0.9879185385282089
4648.0,300036.0,0.9907806907354898
4649.0,300904.0,0.9929284109605139
4650.0,301219.0,0.9932486356897483
4651.0,300761.0,0.9910203434932232
4652.0,300329.0,0.9888798293837033
4653.0,300564.0,0.9889358960381742
4654.0,300469.0,0.9879056774394056
4655.0,300237.0,0.9864255661032844
4656.0,300025.0,0.9850119199430688
4657.0,300099.0,0.9845372082532524
4658.0,301684.0,0.9890153172754333
4659.0,303451.0,0.9940817122985202
4660.0,304232.0,0.9959116174977163
4661.0,304401.0,0.9957355336851605
4662.0,304302.0,0.9946823200475993
4663.0,304391.0,0.9942433695643057
4664.0,304850.0,0.9950113824902723
4665.0,305151.0,0.995261619149958
4666.0,304721.0,0.9931277462528916
4667.0,303768.0,0.9892924457546197
4668.0,303648.0,0.9881723811721425
4669.0,304196.0,0.9892249978710638
4670.0,304358.0,0.9890204917062665
4671.0,305149.0,0.9908574941843361
4672.0,306343.0,0.9939981772521649
4673.0,306889.0,0.9950319716628686
4674.0,307147.0,0.9951299351443653
4675.0,307437.0,0.9953301633905309
4676.0,307751.0,0.9956065598157174
4677.0,307972.0,0.995580740556051
4678.0,308000.0,0.9949303624611338
4679.0,307965.0,0.9940764588537224
4680.0,307956.0,0.993306567373901
4681.0,307541.0,0.9912281463505064
4682.0,307275.0,0.9896316130434021
4683.0,308247.0,0.9920205977008748
4684.0,309423.0,0.9950609821513401
4685.0,309982.0,0.9961130633577918
4686.0,310264.0,0.9962730652434719
4687.0,310513.0,0.9963259105010238
4688.0,310845.0,0.9966437758282933
4689.0,311120.0,0.9967775402520542
4690.0,311142.0,0.9961001487861856
4691.0,311096.0,0.9952052605813371
4692.0,311402.0,0.9954359632913138
4693.0,311884.0,0.996227550814026
4694.0,312204.0,0.9964999335595508
4695.0,312488.0,0.9966561604944478
4696.0,312731.0,0.9966805703401068
4697.0,312798.0,0.9961435487015012
4698.0,312749.0,0.9952373099035982
4699.0,312965.0,0.9951742159944672
4700.0,313450.0,0.995965084600098
4701.0,313503.0,0.9953822982581915
4702.0,312607.0,0.9917887223676534
4703.0,311880.0,0.9887355189161273
4704.0,312829.0,0.9909954355569259
4705.0,314062.0,0.9941501380667007
4706.0,314267.0,0.9940476614460884
4707.0,313750.0,0.9916625605175073
4708.0,313153.0,0.9890276442580801
4709.0,313374.0,0.9889774963260678
4710.0,314612.0,0.9921338215560008
4711.0,315785.0,0.995079834341218
4712.0,316358.0,0.9961314373966704
4713.0,316302.0,0.9952016913178703
4714.0,315904.0,0.993197426988373
4715.0,316053.0,0.992913985362644
4716.0,316867.0,0.9947179046797041
4717.0,317545.0,0.996091839263513
4718.0,317854.0,0.9963064407333309
4719.0,318023.0,0.9960816035110122
4720.0,318269.0,0.9960974896802974
4721.0,318487.0,0.9960251917018919
4722.0,318614.0,0.9956680470593883
4723.0,318951.0,0.9959666271341766
4724.0,319393.0,0.9965918272674196
4725.0,319718.0,0.9968507421155495
4726.0,319861.0,0.9965417040131672
4727.0,319867.0,0.995806107713877
4728.0,319981.0,0.9954070880411338
4729.0,320304.0,0.9956578502653569
4730.0,320491.0,0.9954853186380995
4731.0,320332.0,0.9942386726627825
4732.0,320273.0,0.9933035989300083
4733.0,320346.0,0.9927785747825781
4734.0,320702.0,0.9931302907281525
4735.0,321212.0,0.9939575935716279
4736.0,321013.0,0.9925909698941524
4737.0,320988.0,0.9917636288389852
4738.0,321914.0,0.9938732617015784
4739.0,322688.0,0.995510410023004
4740.0,322901.0,0.9954153187824825
4741.0,323013.0,0.9950089045841533
4742.0,323346.0,0.9952830241856294
4743.0,323837.0,0.9960423773067704
4744.0,324229.0,0.99649600557338
4745.0,324452.0,0.9964296335179755
4746.0,324674.0,0.9963600068592157
4747.0,324992.0,0.9965845943770576
4748.0,325258.0,0.9966492446448838
4749.0,325407.0,0.9963553086697741
4750.0,325558.0,0.9960676965087687
4751.0,325733.0,0.9958536658737227
4752.0,325845.0,0.9954472803106922
4753.0,325745.0,0.9943941365026736
4754.0,325675.0,0.9934338964779497
4755.0,326186.0,0.9942458636671003
4756.0,326783.0,0.9953183869785585
4757.0,327138.0,0.995652615612015
4758.0,327453.0,0.9958645518414931
4759.0,327728.0,0.9959544820407153
4760.0,327821.0,0.9954914815330772
4761.0,327430.0,0.9935604077048363
4762.0,326356.0,0.9895611663320204
4763.0,325196.0,0.9853072474289009
4764.0,325160.0,0.9844626606188673
4765.0,326703.0,0.9883963293409811
4766.0,328386.0,0.9927473212400969
4767.0,329304.0,0.994780837611116
4768.0,329754.0,0.9953985929052196
4769.0,330067.0,0.9956021749510178
4770.0,330276.0,0.9954919851127898
4771.0,330110.0,0.9942525141610423
4772.0,329593.0,0.9919585199627378
4773.0,329569.0,0.991150618319922
4774.0,330339.0,0.9927300774646358
4775.0,330821.0,0.9934424021337513
4776.0,331128.0,0.9936286123881014
4777.0,331722.0,0.9946752031971378
4778.0,331840.0,0.9942940984631203
4779.0,330889.0,0.9907129726848982
4780.0,330152.0,0.9877775064895856
4781.0,331165.0,0.9900784366360798
4782.0,332104.0,0.9921550434309007
4783.0,331937.0,0.990927018588078
4784.0,332246.0,0.9911209108782013
4785.0,333122.0,0.9930048631048263
4786.0,333382.0,0.9930513450869137
4787.0,333470.0,0.9925859892686321
4788.0,333701.0,0.992546853947492
4789.0,333722.0,0.9918838341032685
4790.0,334118.0,0.9923357669892882
4791.0,334813.0,0.9936746674402968
4792.0,335122.0,0.9938671126946053
4793.0,335301.0,0.9936742817557458
4794.0,335586.0,0.9937959109067914
4795.0,335885.0,0.9939590777389167
4796.0,336062.0,0.9937615407918197
4797.0,335757.0,0.992140318782922
4798.0,335027.0,0.9892668230879302
4799.0,335236.0,0.9891684832881414
4800.0,336490.0,0.9921518419533086
4801.0,337397.0,0.9941088457758375
4802.0,337696.0,0.9942732683852818
4803.0,337241.0,0.9922194349475071
4804.0,335471.0,0.9863027673977596
4805.0,334015.0,0.981317500203646
4806.0,335358.0,0.9845571959569624
4807.0,337569.0,0.9903391535894447
4808.0,338759.0,0.9931200665593081
4809.0,339173.0,0.993624118876192
4810.0,339192.0,0.9929715568205199
4811.0,339264.0,0.9924754313976367
4812.0,339597.0,0.9927434655193321
4813.0,339864.0,0.9928188023982006
4814.0,339814.0,0.9919691559594593
4815.0,339919.0,0.9915733667554402
4816.0,340494.0,0.992548715475524
4817.0,341004.0,0.9933338717305018
4818.0,341251.0,0.9933528890930527
4819.0,341399.0,0.9930844515848773
4820.0,341585.0,0.9929274099928456
4821.0,341696.0,0.9925532939745186
4822.0,341156.0,0.9902905794178838
4823.0,339955.0,0.9861142250329933
4824.0,339723.0,0.9847531115035444
4825.0,340959.0,0.9876467867071671
4826.0,342187.0,0.9905138529079289
4827.0,342876.0,0.9918183804405213
4828.0,343169.0,0.9919769927773748
4829.0,343372.0,0.9918760003780338
4830.0,343647.0,0.9919835812746122
4831.0,343740.0,0.9915666081339832
4832.0,343762.0,0.990946144831828
4833.0,343935.0,0.9907621229784108
4834.0,344195.0,0.9908294092909715
4835.0,344466.0,0.9909288599003659
4836.0,344857.0,0.9913737592821239
4837.0,345334.0,0.9920657282322145
4838.0,345498.0,0.9918588123511098
4839.0,345225.0,0.9903991186282755
4840.0,345020.0,0.9891369931242507
4841.0,345233.0,0.9890747660184503
4842.0,345639.0,0.9895658196711563
4843.0,345990.0,0.9898994892932373
4844.0,346525.0,0.9907594308627243
4845.0,346962.0,0.9913388530054662
4846.0,347005.0,0.9907931687225042
4847.0,346991.0,0.9900862337442776
4848.0,346879.0,0.989101467367876
4849.0,346946.0,0.9886287477244218
4850.0,347578.0,0.9897662248583772
4851.0,347955.0,0.9901771935988954
4852.0,348004.0,0.9896555174169706
4853.0,348084.0,0.9892233113581411
4854.0,347586.0,0.987150828139746
4855.0,347046.0,0.984962578248654
4856.0,347658.0,0.9860452749985041
4857.0,348386.0,0.987456011512208
4858.0,347315.0,0.9837699052267944
4859.0,340373.0,0.9634707157465215
4860.0,319959.0,0.9050897927802343
4861.0,296776.0,0.8389585993951827
4862.0,304767.0,0.8609830608309544
4863.0,332229.0,0.9379498508183811
4864.0,346578.0,0.9778201504807233
4865.0,349392.0,0.9851159716605593
4866.0,349958.0,0.9860688564467135
4867.0,350916.0,0.9881250328033835
4868.0,351814.0,0.9900104220737962
4869.0,351998.0,0.9898861907570334
4870.0,349897.0,0.9833411512212699
4871.0,345789.0,0.9711685264182903
4872.0,345195.0,0.9688752427790568
4873.0,349264.0,0.9796650825212665
4874.0,352437.0,0.9879301791781557
4875.0,353228.0,0.9895126223333374
4876.0,353266.0,0.9889857315872792
4877.0,352752.0,0.9869159068471872
4878.0,352025.0,0.9842539385704628
4879.0,353012.0,0.9863853757130474
4880.0,354682.0,0.9904220926054648
4881.0,354993.0,0.9906619620600753
4882.0,354248.0,0.9879572390178073
4883.0,352945.0,0.9837014962039249
4884.0,352695.0,0.9823848906742444
4885.0,354369.0,0.9864263943991995
4886.0,355763.0,0.9896846800625582
4887.0,356264.0,0.9904570201504531
4888.0,356253.0,0.9898066564914413
4889.0,354925.0,0.985501060556755
4890.0,350715.0,0.973204328331288
4891.0,346707.0,0.9614838823532418
4892.0,349666.0,0.9690875933940198
4893.0,355711.0,0.9852301116474186
4894.0,358552.0,0.9924846707293223
4895.0,359258.0,0.993824978714332
4896.0,359570.0,0.9940751968266991
4897.0,359733.0,0.9939142591575527
4898.0,359398.0,0.9923792591351597
4899.0,357912.0,0.9876707485885549
4900.0,356620.0,0.9835038532141547
4901.0,357749.0,0.986015554807653
4902.0,358921.0,0.9886434742141832
4903.0,358630.0,0.987241663186334
4904.0,359092.0,0.987913989239778
4905.0,360478.0,0.9911268370778843
4906.0,361363.0,0.992959956335315
4907.0,361623.0,0.993075319514067
4908.0,361669.0,0.9926040185472351
4909.0,361521.0,0.9916019611883384
4910.0,361153.0,0.9899988223662552
4911.0,361136.0,0.9893599704377767
4912.0,361784.0,0.9905433811481842
4913.0,362430.0,0.9917206696428359
4914.0,362916.0,0.9924597631584142
4915.0,363528.0,0.9935430928276469
4916.0,363923.0,0.9940331582791019
4917.0,363250.0,0.9916079294092617
4918.0,360221.0,0.982758630277953
4919.0,355560.0,0.9694706685362926
4920.0,352531.0,0.9606462463544022
4921.0,354533.0,0.965534292492639
4922.0,358693.0,0.9762909306003528
4923.0,357174.0,0.9715875907226652
4924.0,354717.0,0.9643403556025312
4925.0,359089.0,0.9756568591185577
4926.0,364298.0,0.989233672204584
4927.0,366085.0,0.9935084820331225
4928.0,366504.0,0.9940685613021819
4929.0,366808.0,0.9943169087844018
4930.0,366953.0,0.9941348565278476
4931.0,366800.0,0.9931467875747806
4932.0,364514.0,0.9863885096870438
4933.0,356222.0,0.9633955189095793
4934.0,348972.0,0.9432460003827752
4935.0,354970.0,0.9589080299223752
4936.0,364029.0,0.9828168831798352
4937.0,366685.0,0.9894218420598995
4938.0,365427.0,0.985464770695699
4939.0,363563.0,0.9798794877652952
4940.0,364370.0,0.98149594537909
4941.0,367245.0,0.9886784917621251
4942.0,369207.0,0.9933969074591735
4943.0,369991.0,0.9949427715173516
4944.0,370359.0,0.9953694009756703
4945.0,370505.0,0.9951997830708671
4946.0,370527.0,0.9946980057622494
4947.0,370788.0,0.994838565964109
4948.0,371221.0,0.9954407110028924
4949.0,371499.0,0.9956272888562004
4950.0,371696.0,0.9955972031585932
4951.0,371973.0,0.9957818125798233
4952.0,372253.0,0.9959747347778143
4953.0,372482.0,0.9960315514129833
4954.0,372661.0,0.9959551561744396
4955.0,371927.0,0.9934406370509098
4956.0,367169.0,0.9801869869023427
4957.0,358994.0,0.9578316017307328
4958.0,359065.0,0.9574903859151247
4959.0,367499.0,0.9794385937482435
4960.0,372784.0,0.9929750645469794
4961.0,374092.0,0.9959094365696725
4962.0,374413.0,0.9962148502010071
4963.0,374687.0,0.9963953595529397
4964.0,374801.0,0.9961508315478248
4965.0,374560.0,0.9949639706068287
4966.0,374405.0,0.9940071294336669
4967.0,374864.0,0.9946809412375084
4968.0,375432.0,0.9956434668469528
4969.0,375763.0,0.9959771386427501
4970.0,375957.0,0.9959478901193686
4971.0,376175.0,0.9959825810568844
4972.0,376468.0,0.9962160576318788
4973.0,376750.0,0.9964205384514628
4974.0,377059.0,0.9966965122283244
4975.0,377329.0,0.9968694911347795
4976.0,377522.0,0.9968392988631781
4977.0,377702.0,0.9967751589175692
4978.0,377794.0,0.9964792986814235
4979.0,377669.0,0.9956120174480751
4980.0,376588.0,0.9922271297779406
4981.0,373890.0,0.9845880432594709
4982.0,372514.0,0.9804369044903641
4983.0,374475.0,0.9850686017245072
4984.0,376537.0,0.9899611502810821
4985.0,377439.0,0.9918005854916282
4986.0,378291.0,0.9935070083703441
4987.0,379321.0,0.9956791051596445
4988.0,379869.0,0.9965846179072494
4989.0,379562.0,0.995247530145889
4990.0,377867.0,0.9902745944452978
4991.0,376383.0,0.9858598765974277
4992.0,377389.0,0.9879686822163579
4993.0,377613.0,0.9880293637858966
4994.0,376608.0,0.9848762217849513
4995.0,378281.0,0.9887262304026346
4996.0,380721.0,0.9945760422290477
4997.0,381486.0,0.996046499749774
4998.0,380795.0,0.993716053860656
4999.0,379156.0,0.9889156969952176
5000.0,379076.0,0.9881846465185081
5001.0,380550.0,0.9915034224199242
5002.0,381555.0,0.9935975684545213
5003.0,382363.0,0.9951769518582195
5004.0,382254.0,0.9943694224956393
5005.0,379877.0,0.9876661925372998
5006.0,377111.0,0.9799593158928934
5007.0,377817.0,0.9812782767220539
5008.0,381219.0,0.9895944620832617
5009.0,383602.0,0.9952582644261744
5010.0,383179.0,0.9936398952478676
5011.0,379235.0,0.9828976587324038
5012.0,375078.0,0.9716150256200696
5013.0,375825.0,0.9730411585721539
5014.0,378311.0,0.9789659733964757
5015.0,381136.0,0.9857614923500257
5016.0,383108.0,0.9903449957584655
5017.0,380404.0,0.9828425272362435
5018.0,374534.0,0.9671722939981334
5019.0,375292.0,0.9686252683195681
5020.0,381825.0,0.9849742807780437
5021.0,385467.0,0.9938524839110803
5022.0,385939.0,0.9945525441152148
5023.0,386085.0,0.9944122872003556
5024.0,386756.0,0.9956237400447837
5025.0,387320.0,0.9965586842214567
5026.0,387827.0,0.9973461255490496
5027.0,388144.0,0.9976444386103822
5028.0,388331.0,0.9976085152813235
5029.0,388333.0,0.9970976487632369
5030.0,387414.0,0.9942237671892963
5031.0,386675.0,0.991814573256052
5032.0,387907.0,0.9944608528074869
5033.0,389394.0,0.9977578063883042
5034.0,389659.0,0.9979218053132717
5035.0,389107.0,0.9959943653494455
5036.0,388836.0,0.994787808527274
5037.0,389390.0,0.9956920540479183
5038.0,389638.0,0.9958132950037191
5039.0,388387.0,0.9921053060271315
5040.0,384915.0,0.9827306440104548
5041.0,381195.0,0.9727327414076257
5042.0,382637.0,0.9759106892657798
5043.0,388035.0,0.9891698729489581
5044.0,391263.0,0.9968865185109124
5045.0,392218.0,0.9988068563791712
5046.0,392631.0,0.999345635371417
5047.0,392730.0,0.9990849954666354
5048.0,391938.0,0.9965590545610603
5049.0,389648.0,0.990228695425638
5050.0,387059.0,0.9831452676291731
5051.0,385301.0,0.9781786994758153
5052.0,386436.0,0.9805579365811687
5053.0,390826.0,0.9911897800733664
5054.0,393760.0,0.998119910657696
5055.0,394551.0,0.9996134525685634
5056.0,394760.0,0.9996315818531198
5057.0,394966.0,0.9996419792171323
5058.0,395127.0,0.9995384051960503
5059.0,395077.0,0.9989013194110895
5060.0,395079.0,0.9983961559754949
5061.0,395492.0,0.9989294659909593
5062.0,395846.0,0.9993131387944596
5063.0,395417.0,0.9977205929750873
5064.0,394106.0,0.9939051781163853
5065.0,393827.0,0.9926947908177258
5066.0,395326.0,0.9959648764570859
5067.0,396246.0,0.9977734932841369
5068.0,395888.0,0.9963636397813563
5069.0,395796.0,0.9956241622726187
5070.0,396749.0,0.9975126049301661
5071.0,397487.0,0.9988586468878843
5072.0,397612.0,0.9986634730409336
5073.0,397772.0,0.9985561554651429
5074.0,398024.0,0.9986795729263921
5075.0,398195.0,0.9985995153353618
5076.0,398428.0,0.9986747231186053
5077.0,398538.0,0.998441480448868
5078.0,397540.0,0.995433829020442
5079.0,395121.0,0.9888726561327793
5080.0,394430.0,0.9866404034215241
5081.0,396338.0,0.9909080933654626
5082.0,396591.0,0.9910355296326492
5083.0,394772.0,0.985987526442524
5084.0,395816.0,0.9880914270585108
5085.0,398889.0,0.9952554129311271
5086.0,399831.0,0.9970975460150195
5087.0,399229.0,0.9950890621882057
5088.0,399604.0,0.9955162991860291
5089.0,400806.0,0.9980020321302158
5090.0,401463.0,0.9991285861466106
5091.0,401741.0,0.9993109483771266
5092.0,401960.0,0.9993461346160974
5093.0,402237.0,0.9995250995513645
5094.0,402556.0,0.9998078795527076
5095.0,402741.0,0.9997574109274947
5096.0,402758.0,0.9992898398213123
5097.0,402446.0,0.9980065428681348
5098.0,401745.0,0.9957600480875066
5099.0,401657.0,0.9950341030556861
5100.0,402653.0,0.9969926012963226
5101.0,403578.0,0.9987730399434986
5102.0,403986.0,0.999272488756232
5103.0,404149.0,0.9991653596390264
5104.0,404209.0,0.9988034589271272
5105.0,403726.0,0.9971004837341644
5106.0,401610.0,0.9913678367935165
5107.0,397922.0,0.9817621920817704
5108.0,397236.0,0.9795687982752507
5109.0,397665.0,0.9801254029293223
5110.0,394479.0,0.9717757094284573
5111.0,396009.0,0.9750458072728071
5112.0,402406.0,0.9902894657974646
5113.0,405771.0,0.9980594240853776
5114.0,406433.0,0.9991759503315806
5115.0,406637.0,0.9991655385032343
5116.0,406906.0,0.9993143415947846
5117.0,407170.0,0.9994502857286022
5118.0,407350.0,0.9993795691171344
5119.0,407464.0,0.9991466422111888
5120.0,407646.0,0.9990801636824833
5121.0,407650.0,0.9985772720462478
5122.0,406545.0,0.9953592323408497
5123.0,404125.0,0.9889261247252769
5124.0,403615.0,0.9871706816505076
5125.0,405782.0,0.99196067618894
5126.0,406505.0,0.9932171344624202
5127.0,405091.0,0.9892531555469628
5128.0,404181.0,0.9865229315762829
5129.0,404543.0,0.9868981229565762
5130.0,406458.0,0.9910590869905727
5131.0,408448.0,0.995398041996243
5132.0,409157.0,0.9966118017366369
5133.0,409180.0,0.9961537397283541
5134.0,409480.0,0.9963696799862757
5135.0,410251.0,0.9977303994697176
5136.0,410329.0,0.9974047504481759
5137.0,409549.0,0.9949944911875163
5138.0,407636.0,0.9898351019999939
5139.0,404853.0,0.9825691564191329
5140.0,405619.0,0.9839192090840579
5141.0,408194.0,0.9896533377366553
5142.0,407560.0,0.9876050615462229
5143.0,406954.0,0.985626351108673
5144.0,409454.0,0.9911680479082084
5145.0,411702.0,0.9960939627331956
5146.0,412294.0,0.9970099035490363
5147.0,412427.0,0.9968151940508849
5148.0,412620.0,0.9967653178435647
5149.0,412218.0,0.995278599259861
5150.0,409785.0,0.988891931512512
5151.0,407363.0,0.9825381362314106
5152.0,408212.0,0.984076056506927
5153.0,409740.0,0.9872481552580302
5154.0,410167.0,0.9877653039972955
5155.0,411959.0,0.9915671894660539
5156.0,414104.0,0.9962141435626584
5157.0,415051.0,0.9979755387076534
5158.0,415340.0,0.9981536032212681
5159.0,415515.0,0.9980574814081495
5160.0,415672.0,0.99791808121234
5161.0,415556.0,0.9971236111733577
5162.0,415275.0,0.9959341107265692
5163.0,415196.0,0.9952299082858996
5164.0,414353.0,0.9926959466184484
5165.0,409437.0,0.9804115548343808
5166.0,395360.0,0.9462147464768456
5167.0,377126.0,0.9021093603924109
5168.0,372892.0,0.8915210395816754
5169.0,383879.0,0.9173156290174839
5170.0,397921.0,0.9503800282915681
5171.0,399124.0,0.9527619190504095
5172.0,389864.0,0.9301776345509263
5173.0,391598.0,0.9338337092106965
5174.0,405798.0,0.9671980757970053
5175.0,415976.0,0.9909468408974367
5176.0,418967.0,0.9975589932618275
5177.0,419567.0,0.9984743523173213
5178.0,419860.0,0.9986586070368768
5179.0,420080.0,0.9986691903448107
5180.0,420172.0,0.9983756951761616
5181.0,419175.0,0.9954963274269012
5182.0,412673.0,0.9795529083440905
5183.0,399750.0,0.9483923266899714
5184.0,397340.0,0.942192687206238
5185.0,408393.0,0.9679073451061875
5186.0,415651.0,0.9846061786976954
5187.0,416558.0,0.9862513693841569
5188.0,413036.0,0.9774142018781402
5189.0,411939.0,0.9743218450668215
5190.0,415549.0,0.9823601980942932
5191.0,415368.0,0.9814331883925848
5192.0,412660.0,0.9745395590728736
5193.0,413409.0,0.9758130719110569
5194.0,414797.0,0.9785930623193897
5195.0,415046.0,0.978684703669653
5196.0,417806.0,0.9846944905040138
5197.0,420031.0,0.9894382100059846
5198.0,420539.0,0.9901348451371071
5199.0,421279.0,0.9913770278930133
5200.0,421767.0,0.9920255443822471
5201.0,421766.0,0.991524143230275
5202.0,421046.0,0.9893341378867625
5203.0,418270.0,0.9823181022462079
5204.0,411682.0,0.9663613581276344
5205.0,406407.0,0.9535014790257382
5206.0,407906.0,0.9565398617128477
5207.0,412042.0,0.9657562611723418
5208.0,411790.0,0.9646842571908837
5209.0,413401.0,0.9679759238861688
5210.0,418671.0,0.9798279911350217
5211.0,422374.0,0.9880032327430496
5212.0,424852.0,0.9933067455315591
5213.0,426138.0,0.9958199354557963
5214.0,425758.0,0.994439843492541
5215.0,423213.0,0.9880073181753267
5216.0,420567.0,0.9813459562991935
5217.0,421896.0,0.9839623039008516
5218.0,425377.0,0.9915930972856233
5219.0,427278.0,0.9955356013387919
5220.0,427845.0,0.9963681488564372
5221.0,428145.0,0.996578943440256
5222.0,428399.0,0.9966830723424611
5223.0,428454.0,0.9963249181027557
5224.0,427369.0,0.9933180360241913
5225.0,421850.0,0.9800138970227316
5226.0,409358.0,0.9505319205105475
5227.0,402102.0,0.9332312456437569
5228.0,412229.0,0.9562722838185583
5229.0,424319.0,0.9838431742817363
5230.0,428273.0,0.99253275692224
5231.0,428117.0,0.9916941955368754
5232.0,424650.0,0.9831911592432756
5233.0,421546.0,0.9755370003087885
5234.0,423520.0,0.9796366787591265
5235.0,427184.0,0.9876403819020223
5236.0,429779.0,0.9931668389184602
5237.0,430912.0,0.9953118578054032
5238.0,431136.0,0.9953569648496271
5239.0,430890.0,0.9943181799875642
5240.0,430867.0,0.993795445731461
5241.0,431525.0,0.994843910530242
5242.0,432038.0,0.9955579800854443
5243.0,432335.0,0.9957745978956694
5244.0,432655.0,0.9960446838489936
5245.0,432684.0,0.9956456213477438
5246.0,432080.0,0.9937917425071634
5247.0,431442.0,0.9918621490666667
5248.0,431837.0,0.9923087792648297
5249.0,432062.0,0.9923652578476553
5250.0,431423.0,0.9904388786661034
5251.0,431855.0,0.9909726126384064
5252.0,433211.0,0.9936258899873585
5253.0,433705.0,0.9943012480230113
5254.0,433023.0,0.9922818798891125
5255.0,432475.0,0.9905720109483224
5256.0,433478.0,0.9924153280522271
5257.0,434794.0,0.9949739491586005
5258.0,435362.0,0.9958200362180354
5259.0,435513.0,0.9957126952968084
5260.0,435363.0,0.9949183166005752
5261.0,434405.0,0.9922797303155629
5262.0,433016.0,0.9886601990509248
5263.0,432423.0,0.9868612624150513
5264.0,432243.0,0.9860067799718384
5265.0,431467.0,0.9837948396581667
5266.0,430094.0,0.9802249853437665
5267.0,429904.0,0.9793540091841065
5268.0,424474.0,0.9665527366666418
5269.0,407331.0,0.9271042493431843
5270.0,399750.0,0.9094454064500199
5271.0,415234.0,0.9442533339312795
5272.0,430953.0,0.9795652997683598
5273.0,435507.0,0.9894797099279503
5274.0,435945.0,0.9900386025056571
5275.0,435143.0,0.9877829107439988
5276.0,434403.0,0.9856706085102269
5277.0,436294.0,0.989528073507576
5278.0,438536.0,0.994178629368746
5279.0,439287.0,0.9954471807894498
5280.0,439040.0,0.9944548287870332
5281.0,437998.0,0.9916641291643395
5282.0,436914.0,0.9887815333580697
5283.0,436294.0,0.9869517905524319
5284.0,436801.0,0.9876726758931933
5285.0,438873.0,0.991930851824912
5286.0,440440.0,0.9950452063317115
5287.0,440944.0,0.9957571219800208
5288.0,441103.0,0.9956904099820169
5289.0,441233.0,0.9955590633729777
5290.0,441395.0,0.9955007417136181
5291.0,441573.0,0.995479282149337
5292.0,441677.0,0.9952918290169418
5293.0,441762.0,0.9950624802793705
5294.0,442013.0,0.995207823314624
5295.0,442093.0,0.994968937236928
5296.0,441584.0,0.9934059568960669
5297.0,440858.0,0.9913570634367131
5298.0,440704.0,0.9905963454889771
5299.0,441615.0,0.9922298694888492
5300.0,442579.0,0.9939818078596262
5301.0,442512.0,0.9934184871867857
5302.0,442099.0,0.9920799382828877
5303.0,442616.0,0.9928293009176082
5304.0,443653.0,0.9947446893145007
5305.0,444147.0,0.9954422123307693
5306.0,443930.0,0.9945469921922448
5307.0,443457.0,0.9930799103346564
5308.0,443776.0,0.9933875943745475
5309.0,444655.0,0.9949487408482673
5310.0,445171.0,0.9956973693535216
5311.0,445378.0,0.9957551962369363
5312.0,445541.0,0.9957152893974099
5313.0,445683.0,0.9956291395230821
5314.0,445625.0,0.9950970801980884
5315.0,444339.0,0.9918250066101622
5316.0,441427.0,0.9849281873272495
5317.0,440956.0,0.9834817713639755
5318.0,443985.0,0.9898401593786619
5319.0,446036.0,0.9940145063392999
5320.0,446545.0,0.9947510327400697
5321.0,446776.0,0.9948684925998607
5322.0,446460.0,0.9937688548933912
5323.0,444535.0,0.9890906122005312
5324.0,442358.0,0.9838561423305405
5325.0,443284.0,0.9855250477509918
5326.0,442186.0,0.9826950964026209
5327.0,429488.0,0.9540987251315197
5328.0,415568.0,0.9228118169799272
5329.0,423681.0,0.9404573122966107
5330.0,440563.0,0.9775465522234346
5331.0,447411.0,0.9923518590675284
5332.0,447738.0,0.992688196766274
5333.0,447377.0,0.9914999460779137
5334.0,448173.0,0.9928762720266514
5335.0,448128.0,0.9923895489440347
5336.0,445872.0,0.9870092306816897
5337.0,444875.0,0.9844194303883737
5338.0,447050.0,0.9888483270511457
5339.0,447405.0,0.9892500171159531
5340.0,444039.0,0.9814275292031365
5341.0,442213.0,0.9770139072721757
5342.0,445857.0,0.9846846754190849
5343.0,449855.0,0.9931314069235654
5344.0,450794.0,0.9948213279569046
5345.0,449934.0,0.9925417559063606
5346.0,449474.0,0.9911463256570294
5347.0,450160.0,0.9922784015497733
5348.0,450463.0,0.992566017199955
5349.0,450792.0,0.9929109943466582
5350.0,451674.0,0.9944735815023368
5351.0,452416.0,0.9957271453069394
5352.0,452649.0,0.995860205423493
5353.0,452605.0,0.9953842564228598
5354.0,452828.0,0.9954959128291018
5355.0,453292.0,0.9961373592147316
5356.0,453591.0,0.9964161121469753
5357.0,453759.0,0.9964072364068406
5358.0,453955.0,0.9964600654509873
5359.0,454148.0,0.9965064993337832
5360.0,454237.0,0.9963250029249687
5361.0,454069.0,0.9955803618559688
5362.0,453581.0,0.9941351247238855
5363.0,453386.0,0.9933331096498882
5364.0,453769.0,0.9937977577518256
5365.0,454103.0,0.9941549563310527
5366.0,454392.0,0.9944135720092471
5367.0,454493.0,0.9942608780535925
5368.0,454531.0,0.9939706857035325
5369.0,453225.0,0.9907429016558128
5370.0,446296.0,0.9752305056234924
5371.0,435304.0,0.9508548795901728
5372.0,436279.0,0.9526279400407511
5373.0,448426.0,0.9787850802987578
5374.0,455417.0,0.9936729496945841
5375.0,456907.0,0.9965517090608969
5376.0,457174.0,0.9967619941159355
5377.0,457320.0,0.9967085491764335
5378.0,457422.0,0.9965594230327322
5379.0,457131.0,0.9955546574388077
5380.0,455905.0,0.9925152596917541
5381.0,454884.0,0.9899243794727659
5382.0,455434.0,0.9907531164897531
5383.0,456072.0,0.9917727328135133
5384.0,456927.0,0.993263433684374
5385.0,458151.0,0.9955549876642608
5386.0,458784.0,0.9965612114319391
5387.0,459029.0,0.9967243207606089
5388.0,459185.0,0.9966942511166965
5389.0,459279.0,0.9965297989552291
5390.0,459403.0,0.9964306566748123
5391.0,459415.0,0.99608887043973
5392.0,458864.0,0.9945272240777687
5393.0,458135.0,0.9925811940059543
5394.0,458203.0,0.9923628297268461
5395.0,456775.0,0.9889059359421402
5396.0,449085.0,0.9718996155528007
5397.0,441424.0,0.9549686443814925
5398.0,447133.0,0.9669640052890086
5399.0,456952.0,0.9878356272260409
5400.0,460585.0,0.9953240880448379
5401.0,461181.0,0.996246607598841
5402.0,461158.0,0.9958318721075952
5403.0,459925.0,0.9928056020255549
5404.0,455186.0,0.9822162738323529
5405.0,445814.0,0.9616411931278629
5406.0,442799.0,0.9547885731417647
5407.0,452229.0,0.9747658671850575
5408.0,459490.0,0.9900551539507766
5409.0,459596.0,0.9899222403220023
5410.0,458812.0,0.9878732406102527
5411.0,460529.0,0.9912087872422533
5412.0,462510.0,0.9951099940248264
5413.0,463179.0,0.9961866455075591
5414.0,462782.0,0.9949707179159364
5415.0,462289.0,0.993549430019187
5416.0,462837.0,0.9943657511563426
5417.0,463413.0,0.9952416880540832
5418.0,462828.0,0.993624563906592
5419.0,462567.0,0.9927040133974745
5420.0,463632.0,0.9946288657303208
5421.0,464584.0,0.9963100607008482
5422.0,464795.0,0.9964015904599933
5423.0,464304.0,0.9949887556048695
5424.0,463747.0,0.9934356219617295
5425.0,464248.0,0.9941492943403195
5426.0,465211.0,0.9958514891938525
5427.0,465077.0,0.9952050741322556
5428.0,460525.0,0.9851086429611918
5429.0,450070.0,0.9623970064164747
5430.0,447129.0,0.9557634014480616
5431.0,456964.0,0.9764342050079884
5432.0,463566.0,0.9901844242193611
5433.0,460648.0,0.9835972387020017
5434.0,452719.0,0.9663189702081514
5435.0,452665.0,0.9658561494603942
5436.0,461125.0,0.98355358591981
5437.0,466382.0,0.9944089811563421
5438.0,467705.0,0.9968716472610634
5439.0,468045.0,0.9972381597514184
5440.0,468233.0,0.9972807053807631
5441.0,468382.0,0.9972402214829169
5442.0,468526.0,0.9971891598226454
5443.0,468633.0,0.9970594472697296
5444.0,468212.0,0.9958068936863308
5445.0,464843.0,0.9882876201115959
5446.0,455545.0,0.968172814271129
5447.0,449945.0,0.9559289993450119
5448.0,458020.0,0.9727367476230018
5449.0,466920.0,0.9912840010587668
5450.0,469649.0,0.9967215010271118
5451.0,470079.0,0.9972777838228972
5452.0,470179.0,0.9971338398237265
5453.0,469499.0,0.9953364185060296
5454.0,464912.0,0.9852604220896208
5455.0,455854.0,0.9657198788217451
5456.0,454655.0,0.9628365173182932
5457.0,463750.0,0.9817473665735007
5458.0,469894.0,0.9943997854106643
5459.0,471308.0,0.997037039246832
5460.0,471539.0,0.9971707143236526
5461.0,471611.0,0.9969681790942114
5462.0,471475.0,0.9963262433293276
5463.0,471345.0,0.9956974404972134
5464.0,471694.0,0.9960805935146836
5465.0,472193.0,0.9967801168153331
5466.0,472458.0,0.996985351347186
5467.0,472646.0,0.9970280072215054
5468.0,472854.0,0.9971128009964725
5469.0,473045.0,0.9971616916030988
5470.0,473219.0,0.9971747156724151
5471.0,473359.0,0.9971160998108439
5472.0,473417.0,0.9968848439424375
5473.0,473423.0,0.996544279299032
5474.0,473384.0,0.9961092500929866
5475.0,472245.0,0.9933606775472301
5476.0,468611.0,0.9853676928392747
5477.0,466582.0,0.9807540505219826
5478.0,469997.0,0.9875828771063612
5479.0,473586.0,0.994772348890137
5480.0,474659.0,0.9966737153985653
5481.0,474806.0,0.9966300419846301
5482.0,474941.0,0.9965612297172315
5483.0,475130.0,0.9966057509068339
5484.0,475371.0,0.9967592997491626
5485.0,475606.0,0.9969001970022988
5486.0,475706.0,0.9967581670967147
5487.0,475656.0,0.9963020982654129
5488.0,475706.0,0.9960557920649775
5489.0,475773.0,0.9958453064893751
5490.0,475431.0,0.9947792603259488
5491.0,475424.0,0.9944147424727611
5492.0,476091.0,0.9954598366057124
5493.0,476605.0,0.9961844959924694
5494.0,476924.0,0.9965013099673043
5495.0,476814.0,0.9959219597203535
5496.0,474732.0,0.9912256596376626
5497.0,470886.0,0.9828508895279927
5498.0,470959.0,0.9826591363613275
5499.0,474752.0,0.9902267472735531
5500.0,475374.0,0.9911775287334915
5501.0,472851.0,0.9855726171706218
5502.0,473190.0,0.9859350226591916
5503.0,476484.0,0.9924522146183115
5504.0,478145.0,0.9955649094262085
5505.0,476866.0,0.9925562633522005
5506.0,472786.0,0.9837218880383171
5507.0,471208.0,0.9800979357762617
5508.0,475106.0,0.9878626634957541
5509.0,478395.0,0.9943563994600558
5510.0,479261.0,0.9958113374698985
5511.0,479504.0,0.9959714771089783
5512.0,479583.0,0.9957912232409807
5513.0,479685.0,0.9956590832502649
5514.0,479940.0,0.9958447566148103
5515.0,480268.0,0.99618198477011
5516.0,480611.0,0.9965503557022831
5517.0,480853.0,0.9967094011538585
5518.0,481026.0,0.9967256514299097
5519.0,481184.0,0.9967111153985299
5520.0,481298.0,0.9966057832153159
5521.0,481358.0,0.9963890562242274
5522.0,481506.0,0.9963548893025436
5523.0,481734.0,0.9964865547518303
5524.0,481813.0,0.9963103562365189
5525.0,481279.0,0.9948674664101302
5526.0,479605.0,0.9910701755497828
5527.0,477901.0,0.9872138457037108
5528.0,477673.0,0.9864084737058678
5529.0,479364.0,0.9895654638194661
5530.0,481716.0,0.9940847565551854
5531.0,482882.0,0.996154741202896
5532.0,483189.0,0.9964522590394161
5533.0,483214.0,0.996168621763399
5534.0,483032.0,0.9954589870953697
5535.0,483003.0,0.9950654499740682
5536.0,483449.0,0.9956508504678298
5537.0,483907.0,0.9962609962018689
5538.0,484138.0,0.9964039851563189
5539.0,484302.0,0.9964094788370035
5540.0,484487.0,0.9964586144599684
5541.0,484681.0,0.996526683675899
5542.0,484817.0,0.9964759659289668
5543.0,484875.0,0.996265493161789
5544.0,484958.0,0.9961069939130356
5545.0,485128.0,0.9961277305754639
5546.0,485327.0,0.9962084797150125
5547.0,485527.0,0.9962917344476605
5548.0,485720.0,0.9963610896207347
5549.0,485903.0,0.9964104131697434
5550.0,486082.0,0.9964520244163955
5551.0,486216.0,0.9964019079433865
5552.0,486331.0,0.9963134159818111
5553.0,486479.0,0.9962930783483699
5554.0,486602.0,0.9962220832641054
5555.0,486725.0,0.9961516441086513
5556.0,486930.0,0.9962495289005194
5557.0,487137.0,0.9963519473213328
5558.0,487300.0,0.9963648388201714
5559.0,487454.0,0.9963598282558875
5560.0,487587.0,0.9963124108409235
5561.0,487646.0,0.9961143623854521
5562.0,487644.0,0.9957923718871393
5563.0,487741.0,0.9956731792971921
5564.0,487963.0,0.995809648380808
5565.0,488136.0,0.9958465562734763
5566.0,488256.0,0.995775838202124
5567.0,488369.0,0.9956913797778438
5568.0,488142.0,0.9949144828217129
5569.0,487426.0,0.9931422087284512
5570.0,487390.0,0.9927566102436444
5571.0,487902.0,0.9934875932034093
5572.0,487113.0,0.9915702699505363
5573.0,486579.0,0.9901735370093376
5574.0,487989.0,0.9927328935140458
5575.0,489094.0,0.9946708451083782
5576.0,489261.0,0.9947010411477973
5577.0,489652.0,0.9951869512595869
5578.0,490112.0,0.9958132199530689
5579.0,490366.0,0.9960211416739683
5580.0,490539.0,0.9960649219988452
5581.0,490488.0,0.9956544317639018
5582.0,490448.0,0.99526697440515
5583.0,490751.0,0.9955760476719101
5584.0,490933.0,0.9956399904356845
5585.0,490162.0,0.9937721994209554
5586.0,487937.0,0.9889590076432199
5587.0,486389.0,0.9855209350248519
5588.0,486747.0,0.985946158594447
5589.0,487896.0,0.9879733127281252
5590.0,489954.0,0.9918398124666272
5591.0,491570.0,0.9948099154202671
5592.0,492084.0,0.9955491728099539
5593.0,491671.0,0.9944135464142944
5594.0,490775.0,0.9923024569206952
5595.0,491038.0,0.9925357575786433
5596.0,492273.0,0.9947334633767606
5597.0,492592.0,0.9950798786429123
5598.0,492046.0,0.9936796591072222
5599.0,492173.0,0.9936394088948441
5600.0,492876.0,0.9947621353398435
5601.0,492967.0,0.9946497944863868
5602.0,492609.0,0.9936322706538754
5603.0,492633.0,0.9933860644489656
5604.0,493500.0,0.9948398114667559
5605.0,494319.0,0.9961963789218546
5606.0,494657.0,0.9965834894977702
5607.0,494819.0,0.9966163009157657
5608.0,494951.0,0.9965890969284169
5609.0,495078.0,0.9965522516608827
5610.0,495211.0,0.9965279074355132
5611.0,495375.0,0.9965663450227462
5612.0,495532.0,0.9965910838007334
5613.0,495393.0,0.9960210800342703
5614.0,493829.0,0.9925875812068806
5615.0,490566.0,0.9857425058201754
5616.0,490075.0,0.9844702308398154
5617.0,493467.0,0.9909970523404279
5618.0,495857.0,0.9955088171295763
5619.0,496474.0,0.9964598224045219
5620.0,496661.0,0.9965478730964671
5621.0,496824.0,0.9965881160575287
5622.0,496922.0,0.9964983718389209
5623.0,496727.0,0.9958216638111034
5624.0,496253.0,0.994586553004287
5625.0,496339.0,0.9944745526337977
5626.0,497081.0,0.9956769905414501
5627.0,497612.0,0.9964565936672146
5628.0,497851.0,0.9966515680049053
5629.0,498034.0,0.996734726792999
5630.0,498195.0,0.9967741898579453
5631.0,498330.0,0.996761991851208
5632.0,498451.0,0.9967221705622965
5633.0,498542.0,0.9966227624338497
5634.0,498621.0,0.9964997892688934
5635.0,498766.0,0.9965091091498113
5636.0,498973.0,0.9966426191625649
5637.0,499128.0,0.9966725747305726
5638.0,499234.0,0.9966050500719655
5639.0,499332.0,0.9965219493768247
5640.0,499260.0,0.9961000691070798
5641.0,499195.0,0.9956927343991995
5642.0,499541.0,0.9961055237325618
5643.0,499938.0,0.9966200956971338
5644.0,500127.0,0.9967201943005252
5645.0,500289.0,0.9967667840107831
5646.0,500475.0,0.9968614909803785
5647.0,500667.0,0.9969684306002047
5648.0,500847.0,0.997051757951712
5649.0,501000.0,0.9970816381800256
5650.0,501149.0,0.9971038753548194
5651.0,501310.0,0.9971502995008673
5652.0,501465.0,0.9971850952274502
5653.0,501600.0,0.9971804384144131
5654.0,501705.0,0.9971164851707816
5655.0,501749.0,0.9969316880226704
5656.0,501491.0,0.9961474284816316
5657.0,500315.0,0.9935409224420857
5658.0,499004.0,0.9906681362601738
5659.0,499663.0,0.991707185729676
5660.0,501444.0,0.994972271962349
5661.0,502247.0,0.9962958648409681
5662.0,502013.0,0.9955625346022828
5663.0,501925.0,0.995119368759439
5664.0,502552.0,0.9960939289118116
5665.0,503091.0,0.9968938933020132
5666.0,503153.0,0.9967487907873315
5667.0,503020.0,0.9962178748801164
5668.0,503002.0,0.9959152362362995
5669.0,503179.0,0.9959990424085688
5670.0,503614.0,0.996593651235778
5671.0,504040.0,0.9971704310768325
5672.0,504289.0,0.9973971198183202
5673.0,504464.0,0.9974776579133537
5674.0,504594.0,0.9974694869052788
5675.0,504700.0,0.9974141770762587
5676.0,504838.0,0.9974224049417223
5677.0,504998.0,0.9974743662259143
5678.0,505133.0,0.9974772144595996
5679.0,505252.0,0.9974487543236904
5680.0,505380.0,0.99743834988131
5681.0,505508.0,0.9974282270431214
5682.0,505548.0,0.9972447949224215
5683.0,505395.0,0.9966811196028975
5684.0,505219.0,0.9960726647094555
5685.0,505501.0,0.9963675381206276
5686.0,505970.0,0.997031013880042
5687.0,506212.0,0.9972472137128743
5688.0,506338.0,0.9972351016643932
5689.0,506506.0,0.9973059553678264
5690.0,506712.0,0.997451834392327
5691.0,506904.0,0.9975703442781486
5692.0,507097.0,0.9976910165885594
5693.0,507263.0,0.9977587735424295
5694.0,507386.0,0.9977421916634532
5695.0,507494.0,0.9976963807208725
5696.0,507632.0,0.9977098055264665
5697.0,507772.0,0.9977274009323249
5698.0,507875.0,0.9976725501922935
5699.0,507948.0,0.9975590548669859
5700.0,507904.0,0.9972161430907351
5701.0,507747.0,0.9966518414091324
5702.0,507871.0,0.9966394987714892
5703.0,508307.0,0.9972395071903164
5704.0,508646.0,0.9976491894881113
5705.0,508794.0,0.9976843675521272
5706.0,508857.0,0.9975531271254495
5707.0,508847.0,0.9972791124195903
5708.0,508487.0,0.9963196822631816
5709.0,507933.0,0.9949809436200154
5710.0,508055.0,0.9949669777729419
5711.0,508645.0,0.9958695326018981
5712.0,509131.0,0.996568281660729
5713.0,509644.0,0.9973197319524382
5714.0,509987.0,0.9977384314846078
5715.0,510137.0,0.9977796455267766
5716.0,510310.0,0.997866027431918
5717.0,510475.0,0.9979369388854284
5718.0,510602.0,0.9979337571579683
5719.0,510755.0,0.9979815883088111
5720.0,510909.0,0.9980315560952274
5721.0,511048.0,0.9980524100004385
5722.0,511206.0,0.9981105539905778
5723.0,511368.0,0.9981766787498093
5724.0,511509.0,0.99820198950508
5725.0,511625.0,0.9981787112274344
5726.0,511700.0,0.9980756704944482
5727.0,511785.0,0.9979923764629617
5728.0,511942.0,0.9980496838815754
5729.0,512117.0,0.9981422372075911
5730.0,512260.0,0.9981725801592977
5731.0,512371.0,0.9981407574748378
5732.0,512496.0,0.9981364033052483
5733.0,512656.0,0.9982003849238418
5734.0,512816.0,0.9982645176862495
5735.0,512965.0,0.9983073921600322
5736.0,513102.0,0.9983270767881092
5737.0,513229.0,0.9983274774664647
5738.0,513355.0,0.9983261091734246
5739.0,513471.0,0.9983054734604075
5740.0,513572.0,0.9982558641219094
5741.0,513682.0,0.9982239393811816
5742.0,513808.0,0.998223284038015
5743.0,513939.0,0.9982325078537616
5744.0,514082.0,0.9982651947474686
5745.0,514248.0,0.998342680781474
5746.0,514399.0,0.9983911775894297
5747.0,514490.0,0.9983233861954238
5748.0,514564.0,0.9982228076273328
5749.0,514713.0,0.9982678949861961
5750.0,514904.0,0.9983945531372812
5751.0,515038.0,0.9984108073759022
5752.0,515069.0,0.9982275866543794
5753.0,515023.0,0.9978954119331875
5754.0,515020.0,0.9976468425260967
5755.0,515226.0,0.997803296593887
5756.0,515576.0,0.9982386267264517
5757.0,515822.0,0.9984725766498114
5758.0,515958.0,0.9984936800074894
5759.0,516072.0,0.9984723482550253
5760.0,516179.0,0.9984376248181293
5761.0,516239.0,0.9983121650103022
5762.0,516211.0,0.9980167655525783
5763.0,516250.0,0.9978511447788976
5764.0,516539.0,0.9981688392920546
5765.0,516850.0,0.9985290128691631
5766.0,517034.0,0.9986438418623925
5767.0,517163.0,0.9986525354180538
5768.0,517265.0,0.9986092240696617
5769.0,517361.0,0.9985544755799949
5770.0,517489.0,0.9985616223854248
5771.0,517619.0,0.9985727432531695
5772.0,517740.0,0.9985666179162825
5773.0,517879.0,0.9985953195969844
5774.0,518003.0,0.9985952048919869
5775.0,518124.0,0.998589420632348
5776.0,518277.0,0.9986454091864215
5777.0,518421.0,0.9986841423499744
5778.0,518536.0,0.9986671121094102
5779.0,518642.0,0.9986328662527928
5780.0,518695.0,0.9984967146673044
5781.0,518683.0,0.9982356338345448
5782.0,518731.0,0.9980902237858248
5783.0,518956.0,0.9982854662631002
5784.0,519194.0,0.9985057142357007
5785.0,519343.0,0.9985548300953124
5786.0,519489.0,0.998598249443135
5787.0,519645.0,0.9986609582577846
5788.0,519782.0,0.9986872217703837
5789.0,519899.0,0.9986751433509143
5790.0,519983.0,0.9985997827840828
5791.0,520070.0,0.9985303030772187
5792.0,520228.0,0.9985972269238628
5793.0,520390.0,0.9986718772320223
5794.0,520541.0,0.9987254674207591
5795.0,520684.0,0.9987637652970555
5796.0,520776.0,0.9987043179328579
5797.0,520809.0,0.9985318547170391
5798.0,520911.0,0.9984918067119581
5799.0,521130.0,0.9986760641399011
5800.0,521328.0,0.9988200704948307
5801.0,521474.0,0.9988644732168706
5802.0,521584.0,0.9988399812143539
5803.0,521628.0,0.998689204596671
5804.0,521656.0,0.9985079363814118
5805.0,521750.0,0.9984531166552699
5806.0,521900.0,0.9985055224736222
5807.0,522096.0,0.9986459489934759
5808.0,522268.0,0.9987404705920594
5809.0,522410.0,0.9987776467442264
5810.0,522550.0,0.9988110358236192
5811.0,522670.0,0.99880624139091
5812.0,522789.0,0.9987995885325708
5813.0,522924.0,0.9988235481491026
5814.0,523053.0,0.9988360852877781
5815.0,523156.0,0.9987990227057809
5816.0,523249.0,0.9987429332817601
5817.0,523393.0,0.9987842342220066
5818.0,523567.0,0.998882790911862
5819.0,523708.0,0.9989183956409152
5820.0,523831.0,0.9989196951141275
5821.0,523959.0,0.9989305613175945
5822.0,524079.0,0.9989262071106313
5823.0,524187.0,0.998899019022287
5824.0,524305.0,0.9988909251375647
5825.0,524432.0,0.9989000057170712
5826.0,524552.0,0.9988957785595909
5827.0,524681.0,0.9989087127482804
5828.0,524820.0,0.9989406980348844
5829.0,524952.0,0.9989593692466816
5830.0,525062.0,0.998936196359371
5831.0,525158.0,0.9988864234660965
5832.0,525274.0,0.9988747227531243
5833.0,525398.0,0.9988782518024079
5834.0,525516.0,0.9988703879504571
5835.0,525650.0,0.9988929440947141
5836.0,525793.0,0.9989325983693255
5837.0,525919.0,0.9989399523447067
5838.0,526030.0,0.9989188248186923
5839.0,526149.0,0.9989129003018018
5840.0,526272.0,0.9989145741754715
5841.0,526389.0,0.9989048629465124
5842.0,526509.0,0.9989008478212341
5843.0,526638.0,0.9989139038370614
5844.0,526763.0,0.9989193651088856
5845.0,526869.0,0.9988887974966373
5846.0,526948.0,0.9988070640876526
5847.0,527037.0,0.9987443184512959
5848.0,527176.0,0.998776332894931
5849.0,527331.0,0.9988386431945133
5850.0,527453.0,0.9988384393045477
5851.0,527310.0,0.9983365299668634
5852.0,525785.0,0.9952189802894188
5853.0,522420.0,0.9886208943587594
5854.0,521673.0,0.9869790000040402
5855.0,524985.0,0.9930155311541911
5856.0,527137.0,0.9968556458922343
5857.0,527197.0,0.9967387943759791
5858.0,527360.0,0.9968167131755293
5859.0,528011.0,0.9978168293531221
5860.0,528443.0,0.9984027511203566
5861.0,528615.0,0.9984973229462526
5862.0,528667.0,0.9983652712349652
5863.0,528813.0,0.9984107918581816
5864.0,529031.0,0.9985922374830051
5865.0,529122.0,0.9985339731736386
5866.0,529104.0,0.9982701277903433
5867.0,529226.0,0.9982705303140037
5868.0,529491.0,0.9985406582578624
5869.0,529699.0,0.9987032446234817
5870.0,529840.0,0.9987395161113902
5871.0,529955.0,0.998726828700198
5872.0,530058.0,0.9986915961107368
5873.0,530165.0,0.998663975171549
5874.0,530290.0,0.9986703285291102
5875.0,530422.0,0.9986899241224032
5876.0,530540.0,0.9986832250039555
5877.0,530638.0,0.9986389598325666
5878.0,530733.0,0.9985891427248252
5879.0,530833.0,0.9985488286070312
5880.0,530924.0,0.9984916839431031
5881.0,531036.0,0.9984741297455824
5882.0,531167.0,0.9984923816026361
5883.0,531258.0,0.9984355339300511
5884.0,531357.0,0.9983938301117907
5885.0,531520.0,0.9984724593958237
5886.0,531660.0,0.9985079476181343
5887.0,531332.0,0.997664764617648
5888.0,527803.0,0.9908130149403622
5889.0,517247.0,0.9707761106849048
5890.0,510136.0,0.9572125638337612
5891.0,518651.0,0.9729690421068289
5892.0,528700.0,0.9915955422235259
5893.0,531427.0,0.9964841441486691
5894.0,528844.0,0.9914160607614733
5895.0,520046.0,0.9747018526816036
5896.0,514440.0,0.963976607787935
5897.0,521870.0,0.9776781401690715
5898.0,530226.0,0.9931079854736343
5899.0,532741.0,0.9975933183544695
5900.0,533156.0,0.9981452463679444
5901.0,533352.0,0.9982871437829726
5902.0,533494.0,0.9983280548827679
5903.0,533608.0,0.998316693111153
5904.0,533708.0,0.9982792825070222
5905.0,533802.0,0.9982308032656814
5906.0,533909.0,0.998206787927717
5907.0,534042.0,0.9982315219458842
5908.0,534142.0,0.9981947167539377
5909.0,534142.0,0.9979712356902299
5910.0,534154.0,0.9977704162019538
5911.0,534345.0,0.9979041224570696
5912.0,534542.0,0.9980491224388355
5913.0,534574.0,0.9978862062586676
5914.0,534551.0,0.9976208727934367
5915.0,534680.0,0.9976394262678732
5916.0,534881.0,0.9977924436106063
5917.0,535085.0,0.9979511502245885
5918.0,535264.0,0.9980633353887924
5919.0,535393.0,0.9980824273305444
5920.0,535505.0,0.9980699954554078
5921.0,535600.0,0.9980260630292718
5922.0,535688.0,0.9979692829387538
5923.0,535818.0,0.9979909312296616
5924.0,535963.0,0.998040680353102
5925.0,536094.0,0.9980645237604194
5926.0,536212.0,0.9980643422368599
5927.0,536298.0,0.9980047965914562
5928.0,536358.0,0.997897091314299
5929.0,536405.0,0.9977654416690978
5930.0,536487.0,0.9976991307475853
5931.0,536659.0,0.9978003783551382
5932.0,536824.0,0.9978887658919888
5933.0,536898.0,0.9978081927826248
5934.0,536919.0,0.9976293784490362
5935.0,537014.0,0.9975883119781889
5936.0,537195.0,0.9977071926033425
5937.0,537355.0,0.9977872353479997
5938.0,537491.0,0.9978228985776404
5939.0,537621.0,0.9978476223203894
5940.0,537722.0,0.9978187362907068
5941.0,537793.0,0.9977344223958556
5942.0,537887.0,0.9976930252750161
5943.0,538022.0,0.9977278992393699
5944.0,538161.0,0.9977703978443928
5945.0,538289.0,0.9977927139292573
5946.0,538399.0,0.9977818901853122
5947.0,538442.0,0.9976471611110043
5948.0,538410.0,0.997373789230708
5949.0,538479.0,0.9972878259739142
5950.0,538704.0,0.9974909938372749
5951.0,538883.0,0.9976091564075814
5952.0,538946.0,0.9975128104722913
5953.0,539010.0,0.9974185998888726
5954.0,539150.0,0.9974652807800644
5955.0,539227.0,0.9973956604507396
5956.0,539159.0,0.997058174007443
5957.0,539213.0,0.9969466482389594
5958.0,539501.0,0.9972679737638424
5959.0,539748.0,0.9975136480620121
5960.0,539890.0,0.997565467517565
5961.0,540010.0,0.9975768856235623
5962.0,540130.0,0.9975885629435216
5963.0,540235.0,0.9975728033190654
5964.0,540323.0,0.997525933997103
5965.0,540383.0,0.9974276732457884
5966.0,540460.0,0.9973610982622242
5967.0,540594.0,0.9973999917048603
5968.0,540738.0,0.9974575925541966
5969.0,540864.0,0.9974822527700766
5970.0,540979.0,0.9974869022279335
5971.0,541083.0,0.9974715557044811
5972.0,541178.0,0.9974399141105097
5973.0,541266.0,0.997395675258864
5974.0,541334.0,0.9973148989548343
5975.0,541368.0,0.9971718227842513
5976.0,541429.0,0.9970788231569908
5977.0,541554.0,0.9971039953943795
5978.0,541701.0,0.9971699548197406
5979.0,541842.0,0.9972251464857238
5980.0,541985.0,0.9972842998194595
5981.0,542115.0,0.9973198194862446
5982.0,542221.0,0.9973114898921482
5983.0,542287.0,0.9972299171850062
5984.0,542313.0,0.9970751482786645
5985.0,542389.0,0.9970126667827246
5986.0,542533.0,0.9970754994707478
5987.0,542656.0,0.9971000400856995
5988.0,542761.0,0.9970918253630477
5989.0,542862.0,0.9970765912450169
5990.0,542930.0,0.9970010905387281
5991.0,542960.0,0.9968561819482313
5992.0,543086.0,0.9968878795783105
5993.0,543285.0,0.997053869355632
5994.0,543432.0,0.9971247150255809
5995.0,543541.0,0.9971261588692603
5996.0,543647.0,0.9971224393663055
5997.0,543747.0,0.9971080605548367
5998.0,543843.0,0.9970866978592661
5999.0,543945.0,0.9970766881524367
6000.0,544043.0,0.9970597001213056
6001.0,544122.0,0.997008255281134
6002.0,544154.0,0.9968710811727027
6003.0,544195.0,0.9967508003584062
6004.0,544343.0,0.9968268673301814
6005.0,544504.0,0.9969270655728508
6006.0,544590.0,0.9968902963859012
6007.0,544585.0,0.9966873591860053
6008.0,544562.0,0.9964519299706874
6009.0,544707.0,0.9965243108045116
6010.0,544970.0,0.9968128695637987
6011.0,545142.0,0.9969352722198291
6012.0,545202.0,0.9968532206224647
6013.0,545232.0,0.9967167358154532
6014.0,545324.0,0.9966940005504722
6015.0,545417.0,0.9966734827417968
6016.0,545405.0,0.9964615200863451
6017.0,545480.0,0.9964089436793047
6018.0,545709.0,0.9966380280662014
6019.0,545845.0,0.9966976003729273
6020.0,545850.0,0.9965183854175037
6021.0,545855.0,0.9963396326198375
6022.0,545934.0,0.9962963892790374
6023.0,546066.0,0.9963502646243018
6024.0,546179.0,0.9963698599486428
6025.0,546371.0,0.9965339404057197
6026.0,546539.0,0.9966545993359794
6027.0,546630.0,0.9966352319408697
6028.0,546751.0,0.9966709685624257
6029.0,546896.0,0.9967508454971578
6030.0,547018.0,0.9967891960985859
6031.0,547116.0,0.9967842237795651
6032.0,547220.0,0.9967906013327053
6033.0,547321.0,0.9967919337985299
6034.0,547409.0,0.9967700173433783
6035.0,547511.0,0.9967740219375796
6036.0,547619.0,0.9967893738834197
6037.0,547716.0,0.9967851310749305
6038.0,547813.0,0.9967813216419633
6039.0,547910.0,0.996777947606318
6040.0,547999.0,0.9967604597152957
6041.0,548088.0,0.9967434164874253
6042.0,548168.0,0.9967104556058932
6043.0,548250.0,0.9966815850928102
6044.0,548354.0,0.9966931571586424
6045.0,548466.0,0.99671971047244
6046.0,548559.0,0.9967121813105609
6047.0,548645.0,0.9966923897471776
6048.0,548746.0,0.9967003036279409
6049.0,548853.0,0.9967195665444708
6050.0,548951.0,0.9967229395039457
6051.0,549020.0,0.9966741257266799
6052.0,549087.0,0.9966221611778432
6053.0,549200.0,0.9966541571149609
6054.0,549315.0,0.9966902374560531
6055.0,549385.0,0.9966451391887177
6056.0,549446.0,0.9965842032825545
6057.0,549562.0,0.9966235032469066
6058.0,549693.0,0.9966904627217789
6059.0,549798.0,0.9967107423042282
6060.0,549892.0,0.9967115565498016
6061.0,549988.0,0.9967164769127801
6062.0,550070.0,0.9966965124461372
6063.0,550017.0,0.9964324696270425
6064.0,549416.0,0.9951763924143071
6065.0,548363.0,0.9931026403176402
6066.0,548508.0,0.9931993262348279
6067.0,549784.0,0.99534406656518
6068.0,550548.0,0.9965618052642466
6069.0,550763.0,0.9967860442751495
6070.0,550860.0,0.9967971862347952
6071.0,550955.0,0.9968052096871705
6072.0,551055.0,0.996822780977521
6073.0,551152.0,0.9968354285709223
6074.0,551239.0,0.9968304987294043
6075.0,551319.0,0.9968134264313743
6076.0,551402.0,0.9968022974035209
6077.0,551472.0,0.9967681914997428
6078.0,551514.0,0.9966840143484582
6079.0,551597.0,0.9966744675148542
6080.0,551724.0,0.9967449372041234
6081.0,551810.0,0.9967418508444359
6082.0,551854.0,0.9966634397176486
6083.0,551895.0,0.9965801656818221
6084.0,551941.0,0.9965064768172731
6085.0,552016.0,0.9964856949370624
6086.0,552162.0,0.9965936029076561
6087.0,552334.0,0.9967489352993184
6088.0,552477.0,0.9968524341642181
6089.0,552562.0,0.9968518084442587
6090.0,552609.0,0.9967831841537765
6091.0,552693.0,0.9967818573139503
6092.0,552812.0,0.9968441927673454
6093.0,552921.0,0.9968890309328794
6094.0,553031.0,0.9969362115586269
6095.0,553140.0,0.996982131090104
6096.0,553221.0,0.9969781348101147
6097.0,553294.0,0.9969602847454302
6098.0,553379.0,0.9969646212249577
6099.0,553458.0,0.9969587126814962
6100.0,553477.0,0.9968453086709614
6101.0,553142.0,0.9960950254250746
6102.0,552263.0,0.9943660449571303
6103.0,552030.0,0.9938011148721222
6104.0,553011.0,0.9954221280201014
6105.0,553811.0,0.9967174926094816
6106.0,554010.0,0.9969315720012348
6107.0,553946.0,0.9966729751824509
6108.0,553909.0,0.9964636081621484
6109.0,554130.0,0.9967189535685965
6110.0,554398.0,0.9970593414010199
6111.0,554527.0,0.9971502731193786
6112.0,554604.0,0.9971482783031492
6113.0,554682.0,0.9971486762402864
6114.0,554774.0,0.9971748349242181
6115.0,554860.0,0.9971908019793587
6116.0,554941.0,0.997198380863282
6117.0,555046.0,0.997249681529202
6118.0,555149.0,0.9972979805147786
6119.0,555174.0,0.9972067697347086
6120.0,554783.0,0.9963690732836332
6121.0,553085.0,0.9931852104772392
6122.0,551157.0,0.98958985831311
6123.0,552229.0,0.9913817931733883
6124.0,554600.0,0.9955055653668297
6125.0,555578.0,0.9971287603885437
6126.0,555764.0,0.9973308865614452
6127.0,555862.0,0.9973756870097177
6128.0,555940.0,0.9973852215845395
6129.0,555999.0,0.9973613001846515
6130.0,556111.0,0.9974330762661268
6131.0,556251.0,0.9975556811556553
6132.0,556366.0,0.997634062029775
6133.0,556455.0,0.9976664453711842
6134.0,556336.0,0.9973265852116562
6135.0,555109.0,0.995001425741701
6136.0,552024.0,0.9893475522651916
6137.0,549973.0,0.9855486576406123
6138.0,551861.0,0.988809139957638
6139.0,554476.0,0.9933719171304669
6140.0,551950.0,0.9887249891909702
6141.0,543014.0,0.9725988217967366
6142.0,540143.0,0.9673389978996956
6143.0,548785.0,0.9826971622282639
6144.0,555644.0,0.9948598825202656
6145.0,557316.0,0.9977343297002534
6146.0,557503.0,0.9979505541647213
6147.0,557503.0,0.9978326982965384
6148.0,557505.0,0.9977191196043449
6149.0,557580.0,0.9977368663888672
6150.0,557697.0,0.9978304297894223
6151.0,557808.0,0.9979139142291865
6152.0,557939.0,0.9980338340448076
6153.0,558102.0,0.9982116421710403
6154.0,558189.0,0.9982541763457299
6155.0,558228.0,0.9982115538500976
6156.0,558318.0,0.9982608154874767
6157.0,558397.0,0.9982910903846726
6158.0,558450.0,0.9982755734200801
6159.0,558464.0,0.998191045932824
6160.0,557844.0,0.9969741536410673
6161.0,555286.0,0.9922950210546482
6162.0,552606.0,0.9873996048367026
6163.0,554199.0,0.9901401387547122
6164.0,557440.0,0.9958248165285425
6165.0,558792.0,0.998134795453059
6166.0,559027.0,0.9984499804996979
6167.0,559077.0,0.9984354263974733
6168.0,558884.0,0.9979876688071825
6169.0,558462.0,0.9971318401518365
6170.0,558591.0,0.9972606116555701
6171.0,559206.0,0.9982576513646241
6172.0,559500.0,0.9986822417886643
6173.0,559481.0,0.9985488366260036
6174.0,559605.0,0.9986713824070977
6175.0,559829.0,0.9989730754076768
6176.0,559947.0,0.99908630994651
6177.0,560034.0,0.9991449494934611
6178.0,560153.0,0.9992613984332405
6179.0,560218.0,0.9992822411290632
6180.0,560242.0,0.9992306935511438
6181.0,560362.0,0.9993511044811235
6182.0,560520.0,0.9995400003477835
6183.0,560621.0,0.9996279728067157
6184.0,560704.0,0.9996845856561942
6185.0,560792.0,0.9997508530502646
6186.0,560862.0,0.9997857752161868
6187.0,560909.0,0.9997804507621688
6188.0,560932.0,0.9997331103862608
6189.0,560715.0,0.9992588304144954
6190.0,559340.0,0.9967218842544437
6191.0,556869.0,0.9922332775291522
6192.0,556877.0,0.9921629239926534
6193.0,559532.0,0.9968089883922374
6194.0,561172.0,0.9996469635381453
6195.0,561555.0,1.0002462599357398
6196.0,561659.0,1.0003493164585548
6197.0,561741.0,1.000413953464876
6198.0,561780.0,1.0004027864675256
6199.0,561717.0,1.0002107787494887
6200.0,561643.0,1.0
