wave,flux,norm
3800.0,149020.0,0.8912113137881054
3801.0,159569.0,0.9525690559889824
3802.0,164246.0,0.9787534903648729
3803.0,166142.0,0.9883411704533749
3804.0,166253.0,0.9873333921801484
3805.0,164071.0,0.9727709546718808
3806.0,159798.0,0.9459141099956151
3807.0,156468.0,0.9247498303065803
3808.0,159348.0,0.9403295739277063
3809.0,164916.0,0.9717331606275441
3810.0,167775.0,0.9871379691893635
3811.0,167060.0,0.981532574331326
3812.0,161487.0,0.9474718581344139
3813.0,154037.0,0.9025366205591328
3814.0,151881.0,0.8887270691719743
3815.0,152910.0,0.8935931269304462
3816.0,155749.0,0.9090370904797841
3817.0,162037.0,0.9445740623657276
3818.0,166007.0,0.9665546995665462
3819.0,163536.0,0.9510514229329132
3820.0,157141.0,0.9128149997409573
3821.0,156977.0,0.9108431506914129
3822.0,163227.0,0.9460742792689388
3823.0,163988.0,0.949471603917345
3824.0,157332.0,0.9099851859850281
3825.0,152595.0,0.8816886458336021
3826.0,153704.0,0.8872128138573495
3827.0,156585.0,0.9029634241954444
3828.0,157538.0,0.9075948916450809
3829.0,158898.0,0.9145782698654912
3830.0,161540.0,0.9289384789931083
3831.0,160287.0,0.920911661538805
3832.0,153221.0,0.8795465129061328
3833.0,147305.0,0.8448635671994129
3834.0,141336.0,0.8099493766868543
3835.0,135741.0,0.7772472634772961
3836.0,140286.0,0.8026243735462028
3837.0,151160.0,0.8641541321597217
3838.0,156150.0,0.8919875251780184
3839.0,157027.0,0.8963124440125967
3840.0,155381.0,0.8862511872313155
3841.0,155550.0,0.8865596752228809
3842.0,161792.0,0.9214652217013745
3843.0,166998.0,0.9504334662373863
3844.0,169331.0,0.9630298753044483
3845.0,169358.0,0.9625112760245891
3846.0,169204.0,0.960973118505024
3847.0,170666.0,0.9686157010142153
3848.0,171032.0,0.9700381717917319
3849.0,167000.0,0.9465371170765557
3850.0,161936.0,0.9172269013406338
3851.0,163585.0,0.9259578618256168
3852.0,169141.0,0.9567817411106714
3853.0,172718.0,0.9763811744528388
3854.0,174011.0,0.9830544775887091
3855.0,171399.0,0.9676743502119919
3856.0,166135.0,0.9373522471967167
3857.0,164419.0,0.9270748930210511
3858.0,163011.0,0.9185460772222708
3859.0,159312.0,0.8971261967176624
3860.0,160345.0,0.9023623916353342
3861.0,168338.0,0.9467328643221721
3862.0,175633.0,0.9871202312007745
3863.0,178162.0,1.0006824482804229
3864.0,176623.0,0.9913889323579521
3865.0,172696.0,0.9687076741789722
3866.0,171586.0,0.961841967282173
3867.0,174172.0,0.9756837940362993
3868.0,175916.0,0.9847866604958202
3869.0,174533.0,0.9763765247018732
3870.0,166754.0,0.932213968157124
3871.0,150309.0,0.8396924106910755
3872.0,136645.0,0.7628179902498762
3873.0,139748.0,0.7795796293194062
3874.0,152636.0,0.8508539800126674
3875.0,163388.0,0.910115664708089
3876.0,166509.0,0.9268030128530643
3877.0,159559.0,0.8874399186830699
3878.0,150374.0,0.8357044165211318
3879.0,152734.0,0.8481487873644746
3880.0,160228.0,0.8890473965386915
3881.0,160357.0,0.8890335337621383
3882.0,155342.0,0.8605103336808732
3883.0,155342.0,0.8597774628134103
3884.0,164113.0,0.9075338528753125
3885.0,169352.0,0.9356756196941273
3886.0,164757.0,0.9094653847623327
3887.0,159457.0,0.8793972780678687
3888.0,151846.0,0.8366344871054988
3889.0,143611.0,0.7905009163137836
3890.0,150661.0,0.8284931185038323
3891.0,164885.0,0.9058023858491251
3892.0,171600.0,0.9417257632155036
3893.0,171050.0,0.9377249060682649
3894.0,167319.0,0.9162899635323649
3895.0,161013.0,0.8807927819368798
3896.0,163122.0,0.8913331645101858
3897.0,168997.0,0.922381501890132
3898.0,168118.0,0.9165136887141259
3899.0,167689.0,0.9130853631238274
3900.0,167544.0,0.9111854283799989
3901.0,165291.0,0.8978160368721286
3902.0,163299.0,0.8858726578003732
3903.0,169042.0,0.9158440782489241
3904.0,175891.0,0.9516984914615652
3905.0,170156.0,0.9194365015518107
3906.0,164201.0,0.886051610313926
3907.0,171532.0,0.9243305953850705
3908.0,180598.0,0.9718168989787281
3909.0,182696.0,0.9817037045224695
3910.0,178802.0,0.9593881745812712
3911.0,180550.0,0.9673440523274
3912.0,186289.0,0.9966053729244855
3913.0,182734.0,0.9761108446065059
3914.0,176435.0,0.941021780299288
3915.0,175569.0,0.9349523694707363
3916.0,178418.0,0.9486341690290816
3917.0,183980.0,0.9766547177971688
3918.0,187418.0,0.9933084725936588
3919.0,183532.0,0.9711342458796596
3920.0,172111.0,0.9092077415456287
3921.0,165043.0,0.87042466697977
3922.0,169686.0,0.893413272545577
3923.0,178829.0,0.9399603410970613
3924.0,187227.0,0.9824225114504054
3925.0,190367.0,0.9971786019766578
3926.0,186704.0,0.9762920209905599
3927.0,174844.0,0.912673035930857
3928.0,161131.0,0.8396062338197803
3929.0,155441.0,0.8085149519159144
3930.0,146070.0,0.7584089355013316
3931.0,125327.0,0.6495329203442259
3932.0,93388.8,0.483125278075383
3933.0,60944.2,0.31470256133548175
3934.0,54017.0,0.2784171172021397
3935.0,79215.5,0.4075379091767065
3936.0,117563.0,0.603692571451674
3937.0,151193.0,0.7749243171643605
3938.0,172205.0,0.8809495818014567
3939.0,183477.0,0.9368283597665036
3940.0,188430.0,0.9602782895252445
3941.0,189653.0,0.9646530751685645
3942.0,188551.0,0.9571951953771928
3943.0,181750.0,0.9208784942860148
3944.0,177541.0,0.8977986930884044
3945.0,187063.0,0.9440976109148188
3946.0,198026.0,0.9974620030808846
3947.0,200334.0,1.0070952327585958
3948.0,197892.0,0.9928475768851545
3949.0,196076.0,0.9817798649802439
3950.0,195941.0,0.9791457853019305
3951.0,194741.0,0.9712006116383859
3952.0,189352.0,0.9424281646806026
3953.0,188296.0,0.935284413375219
3954.0,197524.0,0.9791388620075292
3955.0,203224.0,1.0053538206824488
3956.0,200445.0,0.989592804891366
3957.0,198432.0,0.9776611375809862
3958.0,200824.0,0.9874286107731042
3959.0,204143.0,1.0016967853691765
3960.0,202689.0,0.9925263256337613
3961.0,192916.0,0.9427329237972156
3962.0,183258.0,0.8936975618032448
3963.0,182762.0,0.8894458198804426
3964.0,185712.0,0.9019415996113664
3965.0,178976.0,0.8674353525695112
3966.0,154790.0,0.74866620606517
3967.0,114638.0,0.5533197909754333
3968.0,76541.8,0.3686786053931413
3969.0,72112.2,0.34662444025265166
3970.0,104328.0,0.5004401207166694
3971.0,143954.0,0.6890893357098723
3972.0,169824.0,0.8112435972156438
3973.0,183034.0,0.872538100988583
3974.0,190978.0,0.9085241794416785
3975.0,199463.0,0.9469264298003983
3976.0,206746.0,0.9794721416758104
3977.0,209284.0,0.9894469933672433
3978.0,210801.0,0.9945606501487874
3979.0,213460.0,1.0050273705124084
3980.0,214128.0,1.0060936641563794
3981.0,208974.0,0.9798546989468583
3982.0,200903.0,0.9400724548627227
3983.0,200510.0,0.9363054350399332
3984.0,208426.0,0.9712728097527903
3985.0,213707.0,0.9938417798906246
3986.0,211579.0,0.9819325775501293
3987.0,208675.0,0.9664773578788104
3988.0,211330.0,0.9767787870887944
3989.0,214424.0,0.9890631443880354
3990.0,215425.0,0.9916630789672642
3991.0,217492.0,0.999150030200998
3992.0,219483.0,1.0062589207871646
3993.0,218222.0,0.9984607226761896
3994.0,213072.0,0.9729369424998626
3995.0,210519.0,0.9593516495481144
3996.0,213290.0,0.9700356509831067
3997.0,213975.0,0.9712107116214185
3998.0,212121.0,0.9608818083365022
3999.0,213101.0,0.9634083704057733
4000.0,214720.0,0.9688106141653592
4001.0,215224.0,0.9691733966979081
4002.0,218817.0,0.983420525921959
4003.0,222336.0,0.9972832849700995
4004.0,220080.0,0.9852423776557878
4005.0,213833.0,0.9554199201277068
4006.0,211629.0,0.9437461482792986
4007.0,215347.0,0.9584793710868236
4008.0,220797.0,0.9808545186224633
4009.0,223406.0,0.9905520353140107
4010.0,224163.0,0.9920211939270219
4011.0,223455.0,0.9870181951515299
4012.0,220450.0,0.971911513282064
4013.0,220545.0,0.9705073743576257
4014.0,222914.0,0.9791007968864947
4015.0,224223.0,0.983019351983634
4016.0,224390.0,0.9819302714756782
4017.0,223464.0,0.9760753180624917
4018.0,223687.0,0.9752556363085281
4019.0,223435.0,0.9723759692014191
4020.0,222230.0,0.9653711045776214
4021.0,223650.0,0.9697781469596869
4022.0,226468.0,0.9802243407061942
4023.0,227497.0,0.9829076230051613
4024.0,224853.0,0.9697445132835908
4025.0,221602.0,0.9540192539737731
4026.0,223153.0,0.9589902610321864
4027.0,226107.0,0.9699662907556433
4028.0,226431.0,0.9696451485826276
4029.0,225018.0,0.961903798040212
4030.0,220272.0,0.9399704785765685
4031.0,216832.0,0.9236808073669057
4032.0,216447.0,0.920442803010861
4033.0,212562.0,0.9023615921008517
4034.0,210121.0,0.8904657093620156
4035.0,215802.0,0.9129752045785808
4036.0,225273.0,0.9514181397001182
4037.0,230740.0,0.9728523062454156
4038.0,232802.0,0.979885712384659
4039.0,232561.0,0.9772219968392803
4040.0,230276.0,0.9659965434511619
4041.0,229810.0,0.962430251681176
4042.0,231815.0,0.969210714436507
4043.0,231986.0,0.9683171921043221
4044.0,228734.0,0.9531661952914802
4045.0,222366.0,0.9251052817893598
4046.0,220102.0,0.914185750596297
4047.0,225886.0,0.9366778510382927
4048.0,229920.0,0.9518553204456337
4049.0,230456.0,0.952529043603972
4050.0,232106.0,0.9578011067246407
4051.0,235128.0,0.9687122793589237
4052.0,235801.0,0.9699297859343964
4053.0,233961.0,0.960826596478655
4054.0,233361.0,0.9568401620407109
4055.0,234635.0,0.9605415321075295
4056.0,236078.0,0.9649254232552446
4057.0,236761.0,0.9661974942466064
4058.0,236217.0,0.9624695850808036
4059.0,236368.0,0.9615840854197073
4060.0,238505.0,0.9687715557496225
4061.0,239960.0,0.9731742650590944
4062.0,236762.0,0.9587252944747968
4063.0,229872.0,0.9293969005320063
4064.0,228510.0,0.9224776153272964
4065.0,231765.0,0.9341926896617194
4066.0,230991.0,0.9296600095486875
4067.0,232049.0,0.9325062379914993
4068.0,238016.0,0.9550445089930383
4069.0,242505.0,0.9715966722365297
4070.0,241497.0,0.9661117297245031
4071.0,235594.0,0.941093018817759
4072.0,233541.0,0.9315079707425518
4073.0,238100.0,0.9482881816229293
4074.0,240062.0,0.9546941024225875
4075.0,239058.0,0.9493062474762296
4076.0,236908.0,0.9393931030520932
4077.0,231140.0,0.9151866278595944
4078.0,230083.0,0.9096793218420232
4079.0,238320.0,0.9408834310440655
4080.0,245209.0,0.9666863067280038
4081.0,247575.0,0.9746126764066299
4082.0,247168.0,0.9716187405300243
4083.0,243930.0,0.9575235785459983
4084.0,239586.0,0.9391361478239794
4085.0,239458.0,0.9373063385568756
4086.0,244031.0,0.953859690667819
4087.0,248242.0,0.968956430772777
4088.0,250681.0,0.977106904530153
4089.0,251687.0,0.9796598182306735
4090.0,251706.0,0.9783721589019796
4091.0,251198.0,0.9750454216205797
4092.0,250461.0,0.970843140104933
4093.0,250366.0,0.9691404346457687
4094.0,250043.0,0.9665639179861707
4095.0,248664.0,0.9599208044473869
4096.0,247982.0,0.9559855803402395
4097.0,248923.0,0.9583121080410244
4098.0,249709.0,0.9600392059215984
4099.0,247046.0,0.9485221379972206
4100.0,235289.0,0.9021695718510658
4101.0,214597.0,0.8217299697692054
4102.0,207465.0,0.7933617542134518
4103.0,223826.0,0.8547909046456617
4104.0,240848.0,0.9185807272486924
4105.0,248260.0,0.9456010319780086
4106.0,250435.0,0.9526318032592206
4107.0,251059.0,0.953754640459817
4108.0,251664.0,0.9548050839870652
4109.0,251157.0,0.9516420026354298
4110.0,251230.0,0.9506845132957878
4111.0,253611.0,0.958454541656269
4112.0,256051.0,0.9664298089273334
4113.0,257395.0,0.9702557805116845
4114.0,257965.0,0.9711606641496493
4115.0,258505.0,0.9719530164614384
4116.0,259094.0,0.9729299175932838
4117.0,258096.0,0.967955059495095
4118.0,254659.0,0.9538596924999251
4119.0,252430.0,0.9443213329510864
4120.0,253261.0,0.9462422258774895
4121.0,253892.0,0.947414428360389
4122.0,254798.0,0.9496110278736598
4123.0,256496.0,0.9547526321819954
4124.0,258012.0,0.9592072907109408
4125.0,259121.0,0.9621421260372806
4126.0,259291.0,0.9615898252832515
4127.0,258256.0,0.9565779566173777
4128.0,257494.0,0.9525906582517386
4129.0,258267.0,0.954287185124364
4130.0,258615.0,0.9544134654619988
4131.0,255234.0,0.9407966025720322
4132.0,250758.0,0.923183557777272
4133.0,251672.0,0.9254349294089996
4134.0,254638.0,0.9352195748643787
4135.0,257835.0,0.9458304354227076
4136.0,261274.0,0.9573049235505803
4137.0,262460.0,0.9605092264221424
4138.0,262974.0,0.9612518111355025
4139.0,263952.0,0.9636889354613953
4140.0,264518.0,0.9646201013431662
4141.0,263916.0,0.9612969287144093
4142.0,260299.0,0.9470146055615526
4143.0,253443.0,0.9209973854221044
4144.0,251309.0,0.9121822660766056
4145.0,257554.0,0.9337678685524738
4146.0,262844.0,0.9518473078478851
4147.0,263633.0,0.9536063197949289
4148.0,262040.0,0.9467571638605885
4149.0,260110.0,0.9387095563630767
4150.0,260989.0,0.940808181660815
4151.0,264210.0,0.9513368679110766
4152.0,265218.0,0.9538844297114453
4153.0,263601.0,0.9469978418740994
4154.0,261360.0,0.9378895656237316
4155.0,261958.0,0.9389800430835985
4156.0,263725.0,0.9442555965750978
4157.0,264531.0,0.9460843520878803
4158.0,265447.0,0.9483039646239856
4159.0,266822.0,0.9521585467002757
4160.0,267846.0,0.954755375819785
4161.0,266728.0,0.9497215268704506
4162.0,265156.0,0.9430859258078639
4163.0,264444.0,0.9395222082970683
4164.0,265276.0,0.9414477217704673
4165.0,268656.0,0.9524037310502533
4166.0,270454.0,0.9577355743098754
4167.0,269086.0,0.9518583897960902
4168.0,268868.0,0.9500593563449535
4169.0,269887.0,0.9526323333559609
4170.0,270130.0,0.9524654647300301
4171.0,268390.0,0.9453162986588023
4172.0,262933.0,0.9251062815203227
4173.0,258450.0,0.9083643898906811
4174.0,259135.0,0.9098042777364277
4175.0,262468.0,0.920529888582432
4176.0,265093.0,0.9287540347449958
4177.0,263157.0,0.920999898469576
4178.0,261698.0,0.914931402860655
4179.0,266308.0,0.9300730986750975
4180.0,269545.0,0.9403946437585137
4181.0,268194.0,0.9347063001757316
4182.0,267363.0,0.9308418590586804
4183.0,267756.0,0.9312440929805003
4184.0,268519.0,0.9329326374604722
4185.0,269040.0,0.9337793888916053
4186.0,264938.0,0.9185970723219554
4187.0,259786.0,0.8998106375695721
4188.0,261162.0,0.9036518405465375
4189.0,266227.0,0.920238097568563
4190.0,270362.0,0.9335807751359497
4191.0,270162.0,0.9319440139543
4192.0,268676.0,0.9258804417669426
4193.0,270943.0,0.9327507448385942
4194.0,271722.0,0.9344912835420999
4195.0,270338.0,0.9287984336069214
4196.0,272870.0,0.9365591891090138
4197.0,272839.0,0.9355178447586797
4198.0,265478.0,0.9093717802565563
4199.0,262264.0,0.897470203514174
4200.0,265485.0,0.9075924500456685
4201.0,265021.0,0.9051109135419987
4202.0,264771.0,0.9033658054643404
4203.0,269289.0,0.9178773400947259
4204.0,270627.0,0.9215333112887103
4205.0,267986.0,0.9116475569769039
4206.0,266923.0,0.9071453472212907
4207.0,269761.0,0.9158980052281157
4208.0,276062.0,0.9363812303323096
4209.0,277614.0,0.9407334682286866
4210.0,273160.0,0.9247461511704177
4211.0,269350.0,0.9109690742095141
4212.0,269454.0,0.9104446238834032
4213.0,272055.0,0.9183513620593126
4214.0,272279.0,0.9182280993836899
4215.0,263861.0,0.8889900629655302
4216.0,256205.0,0.8623738292644054
4217.0,259453.0,0.8724768583222154
4218.0,266263.0,0.8945286897076282
4219.0,273324.0,0.9173824516889377
4220.0,280802.0,0.9415925903056345
4221.0,282104.0,0.9450683423551719
4222.0,276726.0,0.9261813403240836
4223.0,270334.0,0.9039403438843102
4224.0,268185.0,0.8959165552673027
4225.0,267618.0,0.8931888906448484
4226.0,261228.0,0.8710509508095066
4227.0,258526.0,0.8612412524016787
4228.0,269130.0,0.8957367385597004
4229.0,276022.0,0.9178264339360266
4230.0,272560.0,0.9054791894900264
4231.0,270255.0,0.8969959377393661
4232.0,271229.0,0.8994025961281223
4233.0,272524.0,0.9028693862049293
4234.0,276816.0,0.9162508645181692
4235.0,274220.0,0.9068307570473358
4236.0,260764.0,0.8615480832653913
4237.0,256889.0,0.8479749515899089
4238.0,267849.0,0.8833524672010472
4239.0,280119.0,0.9229834030634765
4240.0,286094.0,0.9418207213684966
4241.0,282700.0,0.929810188383484
4242.0,268423.0,0.8820598340100496
4243.0,260080.0,0.8538782010164776
4244.0,270846.0,0.8884292754673392
4245.0,282986.0,0.927422567430172
4246.0,280398.0,0.9181226431074241
4247.0,268831.0,0.8794659081690753
4248.0,258649.0,0.8454056213968573
4249.0,252596.0,0.8248903975979963
4250.0,256706.0,0.8375717669206015
4251.0,270721.0,0.8825208204342125
4252.0,281060.0,0.9154188024725548
4253.0,276074.0,0.8983898324330143
4254.0,262538.0,0.8535928775748981
4255.0,256598.0,0.8335505013683782
4256.0,267956.0,0.8696868837594636
4257.0,283478.0,0.9192641358984377
4258.0,284092.0,0.9204542694279884
4259.0,277161.0,0.8972186951869554
4260.0,271503.0,0.8781415591694938
4261.0,265437.0,0.8577797274759453
4262.0,268326.0,0.866367602375617
4263.0,278392.0,0.8980944892190502
4264.0,281959.0,0.9088197874529248
4265.0,284868.0,0.9174083828754519
4266.0,285565.0,0.9188654619449989
4267.0,275133.0,0.884541529928642
4268.0,268742.0,0.8632574996314836
4269.0,272505.0,0.8745995139620388
4270.0,270816.0,0.8684397269052067
4271.0,264655.0,0.8479626675733529
4272.0,263675.0,0.8441070046238827
4273.0,260508.0,0.8332631638055619
4274.0,250268.0,0.799833617920535
4275.0,252207.0,0.8053512139192598
4276.0,269609.0,0.860195269246594
4277.0,284704.0,0.9075934290246321
4278.0,285822.0,0.9103935233191679
4279.0,270187.0,0.8598729809715178
4280.0,253535.0,0.8062036011946003
4281.0,258045.0,0.8198602402636813
4282.0,271553.0,0.8620593113963144
4283.0,279297.0,0.8859058573795436
4284.0,275954.0,0.8745755782855483
4285.0,259752.0,0.822544659654305
4286.0,249740.0,0.7901857769759439
4287.0,258940.0,0.8186180809526373
4288.0,267104.0,0.8437314507133197
4289.0,258925.0,0.8172220048533105
4290.0,248642.0,0.784121455255289
4291.0,248166.0,0.781977866204326
4292.0,257599.0,0.8110361907761068
4293.0,266273.0,0.8376596913336256
4294.0,265283.0,0.8338633175252869
4295.0,260996.0,0.8197186128714179
4296.0,254037.0,0.7972122151447021
4297.0,241090.0,0.7559667829965857
4298.0,232072.0,0.7270986298037405
4299.0,220841.0,0.6913498361146075
4300.0,211079.0,0.6602543530743921
4301.0,213413.0,0.667015160429225
4302.0,215288.0,0.6723319414736149
4303.0,211336.0,0.6594577621364465
4304.0,210691.0,0.656915567727769
4305.0,213939.0,0.6665060294835483
4306.0,215358.0,0.6703878896494126
4307.0,206770.0,0.6431380167447559
4308.0,192286.0,0.5976078470362255
4309.0,186416.0,0.5789009295150863
4310.0,185774.0,0.5764463436506195
4311.0,186317.0,0.5776699655181643
4312.0,195330.0,0.6051319079742071
4313.0,218065.0,0.6750272602072452
4314.0,246806.0,0.7633887255803277
4315.0,275208.0,0.8505624377056518
4316.0,300261.0,0.9272559302052878
4317.0,312365.0,0.9638712616686218
4318.0,313660.0,0.9671018135162783
4319.0,312070.0,0.9614393439941303
4320.0,307132.0,0.9454795905242919
4321.0,300487.0,0.9242945800293111
4322.0,288722.0,0.8874065420263693
4323.0,263735.0,0.8099700202020566
4324.0,249784.0,0.7665219792712915
4325.0,258475.0,0.7925702174272092
4326.0,276983.0,0.8486564407029045
4327.0,296528.0,0.9078298869658752
4328.0,306400.0,0.9373199792189346
4329.0,307516.0,0.9399993332863965
4330.0,306978.0,0.9376228045468233
4331.0,309276.0,0.9439056171530675
4332.0,311858.0,0.9510449370055146
4333.0,310760.0,0.9469595121760626
4334.0,309015.0,0.9409105890618101
4335.0,310054.0,0.943341570850288
4336.0,307821.0,0.9358215835485113
4337.0,295888.0,0.8988468008131268
4338.0,282583.0,0.8577647554201672
4339.0,268668.0,0.8148961671022509
4340.0,251530.0,0.7623257868650554
4341.0,255656.0,0.7742328837347956
4342.0,280240.0,0.848029310424201
4343.0,294124.0,0.8893580188588932
4344.0,299064.0,0.9035995903884103
4345.0,307706.0,0.9289960709620818
4346.0,312332.0,0.9422382146758681
4347.0,309569.0,0.9331861955773363
4348.0,308620.0,0.9296121768625851
4349.0,313899.0,0.9447890389409958
4350.0,312943.0,0.9411906625088201
4351.0,300294.0,0.9024574836298508
4352.0,289889.0,0.8705221542913438
4353.0,294481.0,0.8836364700189295
4354.0,301788.0,0.904871356466542
4355.0,299709.0,0.8979526488758568
4356.0,297968.0,0.8920563857491544
4357.0,303777.0,0.9087550689914333
4358.0,305951.0,0.9145624265918147
4359.0,300332.0,0.8970834533664304
4360.0,300676.0,0.8974287888964977
4361.0,309151.0,0.9220237653693414
4362.0,309828.0,0.9233419697820976
4363.0,302885.0,0.9019663909286403
4364.0,305093.0,0.9078534066862969
4365.0,312683.0,0.9297343228131127
4366.0,309496.0,0.9195618698947374
4367.0,302960.0,0.8994618198976112
4368.0,306533.0,0.9093821098875299
4369.0,310093.0,0.9192487776229239
4370.0,305800.0,0.9058383469254851
4371.0,303382.0,0.8979979462274283
4372.0,305110.0,0.9024319740721074
4373.0,302673.0,0.894549537259888
4374.0,292027.0,0.8624354128120206
4375.0,284002.0,0.8381041803715551
4376.0,289600.0,0.8539813197313646
4377.0,301527.0,0.8884835505358578
4378.0,309618.0,0.9116390501571356
4379.0,313009.0,0.9209313067269937
4380.0,312620.0,0.9190963009398572
4381.0,312305.0,0.917481245176497
4382.0,307253.0,0.9019626117952728
4383.0,296506.0,0.8697614969758922
4384.0,295413.0,0.8659059484971425
4385.0,302677.0,0.8865334040049625
4386.0,309478.0,0.9057746457748258
4387.0,313381.0,0.9165113824131774
4388.0,316561.0,0.925118906397536
4389.0,316985.0,0.9256651758391922
4390.0,315038.0,0.9192916993285509
4391.0,315475.0,0.9198788666720067
4392.0,317678.0,0.925610423239303
4393.0,316155.0,0.9204848827231756
4394.0,308441.0,0.8973550654957997
4395.0,303856.0,0.8833559538407635
4396.0,310519.0,0.902052687246274
4397.0,319649.0,0.9278824649131956
4398.0,321504.0,0.9325711499424973
4399.0,316717.0,0.9180007395119929
4400.0,313738.0,0.908688264464133
4401.0,321308.0,0.9299199163354416
4402.0,330415.0,0.9555645984306576
4403.0,329802.0,0.9530812726970124
4404.0,321433.0,0.928204204680514
4405.0,318854.0,0.9200711616927054
4406.0,326630.0,0.9418075253229459
4407.0,332067.0,0.9567718602960775
4408.0,332426.0,0.9570933497383359
4409.0,332771.0,0.9573736548903775
4410.0,335272.0,0.9638512483488112
4411.0,338609.0,0.9727203322427612
4412.0,340773.0,0.978208601518195
4413.0,339625.0,0.9741880237198243
4414.0,331871.0,0.9512382434793984
4415.0,321801.0,0.9216887277882019
4416.0,321134.0,0.9190943269937777
4417.0,324371.0,0.9276683594018413
4418.0,328060.0,0.9375208761046382
4419.0,337065.0,0.9625388740821217
4420.0,343696.0,0.9807448987854344
4421.0,343338.0,0.9789948734081962
4422.0,341433.0,0.9728390694207436
4423.0,343084.0,0.9768163867687126
4424.0,345428.0,0.9827588547906828
4425.0,344152.0,0.9784005118313683
4426.0,339147.0,0.963454669734813
4427.0,333664.0,0.947173577383808
4428.0,336779.0,0.9553051560924617
4429.0,343817.0,0.9745437445202552
4430.0,345812.0,0.9794694559800508
4431.0,347081.0,0.982332457451481
4432.0,349433.0,0.9882534840599718
4433.0,349494.0,0.9876905837898478
4434.0,345736.0,0.9763432183580996
4435.0,341869.0,0.9647045482932793
4436.0,344643.0,0.9718085899788569
4437.0,350677.0,0.9880870248083587
4438.0,353520.0,0.99535618972028
4439.0,353354.0,0.9941482278028021
4440.0,351749.0,0.9888959090839127
4441.0,347982.0,0.977577165923935
4442.0,341749.0,0.9593521767223585
4443.0,335198.0,0.9402617316006001
4444.0,334734.0,0.9382610454337488
4445.0,343778.0,0.9628939195414121
4446.0,351281.0,0.9831765681983107
4447.0,351714.0,0.9836554502109366
4448.0,350822.0,0.9804301280416229
4449.0,350046.0,0.9775329934381852
4450.0,347095.0,0.968570275402538
4451.0,347888.0,0.9700602310628444
4452.0,352824.0,0.9830912809942481
4453.0,354316.0,0.9865133452720289
4454.0,350913.0,0.9763108967320149
4455.0,348741.0,0.969545448100618
4456.0,351963.0,0.9777744059587665
4457.0,355528.0,0.9869427557183922
4458.0,355505.0,0.9861440912532768
4459.0,353492.0,0.9798300956362617
4460.0,351733.0,0.9742285137055718
4461.0,347844.0,0.9627394907865376
4462.0,347100.0,0.9599651129472963
4463.0,351860.0,0.9724053051734524
4464.0,353618.0,0.9765362945737962
4465.0,354022.0,0.9769242782622097
4466.0,354659.0,0.9779536803166651
4467.0,351773.0,0.9692738051809423
4468.0,345305.0,0.9507438826975891
4469.0,344364.0,0.9474474768033904
4470.0,350592.0,0.9638648833527884
4471.0,355624.0,0.9769717488917107
4472.0,359673.0,0.9873601600656385
4473.0,362332.0,0.993919717961986
4474.0,363127.0,0.9953596825446602
4475.0,362462.0,0.9927980414222574
4476.0,361836.0,0.9903464905860176
4477.0,363326.0,0.9936853217988824
4478.0,365252.0,0.9982102965153927
4479.0,365913.0,0.9992734998962364
4480.0,364865.0,0.9956710264237792
4481.0,360154.0,0.9820850184793734
4482.0,354903.0,0.9670473533374476
4483.0,357804.0,0.9742278431703827
4484.0,364215.0,0.9909471672519925
4485.0,367047.0,0.9979108159840232
4486.0,367395.0,0.998115327048358
4487.0,366857.0,0.9959138693556537
4488.0,365321.0,0.9910079801839955
4489.0,362717.0,0.9832139378127829
4490.0,362296.0,0.9813441002933733
4491.0,364996.0,0.9879241543549769
4492.0,367115.0,0.9929226395485045
4493.0,366337.0,0.9900837128657086
4494.0,363446.0,0.9815421156999945
4495.0,363158.0,0.9800373821416569
4496.0,365714.0,0.9862037749480301
4497.0,367869.0,0.9912800928580303
4498.0,369559.0,0.9950964240777442
4499.0,369400.0,0.9939316847852137
4500.0,364171.0,0.9791367219833683
4501.0,357258.0,0.9598389158381765
4502.0,360320.0,0.9673491364637713
4503.0,368982.0,0.9898710575647353
4504.0,373105.0,1.0001915029149904
4505.0,373755.0,1.0011930582371558
4506.0,373262.0,0.9991332375062286
4507.0,371948.0,0.9948801109681259
4508.0,370671.0,0.990731813840534
4509.0,371985.0,0.9935094262814004
4510.0,374298.0,0.998948786937033
4511.0,374812.0,0.9995820449155169
4512.0,374540.0,0.9981194046321585
4513.0,374484.0,0.9972337884626071
4514.0,373810.0,0.9947046584896807
4515.0,372643.0,0.9908680332456438
4516.0,373214.0,0.9916547273480034
4517.0,373916.0,0.9927877652283773
4518.0,373319.0,0.9904723751931922
4519.0,373658.0,0.9906416082062309
4520.0,374218.0,0.9913957699251439
4521.0,373243.0,0.9880849189189339
4522.0,369756.0,0.9781335255468901
4523.0,369096.0,0.9756693772564764
4524.0,372715.0,0.9845113673441268
4525.0,375209.0,0.9903706168705201
4526.0,376214.0,0.992293618571891
4527.0,374141.0,0.986101013027211
4528.0,369073.0,0.9720292777704368
4529.0,367553.0,0.967315452404524
4530.0,370941.0,0.9755155337184908
4531.0,372868.0,0.9798639446696678
4532.0,370755.0,0.973596741575069
4533.0,361891.0,0.9496234427645399
4534.0,356089.0,0.9337140033427384
4535.0,363031.0,0.9512196580900587
4536.0,372985.0,0.9765857543564738
4537.0,379639.0,0.9932804240014733
4538.0,382571.0,1.0002193775264818
4539.0,382962.0,1.0005094364658118
4540.0,382341.0,0.9981568570424052
4541.0,381507.0,0.9952518168090264
4542.0,381845.0,0.995405994276726
4543.0,382378.0,0.9960676780366656
4544.0,381108.0,0.9920349094501338
4545.0,380398.0,0.9894644336391027
4546.0,382209.0,0.9934501530508693
4547.0,383113.0,0.9950740612128578
4548.0,376945.0,0.9783403960616424
4549.0,364096.0,0.9443033453057322
4550.0,362530.0,0.9395574335719742
4551.0,374610.0,0.9701584061575853
4552.0,379914.0,0.9831790767716118
4553.0,373895.0,0.9668991452858992
4554.0,367445.0,0.9495289160069765
4555.0,371149.0,0.9584040218954076
4556.0,378564.0,0.9768418827843925
4557.0,384269.0,0.9908435492622406
4558.0,386896.0,0.9968938149845941
4559.0,387549.0,0.997852521391544
4560.0,388204.0,0.9988148097908642
4561.0,388311.0,0.9983665980703386
4562.0,385219.0,0.9897000342719713
4563.0,377683.0,0.9696366336477483
4564.0,375246.0,0.9626834342336806
4565.0,382726.0,0.9811635380922339
4566.0,389211.0,0.9970678350751928
4567.0,391197.0,1.0014319488442334
4568.0,391458.0,1.0013769444671603
4569.0,390923.0,0.9992871179784917
4570.0,386794.0,0.9880197116423117
4571.0,377561.0,0.9637402285757127
4572.0,373901.0,0.9537106500304381
4573.0,382467.0,0.9748578383202933
4574.0,390726.0,0.995192538701032
4575.0,392687.0,0.9994681864370707
4576.0,392382.0,0.997974280139885
4577.0,392776.0,0.9982589407179494
4578.0,393623.0,0.9996935700102546
4579.0,393488.0,0.9986338074051758
4580.0,392684.0,0.9958788143015526
4581.0,392614.0,0.99498781170843
4582.0,391595.0,0.9916946858267794
4583.0,387612.0,0.9809053638032581
4584.0,386354.0,0.9770224332059338
4585.0,390856.0,0.9877005909039714
4586.0,394764.0,0.996863422441376
4587.0,395983.0,0.999227629249436
4588.0,395036.0,0.9961265692412545
4589.0,391703.0,0.9870175802464457
4590.0,389604.0,0.9810287276862191
4591.0,392060.0,0.986509719604977
4592.0,394168.0,0.9911078132917691
4593.0,395199.0,0.992993179859195
4594.0,397139.0,0.9971581646956016
4595.0,398675.0,1.0003035016827206
4596.0,399416.0,1.0014510157571763
4597.0,399764.0,1.0016121776007474
4598.0,400013.0,1.0015251859321312
4599.0,400125.0,1.0010954970885035
4600.0,399639.0,0.9991712573026471
4601.0,398559.0,0.995765637381009
4602.0,396592.0,0.9901502670514978
4603.0,395739.0,0.987322095445869
4604.0,398373.0,0.9931913903531732
4605.0,401046.0,0.9991495263573681
4606.0,401935.0,1.0006577752143873
4607.0,402199.0,1.0006089656677153
4608.0,402574.0,1.0008361562184054
4609.0,402976.0,1.0011300821031075
4610.0,403078.0,1.0006787973716087
4611.0,402936.0,0.9996228046524239
4612.0,403126.0,0.9993913458462617
4613.0,403519.0,0.9996631069979374
4614.0,403979.0,1.0001003467055496
4615.0,404109.0,0.9997205860947308
4616.0,403784.0,0.9982165264856863
4617.0,404046.0,0.9981647141823319
4618.0,404492.0,0.9985672192972906
4619.0,404654.0,0.9982685505501527
4620.0,405075.0,0.9986088085325124
4621.0,405837.0,0.99978866654757
4622.0,406611.0,1.0009964365372925
4623.0,407083.0,1.001459595836106
4624.0,407237.0,1.001140370064608
4625.0,407066.0,1.0000231998991391
4626.0,406966.0,0.9990819147652265
4627.0,406708.0,0.9977543575707389
4628.0,404415.0,0.9914397945400857
4629.0,401308.0,0.9831398677789366
4630.0,402901.0,0.9863577510151911
4631.0,407129.0,0.9960175912883059
4632.0,408746.0,0.9992808592989644
4633.0,408747.0,0.9985916813593525
4634.0,409083.0,0.9987213665650411
4635.0,409290.0,0.998536209066822
4636.0,409065.0,0.9972981517637824
4637.0,409397.0,0.9974188897372934
4638.0,410303.0,0.9989370040093131
4639.0,411114.0,1.000221962520098
4640.0,411732.0,1.001035984513475
4641.0,412242.0,1.0015865616505761
4642.0,412508.0,1.0015440405886156
4643.0,412667.0,1.0012420454078281
4644.0,412658.0,1.0005332121686894
4645.0,411760.0,0.997671437867676
4646.0,410519.0,0.9939831710342449
4647.0,410898.0,0.9942198385322693
4648.0,412331.0,0.9970048169700861
4649.0,413481.0,0.9991022656618039
4650.0,413884.0,0.9993931898897427
4651.0,413208.0,0.9970801671729712
4652.0,412555.0,0.9948258636256133
4653.0,412845.0,0.9948471177980748
4654.0,412684.0,0.9937824013154272
4655.0,412300.0,0.992182604687328
4656.0,411884.0,0.9905081421905729
4657.0,411820.0,0.9896819934206583
4658.0,413944.0,0.9941117003586493
4659.0,416389.0,0.9993059052913684
4660.0,417430.0,1.0011259775818584
4661.0,417603.0,1.0008633932830213
4662.0,417398.0,0.9996959613422642
4663.0,417440.0,0.9991214233294328
4664.0,417994.0,0.9997724177343584
4665.0,418337.0,0.999918338316407
4666.0,417660.0,0.9976278213493668
4667.0,416293.0,0.9936934997590751
4668.0,416098.0,0.9925603061103183
4669.0,416769.0,0.9934931549057225
4670.0,416874.0,0.9930765809700529
4671.0,417908.0,0.9948723006648668
4672.0,419548.0,0.9981074517792052
4673.0,420263.0,0.9991393265440264
4674.0,420577.0,0.9992172811692145
4675.0,420938.0,0.999406889251591
4676.0,421320.0,0.9996462411636873
4677.0,421559.0,0.9995463846962704
4678.0,421503.0,0.9987478380083026
4679.0,421365.0,0.997756364740505
4680.0,421326.0,0.9970006597327576
4681.0,420792.0,0.9950755830695837
4682.0,420427.0,0.9935526294302146
4683.0,421641.0,0.9957609019103278
4684.0,423115.0,0.9985800585348088
4685.0,423781.0,0.9994900063204427
4686.0,424092.0,0.9995622332862496
4687.0,424377.0,0.9995733260241884
4688.0,424768.0,0.9998341147630885
4689.0,425071.0,0.9998877654337684
4690.0,425036.0,0.9991470065257253
4691.0,424909.0,0.9981913092228347
4692.0,425274.0,0.9983921240291449
4693.0,425892.0,0.999186456412968
4694.0,426285.0,0.9994524397951178
4695.0,426614.0,0.9995683436661577
4696.0,426891.0,0.9995625637109558
4697.0,426919.0,0.9989743690060526
4698.0,426749.0,0.997924164030551
4699.0,426944.0,0.9977285346224819
4700.0,427531.0,0.9984488666154577
4701.0,427466.0,0.9976468205012908
4702.0,425935.0,0.9934268435759338
4703.0,424705.0,0.9899141757961105
4704.0,426152.0,0.9926418894163224
4705.0,428038.0,0.9963882170132179
4706.0,428326.0,0.9964125208369913
4707.0,427490.0,0.9938239846478533
4708.0,426507.0,0.9908975300481004
4709.0,426740.0,0.990798405233979
4710.0,428455.0,0.9941383334479668
4711.0,430065.0,0.9972307458228867
4712.0,430815.0,0.9983265662868704
4713.0,430676.0,0.997362494662706
4714.0,430057.0,0.9952890619265744
4715.0,430204.0,0.9949901967525312
4716.0,431249.0,0.9967675849791672
4717.0,432096.0,0.99808562204835
4718.0,432442.0,0.9982457510853291
4719.0,432596.0,0.9979630334046049
4720.0,432862.0,0.9979391751053693
4721.0,433085.0,0.9978165675260366
4722.0,433189.0,0.9974204116560423
4723.0,433598.0,0.9977268738239771
4724.0,434154.0,0.9983712832626701
4725.0,434538.0,0.9986198994763503
4726.0,434668.0,0.9982851526248545
4727.0,434608.0,0.9975150475607897
4728.0,434697.0,0.9970879958021457
4729.0,435059.0,0.997287594635044
4730.0,435180.0,0.9969351590179656
4731.0,434806.0,0.9954502255472538
4732.0,434696.0,0.9945715061573374
4733.0,434854.0,0.9943070040193303
4734.0,435327.0,0.9947629623790255
4735.0,435952.0,0.9955657904759472
4736.0,435586.0,0.9941062532368908
4737.0,435458.0,0.9931917056015068
4738.0,436662.0,0.9953147580791876
4739.0,437676.0,0.997002683267136
4740.0,437914.0,0.9969222570030172
4741.0,437994.0,0.9964828063646776
4742.0,438376.0,0.9967309018065462
4743.0,438988.0,0.9975016590040244
4744.0,439459.0,0.9979516164284842
4745.0,439684.0,0.9978430819544634
4746.0,439906.0,0.997728232913
4747.0,440268.0,0.9979312138680719
4748.0,440571.0,0.9980006544909381
4749.0,440727.0,0.9977375867485323
4750.0,440890.0,0.9974910457499625
4751.0,441075.0,0.9972949192216921
4752.0,441147.0,0.9968440619079324
4753.0,440891.0,0.9956534166153355
4754.0,440685.0,0.994577451929052
4755.0,441322.0,0.9954045748716625
4756.0,442087.0,0.9965195919523755
4757.0,442514.0,0.9968721985177044
4758.0,442887.0,0.9971031848632704
4759.0,443210.0,0.9972217766425056
4760.0,443300.0,0.996816683357811
4761.0,442709.0,0.994882091343969
4762.0,441120.0,0.9907088424930984
4763.0,439375.0,0.9861909081863404
4764.0,439213.0,0.9852297869066137
4765.0,441299.0,0.9893098223943001
4766.0,443587.0,0.9938378967794456
4767.0,444799.0,0.9959516300814538
4768.0,445365.0,0.9966176326857961
4769.0,445739.0,0.9968538543203208
4770.0,445985.0,0.9968041179544753
4771.0,445736.0,0.9956491668466836
4772.0,445023.0,0.9934601964231056
4773.0,444946.0,0.9926932125845965
4774.0,445864.0,0.9941461276302612
4775.0,446371.0,0.9946818688912638
4776.0,446701.0,0.9948232114240229
4777.0,447466.0,0.9959330029880458
4778.0,447532.0,0.9954870555641975
4779.0,446025.0,0.9915451834776334
4780.0,444855.0,0.9883571592128845
4781.0,446292.0,0.9909620252307612
4782.0,447644.0,0.9933756214465753
4783.0,447391.0,0.9922272254712642
4784.0,447763.0,0.992465943591666
4785.0,448878.0,0.9943507159433539
4786.0,449122.0,0.9943054240269679
4787.0,449169.0,0.9938247602786515
4788.0,449453.0,0.9938691924328525
4789.0,449414.0,0.9932002046439667
4790.0,449858.0,0.9935992613661639
4791.0,450735.0,0.9949541204264982
4792.0,451104.0,0.9951871566519372
4793.0,451321.0,0.9950852560266025
4794.0,451688.0,0.9953144770276573
4795.0,452036.0,0.9955020620802262
4796.0,452199.0,0.9952827233682978
4797.0,451696.0,0.9935991123846196
4798.0,450600.0,0.9906142608929284
4799.0,450802.0,0.9904852607650025
4800.0,452446.0,0.9935233717954624
4801.0,453615.0,0.9955160166816734
4802.0,453960.0,0.9956995243929304
4803.0,453247.0,0.9935640689777483
4804.0,450585.0,0.9871616051914891
4805.0,448320.0,0.9816362455774335
4806.0,450219.0,0.9852299342019094
4807.0,453415.0,0.9916566572579743
4808.0,455036.0,0.9946338518403385
4809.0,455504.0,0.9950893256140068
4810.0,455434.0,0.99437014936751
4811.0,455485.0,0.9939163366304119
4812.0,455918.0,0.9942966435205856
4813.0,456260.0,0.9944786883443091
4814.0,456207.0,0.9938005777326481
4815.0,456317.0,0.9934786319639085
4816.0,456963.0,0.9943238753174268
4817.0,457532.0,0.9950012379796144
4818.0,457797.0,0.9950176247147663
4819.0,457947.0,0.994784711838169
4820.0,458132.0,0.9946285792480424
4821.0,458213.0,0.9942474931439008
4822.0,457401.0,0.9919307890913568
4823.0,455625.0,0.9875278240666951
4824.0,455207.0,0.9860720148408273
4825.0,456926.0,0.9892449727507122
4826.0,458612.0,0.992343542713108
4827.0,459471.0,0.9936507543916082
4828.0,459765.0,0.9937358789285672
4829.0,459939.0,0.9935622397212345
4830.0,460240.0,0.9936635443007855
4831.0,460339.0,0.9933294172950473
4832.0,460351.0,0.9928085936262164
4833.0,460549.0,0.9926898209299996
4834.0,460846.0,0.992785018302247
4835.0,461126.0,0.9928440788041175
4836.0,461536.0,0.9931833953723564
4837.0,462068.0,0.9937853060623929
4838.0,462226.0,0.993583202420538
4839.0,461839.0,0.9922110261546809
4840.0,461520.0,0.9909869355625158
4841.0,461735.0,0.9909107537971039
4842.0,462223.0,0.9914207983205199
4843.0,462623.0,0.9917422317437651
4844.0,463218.0,0.9924817134878947
4845.0,463694.0,0.9929661635032744
4846.0,463674.0,0.9923891145761268
4847.0,463493.0,0.9914688874135266
4848.0,463121.0,0.9901418966072442
4849.0,463085.0,0.9895349071421823
4850.0,463887.0,0.990718881481608
4851.0,464357.0,0.9911935304528345
4852.0,464301.0,0.990546110290836
4853.0,464119.0,0.9896313263781842
4854.0,463007.0,0.9867361636250477
4855.0,461724.0,0.9834804552183513
4856.0,461856.0,0.9832411922582629
4857.0,461724.0,0.9824410716905122
4858.0,458014.0,0.9740332806923321
4859.0,443805.0,0.9433190664351936
4860.0,407903.0,0.8665529348518739
4861.0,369386.0,0.7843155108212047
4862.0,381935.0,0.8105361777546615
4863.0,427431.0,0.9066129855158747
4864.0,453766.0,0.9619693682214973
4865.0,461135.0,0.9770823121128193
4866.0,463650.0,0.9819005528681108
4867.0,465896.0,0.98614505143341
4868.0,467594.0,0.9892264684884281
4869.0,468032.0,0.9896411145071428
4870.0,465123.0,0.9829824997759512
4871.0,459307.0,0.9701909693418205
4872.0,458474.0,0.9679333956897743
4873.0,464254.0,0.9796330340385893
4874.0,468784.0,0.988685032339979
4875.0,469962.0,0.9906625411755845
4876.0,469943.0,0.9901167580513409
4877.0,469120.0,0.9878791318869563
4878.0,468100.0,0.9852298244906572
4879.0,469484.0,0.9876411162359323
4880.0,471780.0,0.9919682205875326
4881.0,472210.0,0.9923701487323769
4882.0,471147.0,0.9896363375618248
4883.0,469245.0,0.9851445547877963
4884.0,468823.0,0.983763567300613
4885.0,471066.0,0.9879740024731665
4886.0,472925.0,0.9913759447949101
4887.0,473560.0,0.9922106372031939
4888.0,473452.0,0.9914892298853932
4889.0,471425.0,0.9867525353100076
4890.0,465190.0,0.9732177578029532
4891.0,459238.0,0.9602888863020207
4892.0,463371.0,0.9684512991557169
4893.0,471999.0,0.9859962979581941
4894.0,476033.0,0.9939326476908069
4895.0,476984.0,0.9954279201172209
4896.0,477349.0,0.9957001118821447
4897.0,477506.0,0.9955391103790288
4898.0,476993.0,0.9939828154816108
4899.0,474921.0,0.989181634907664
4900.0,473110.0,0.9849292237225902
4901.0,474570.0,0.9874879984662007
4902.0,476054.0,0.9900949350527181
4903.0,475519.0,0.9885030078589692
4904.0,476076.0,0.9891822929777192
4905.0,477952.0,0.9926009241891587
4906.0,479137.0,0.9945826252740528
4907.0,479449.0,0.994751862520094
4908.0,479452.0,0.994280860915575
4909.0,479164.0,0.9932078475176647
4910.0,478532.0,0.9914238755596535
4911.0,478395.0,0.9906673701761046
4912.0,479255.0,0.9919759114518213
4913.0,480133.0,0.9933211517277264
4914.0,480732.0,0.9940888824905239
4915.0,481456.0,0.9951149453329502
4916.0,481884.0,0.9955292243675476
4917.0,480819.0,0.9928608542175148
4918.0,476388.0,0.9832483755451202
4919.0,469682.0,0.9689522894679685
4920.0,465432.0,0.9597346197997861
4921.0,468336.0,0.965271093710103
4922.0,474060.0,0.9766125404248196
4923.0,471484.0,0.9708531794908877
4924.0,467730.0,0.9626752870309135
4925.0,474045.0,0.9752198887301659
4926.0,481566.0,0.9902333774894899
4927.0,484094.0,0.9949713794612658
4928.0,484610.0,0.9955722494317755
4929.0,484936.0,0.9957830637320072
4930.0,485074.0,0.9956084633601223
4931.0,484832.0,0.9946550793789886
4932.0,481851.0,0.9880865987144771
4933.0,471212.0,0.9658283990193713
4934.0,461913.0,0.9463364462868435
4935.0,469525.0,0.9614932055850155
4936.0,481059.0,0.9846645953371292
4937.0,484397.0,0.991047031408434
4938.0,482714.0,0.987156287848372
4939.0,480354.0,0.9818858286842796
4940.0,481442.0,0.9836655686995626
4941.0,485022.0,0.9905335790659117
4942.0,487355.0,0.9948504759478103
4943.0,488213.0,0.9961544914051165
4944.0,488612.0,0.9965218079763434
4945.0,488761.0,0.9963797457915925
4946.0,488733.0,0.9958777348617631
4947.0,489026.0,0.9960305616420151
4948.0,489549.0,0.9966520848479556
4949.0,489834.0,0.9967893188464579
4950.0,489988.0,0.9966605492799062
4951.0,490304.0,0.9968618395962575
4952.0,490659.0,0.9971427818658504
4953.0,490919.0,0.9972310662270523
4954.0,491088.0,0.9971350663797414
4955.0,489969.0,0.9944256289231626
4956.0,483174.0,0.9802043532685358
4957.0,471562.0,0.9562282327564094
4958.0,471626.0,0.9559397364078757
4959.0,483486.0,0.9795509160741546
4960.0,490838.0,0.9940127307973212
4961.0,492567.0,0.9970801182789957
4962.0,492922.0,0.9973652624067488
4963.0,493215.0,0.9975252995263462
4964.0,493298.0,0.9972611896827882
4965.0,492888.0,0.9960016088180028
4966.0,492583.0,0.9949557269725312
4967.0,493128.0,0.9956274208395232
4968.0,493834.0,0.9966239738910896
4969.0,494229.0,0.9969928145950108
4970.0,494441.0,0.9969928484529614
4971.0,494667.0,0.9970216080741785
4972.0,494983.0,0.9972321691639772
4973.0,495291.0,0.9974269410459634
4974.0,495653.0,0.9977307420867673
4975.0,495962.0,0.9979281318002907
4976.0,496156.0,0.9978945422822277
4977.0,496316.0,0.9977931036129476
4978.0,496351.0,0.997441026764459
4979.0,496098.0,0.9965112053052488
4980.0,494564.0,0.9930105684569519
4981.0,490848.0,0.9851340481059242
4982.0,488859.0,0.9807292359831533
4983.0,491349.0,0.9853103706717513
4984.0,494057.0,0.9903250596072826
4985.0,495268.0,0.9923365226806233
4986.0,496428.0,0.9942445742754804
4987.0,497813.0,0.9966018813145522
4988.0,498502.0,0.9975648413660679
4989.0,498021.0,0.9961870558430168
4990.0,495690.0,0.9911118094337412
4991.0,493642.0,0.986606777303521
4992.0,494956.0,0.9888224597611492
4993.0,495364.0,0.9892274184230245
4994.0,494158.0,0.9864106278087117
4995.0,496223.0,0.9901232110738842
4996.0,499202.0,0.9956560467537271
4997.0,500089.0,0.9970139001060409
4998.0,499097.0,0.9946264059994295
4999.0,496855.0,0.9897511693298763
5000.0,496654.0,0.9889443323342395
5001.0,498458.0,0.992129221719075
5002.0,499678.0,0.9941498972008844
5003.0,500734.0,0.9958430672854152
5004.0,500513.0,0.9949965371752544
5005.0,497105.0,0.9878179737629367
5006.0,493225.0,0.9797080080868562
5007.0,494248.0,0.9813399436453633
5008.0,498908.0,0.9901892236201576
5009.0,502093.0,0.9961053111564022
5010.0,501551.0,0.9946258402236936
5011.0,496530.0,0.9842691262274882
5012.0,491196.0,0.9733008525244297
5013.0,491935.0,0.9743704306529206
5014.0,494914.0,0.9798743255137515
5015.0,498484.0,0.9865436393196022
5016.0,500903.0,0.99093077901632
5017.0,496803.0,0.9824233344248962
5018.0,488278.0,0.965176089128622
5019.0,489305.0,0.9668167134701322
5020.0,498607.0,0.9848001896766948
5021.0,503722.0,0.9945029660158138
5022.0,504336.0,0.9953153384835358
5023.0,504491.0,0.9952217600462703
5024.0,505340.0,0.9964969540400477
5025.0,506025.0,0.997448028050967
5026.0,506606.0,0.9981935870041828
5027.0,506923.0,0.9984187410475157
5028.0,507094.0,0.9983564242359374
5029.0,507030.0,0.9978318234191068
5030.0,505697.0,0.994811392259626
5031.0,504592.0,0.9922418465653903
5032.0,506212.0,0.9950308445882677
5033.0,508201.0,0.9985427733854799
5034.0,508497.0,0.9987268397994047
5035.0,507653.0,0.9966727106935662
5036.0,507218.0,0.9954229839230128
5037.0,507935.0,0.9964342641353819
5038.0,508256.0,0.9966682911391574
5039.0,506673.0,0.9931700331574242
5040.0,502280.0,0.9841687036348891
5041.0,497442.0,0.9743029871007157
5042.0,499104.0,0.9771711763791734
5043.0,505913.0,0.9901102226580643
5044.0,510016.0,0.997745331244277
5045.0,511208.0,0.9996819045886366
5046.0,511687.0,1.0002232459364344
5047.0,511734.0,0.99992007189407
5048.0,510587.0,0.9972850283556364
5049.0,507459.0,0.9907842974655573
5050.0,504086.0,0.9838105494195362
5051.0,502026.0,0.9794038436561638
5052.0,503565.0,0.9820191452047266
5053.0,509061.0,0.9923460226711956
5054.0,512694.0,0.9990345195817547
5055.0,513644.0,1.000491704588619
5056.0,513868.0,1.0005341520323456
5057.0,514068.0,1.0005298268552218
5058.0,514222.0,1.000435976380445
5059.0,514166.0,0.9999337580683877
5060.0,514166.0,0.9995407523784329
5061.0,514593.0,0.9999777666230725
5062.0,514940.0,1.0002589808664564
5063.0,514348.0,0.9987166402824121
5064.0,512640.0,0.9950093384193882
5065.0,512196.0,0.9937572701779478
5066.0,514015.0,0.996895027723833
5067.0,515103.0,0.9986130686952498
5068.0,514504.0,0.9970604191871428
5069.0,514299.0,0.996272122531973
5070.0,515538.0,0.9982804787292439
5071.0,516443.0,0.9996406474941625
5072.0,516506.0,0.9993704722351565
5073.0,516676.0,0.9993073333182053
5074.0,516972.0,0.9994877148418205
5075.0,517137.0,0.9994146482168607
5076.0,517414.0,0.9995578610678074
5077.0,517528.0,0.9993860469493209
5078.0,516201.0,0.9964326225802423
5079.0,513100.0,0.9900583101361373
5080.0,512154.0,0.9878454060259666
5081.0,514448.0,0.9918809447027618
5082.0,514807.0,0.99218382918933
5083.0,512610.0,0.98756206403091
5084.0,513856.0,0.989574199504859
5085.0,517587.0,0.9963682501269172
5086.0,518658.0,0.9980382090729061
5087.0,517766.0,0.995930788517417
5088.0,518192.0,0.9963590054936624
5089.0,519745.0,0.99895276626839
5090.0,520548.0,1.000103325865611
5091.0,520840.0,1.0002713753199794
5092.0,521093.0,1.000364183788172
5093.0,521403.0,1.00056605662991
5094.0,521748.0,1.0008346580200331
5095.0,521931.0,1.0007921595583422
5096.0,521872.0,1.0002855838803324
5097.0,521377.0,0.9989437739584058
5098.0,520396.0,0.9966719490370461
5099.0,520198.0,0.9959006577895311
5100.0,521436.0,0.9978777772597741
5101.0,522618.0,0.9997459228026913
5102.0,523111.0,1.000294790506845
5103.0,523274.0,1.0002121430295392
5104.0,523296.0,0.9998598424217978
5105.0,522642.0,0.9982163823596172
5106.0,519981.0,0.9927421546281652
5107.0,515351.0,0.9835142119895395
5108.0,514490.0,0.9814832802357336
5109.0,515266.0,0.9825752610367475
5110.0,511713.0,0.9754142107765078
5111.0,513512.0,0.978456290364812
5112.0,520942.0,0.9922207915352339
5113.0,524830.0,0.999230380973749
5114.0,525570.0,1.0002429091144824
5115.0,525764.0,1.0002155478790042
5116.0,526053.0,1.0003684846565124
5117.0,526347.0,1.000530418323992
5118.0,526519.0,1.000460014179217
5119.0,526602.0,1.0002202226691272
5120.0,526766.0,1.0001340070892484
5121.0,526724.0,0.9996564882837639
5122.0,525330.0,0.9966140281480375
5123.0,522326.0,0.990520423957381
5124.0,521645.0,0.9888347503160247
5125.0,524225.0,0.993329107078498
5126.0,525111.0,0.9946108437432493
5127.0,523369.0,0.9909154181188298
5128.0,521954.0,0.9878413735985809
5129.0,521989.0,0.9875124845840562
5130.0,524390.0,0.9916576722513618
5131.0,527060.0,0.9963075714039371
5132.0,527931.0,0.9975539691330513
5133.0,527807.0,0.9969195552931424
5134.0,528118.0,0.9971064980679715
5135.0,529159.0,0.9986705668061768
5136.0,529266.0,0.9984709421506857
5137.0,528164.0,0.9959911774620116
5138.0,525421.0,0.9904197166204378
5139.0,521458.0,0.9825535755363692
5140.0,522451.0,0.9840279410932519
5141.0,526094.0,0.9904899733376676
5142.0,525529.0,0.9890271308186223
5143.0,524834.0,0.9873205678661475
5144.0,527901.0,0.9926892878001226
5145.0,530595.0,0.9973522270378927
5146.0,531238.0,0.9981574075978861
5147.0,531355.0,0.9979737195337075
5148.0,531566.0,0.9979663657881956
5149.0,531070.0,0.996631947932287
5150.0,528119.0,0.9906930322906222
5151.0,525172.0,0.9847661667793786
5152.0,526097.0,0.9861014227023833
5153.0,527589.0,0.9884977051587847
5154.0,527764.0,0.9884252773970104
5155.0,530082.0,0.9923646010167076
5156.0,532975.0,0.9973765552392888
5157.0,534222.0,0.9993052863411132
5158.0,534569.0,0.9995494364203883
5159.0,534754.0,0.9994904327742727
5160.0,534913.0,0.9993827447112541
5161.0,534725.0,0.9986269581910282
5162.0,534353.0,0.9975281594058987
5163.0,534350.0,0.9971186967078634
5164.0,533481.0,0.9950941173982049
5165.0,527436.0,0.9834202693278827
5166.0,509336.0,0.9492879667767162
5167.0,485180.0,0.9039007485821141
5168.0,479083.0,0.8921808798955464
5169.0,492995.0,0.9177174889710534
5170.0,511052.0,0.9509462703787009
5171.0,512581.0,0.9534059134591586
5172.0,500406.0,0.9303842648591495
5173.0,502599.0,0.9340842419178348
5174.0,521151.0,0.9681722896752418
5175.0,534323.0,0.9922421340744081
5176.0,538080.0,0.9988159038842187
5177.0,538770.0,0.9996935542658805
5178.0,539088.0,0.9998805690841157
5179.0,539313.0,0.9998950644101179
5180.0,539374.0,0.9996056774431326
5181.0,538020.0,0.9966952776575849
5182.0,529492.0,0.9805026364934029
5183.0,512581.0,0.9488058692635184
5184.0,509300.0,0.9423541510852312
5185.0,523448.0,0.9681435405790492
5186.0,532712.0,0.9848827932017016
5187.0,533813.0,0.9865229897188338
5188.0,528948.0,0.9771408608450746
5189.0,527378.0,0.9738509126584326
5190.0,532272.0,0.9824953526792799
5191.0,532037.0,0.981669476126174
5192.0,528469.0,0.9746971368549389
5193.0,529672.0,0.9765265846373086
5194.0,531625.0,0.9797369713632623
5195.0,531844.0,0.9797506938317156
5196.0,535136.0,0.9854234010174804
5197.0,537664.0,0.9896855455290183
5198.0,538251.0,0.99037315960625
5199.0,539430.0,0.9921493383010054
5200.0,540171.0,0.9931191177807439
5201.0,540133.0,0.9926567765573047
5202.0,539154.0,0.9904664162389707
5203.0,535616.0,0.9835788756564453
5204.0,527225.0,0.9677887830569484
5205.0,520209.0,0.9545344392506266
5206.0,521691.0,0.9568777492049132
5207.0,526825.0,0.965915379359083
5208.0,526391.0,0.9647415470517764
5209.0,528587.0,0.9683872403439492
5210.0,535692.0,0.9810203846421531
5211.0,540470.0,0.9893842558837181
5212.0,543490.0,0.9945250753592884
5213.0,545057.0,0.9970045239877796
5214.0,544486.0,0.995573222313642
5215.0,541135.0,0.9890623155800858
5216.0,537705.0,0.9824125685434291
5217.0,539353.0,0.9850425853079772
5218.0,543754.0,0.9926970177811076
5219.0,546171.0,0.9967253657184799
5220.0,546869.0,0.997615257092941
5221.0,547197.0,0.9978302668376446
5222.0,547453.0,0.9979143870040086
5223.0,547462.0,0.9975489056417987
5224.0,546067.0,0.9946269456781377
5225.0,538884.0,0.9811693040433
5226.0,522391.0,0.9507777992732079
5227.0,512846.0,0.9330508511812817
5228.0,526083.0,0.9567708163924845
5229.0,541686.0,0.9847747277115417
5230.0,546682.0,0.993482027142077
5231.0,546326.0,0.9924608768279068
5232.0,541427.0,0.9831913652736375
5233.0,536975.0,0.9747408587982903
5234.0,539460.0,0.9788849532772879
5235.0,544402.0,0.9874833100610385
5236.0,548045.0,0.9937205475838652
5237.0,549618.0,0.9962018613181652
5238.0,549894.0,0.9963320230665934
5239.0,549532.0,0.9953072317234111
5240.0,549448.0,0.9947872116187316
5241.0,550262.0,0.9958935169919366
5242.0,550879.0,0.996643297019841
5243.0,551205.0,0.9968669514226614
5244.0,551572.0,0.997165275530783
5245.0,551593.0,0.9968388074474038
5246.0,550892.0,0.9952089776437902
5247.0,550141.0,0.9934907674487755
5248.0,550532.0,0.9938361077941479
5249.0,550730.0,0.993833651934034
5250.0,549931.0,0.9920334287824605
5251.0,550366.0,0.9924604904394445
5252.0,551909.0,0.9948853067047287
5253.0,552470.0,0.9955395989638386
5254.0,551697.0,0.9937912078079495
5255.0,551068.0,0.9923041351682976
5256.0,552162.0,0.9939203861946259
5257.0,553612.0,0.9961768615672296
5258.0,554227.0,0.9969305482537449
5259.0,554356.0,0.9968106002927601
5260.0,554073.0,0.9959509636691738
5261.0,552668.0,0.993076640133361
5262.0,550695.0,0.9891848714691549
5263.0,549863.0,0.9873454383929245
5264.0,549567.0,0.9864702203262673
5265.0,548371.0,0.9839814956643901
5266.0,546392.0,0.9800908134935167
5267.0,546251.0,0.9794994216211038
5268.0,539852.0,0.9676917211991718
5269.0,518592.0,0.9292635827313609
5270.0,508882.0,0.911551924207415
5271.0,528073.0,0.9456053693257852
5272.0,547786.0,0.9805708246884943
5273.0,553455.0,0.9903822687792717
5274.0,553806.0,0.99067483777131
5275.0,552294.0,0.9876365873621953
5276.0,550983.0,0.9849605811659505
5277.0,553699.0,0.9894836769133247
5278.0,556948.0,0.9949568100090123
5279.0,557973.0,0.9964554625044308
5280.0,557571.0,0.9954064679845314
5281.0,556100.0,0.9924512792305122
5282.0,554554.0,0.9893651579073649
5283.0,553578.0,0.9872985793497854
5284.0,554139.0,0.9879746009304771
5285.0,556914.0,0.9925971579615707
5286.0,559022.0,0.9960292160128745
5287.0,559655.0,0.9968327814971136
5288.0,559799.0,0.9967660763837043
5289.0,559909.0,0.996639853703144
5290.0,560067.0,0.9966000897785218
5291.0,560243.0,0.9965933409817758
5292.0,560319.0,0.9964097430320843
5293.0,560371.0,0.9961845777390049
5294.0,560626.0,0.9963213049123348
5295.0,560662.0,0.9960698624260129
5296.0,559950.0,0.9944911009889953
5297.0,558953.0,0.992408323299651
5298.0,558689.0,0.9916288735906055
5299.0,559800.0,0.9932906744386364
5300.0,560974.0,0.9950642058338052
5301.0,560798.0,0.9944437468373203
5302.0,560160.0,0.9930056811435973
5303.0,560773.0,0.9937864764191374
5304.0,562091.0,0.9958167612302673
5305.0,562687.0,0.9965680335975435
5306.0,562375.0,0.9957121291652128
5307.0,561744.0,0.994293033246037
5308.0,562080.0,0.9945867834514142
5309.0,563109.0,0.996107119790392
5310.0,563699.0,0.9968510799999898
5311.0,563905.0,0.9969165826581035
5312.0,564046.0,0.9968680063463733
5313.0,564142.0,0.9967407730134693
5314.0,563955.0,0.9961145562021594
5315.0,561952.0,0.9922828434155326
5316.0,557524.0,0.9841734130516608
5317.0,556729.0,0.9824807992227701
5318.0,561170.0,0.9900273625215021
5319.0,564192.0,0.9950675225719291
5320.0,564896.0,0.996018366845645
5321.0,565121.0,0.9961250210493318
5322.0,564590.0,0.9949000864748115
5323.0,561844.0,0.9897744512176312
5324.0,558745.0,0.9840307281813038
5325.0,559978.0,0.9859180101782302
5326.0,558995.0,0.9839043517345496
5327.0,543570.0,0.9564799089441535
5328.0,526380.0,0.9259668730407509
5329.0,536195.0,0.9429633294544482
5330.0,556947.0,0.9791791463866549
5331.0,565394.0,0.9937473559744219
5332.0,565773.0,0.9941313434647134
5333.0,565274.0,0.9929732824596293
5334.0,566155.0,0.9942397980730228
5335.0,565892.0,0.9934976074734594
5336.0,562734.0,0.9876751480884961
5337.0,561307.0,0.9848936669451271
5338.0,564189.0,0.9896727824129262
5339.0,564714.0,0.9903162251905572
5340.0,560422.0,0.9825146576421399
5341.0,558136.0,0.9782336726811347
5342.0,562757.0,0.9860577895565524
5343.0,567770.0,0.9945645302446866
5344.0,568897.0,0.9962616135831669
5345.0,567741.0,0.9939611233570989
5346.0,567097.0,0.9925583033962668
5347.0,567915.0,0.9937146610086324
5348.0,568227.0,0.9939854805655366
5349.0,568548.0,0.9942721085083587
5350.0,569604.0,0.9958437878073298
5351.0,570527.0,0.9971823251696748
5352.0,570788.0,0.9973635522469055
5353.0,570678.0,0.996896746674542
5354.0,570905.0,0.9970188662759766
5355.0,571439.0,0.9976770315322153
5356.0,571760.0,0.9979631640825709
5357.0,571916.0,0.9979613114700484
5358.0,572108.0,0.9980223318900813
5359.0,572300.0,0.9980833736389421
5360.0,572354.0,0.997903816148619
5361.0,572030.0,0.9970655136263648
5362.0,571196.0,0.9953389743087501
5363.0,570785.0,0.9943502678565157
5364.0,571290.0,0.994957379319045
5365.0,571744.0,0.9954753173836006
5366.0,572083.0,0.9957927376511123
5367.0,572128.0,0.9955982985004789
5368.0,572116.0,0.9953047107207744
5369.0,570473.0,0.9921745169646132
5370.0,562049.0,0.9772555358287547
5371.0,548878.0,0.9540930674625316
5372.0,550128.0,0.9560037326590164
5373.0,564744.0,0.9811340548763461
5374.0,573118.0,0.9954091444502341
5375.0,574875.0,0.9981867953711822
5376.0,575161.0,0.9984092987005626
5377.0,575290.0,0.9983590778999318
5378.0,575347.0,0.9981838290183751
5379.0,574862.0,0.997068467219831
5380.0,573128.0,0.9937878520851089
5381.0,571684.0,0.9910116212833059
5382.0,572331.0,0.9918605304219925
5383.0,573064.0,0.9928578459185121
5384.0,574157.0,0.9944780340835905
5385.0,575801.0,0.9970513172961133
5386.0,576618.0,0.9981914365311867
5387.0,576879.0,0.9983685791610414
5388.0,577013.0,0.9983257817269382
5389.0,577068.0,0.9981462534712058
5390.0,577165.0,0.9980393445094892
5391.0,577109.0,0.9976678946921513
5392.0,576310.0,0.9960124530082904
5393.0,575308.0,0.9940070851306702
5394.0,575439.0,0.9939597653724305
5395.0,573801.0,0.9908576153199333
5396.0,564541.0,0.974598798345684
5397.0,555309.0,0.9583971722051403
5398.0,562113.0,0.9698729915001687
5399.0,573823.0,0.9898049251987284
5400.0,578107.0,0.9969199998536011
5401.0,578769.0,0.9977868233454862
5402.0,578662.0,0.9973277213787914
5403.0,576974.0,0.994144689637466
5404.0,571095.0,0.9837441049179871
5405.0,559940.0,0.9642634702684235
5406.0,556481.0,0.9580430074732188
5407.0,567791.0,0.9772453666463512
5408.0,576390.0,0.9917723891711883
5409.0,576301.0,0.9913463677683577
5410.0,575181.0,0.9891475058661262
5411.0,577288.0,0.9924978022751059
5412.0,579796.0,0.9965354389523968
5413.0,580602.0,0.9976462739760195
5414.0,579951.0,0.9962535913726142
5415.0,579173.0,0.9946435364563005
5416.0,579871.0,0.9955684488196886
5417.0,580630.0,0.9965975246622297
5418.0,579803.0,0.9949045351247947
5419.0,579393.0,0.9939278012632342
5420.0,580750.0,0.9959819757243566
5421.0,581950.0,0.9977658242945188
5422.0,582149.0,0.9978329136037541
5423.0,581382.0,0.9962446357608268
5424.0,580521.0,0.9944961884477718
5425.0,581128.0,0.9952628495042225
5426.0,582403.0,0.9971728158898551
5427.0,582302.0,0.9967264345249286
5428.0,576847.0,0.9871183703158276
5429.0,564317.0,0.9654119392352731
5430.0,560759.0,0.9590621608519209
5431.0,572461.0,0.9788077923582719
5432.0,580291.0,0.9919239947267
5433.0,576720.0,0.9855499972432997
5434.0,567152.0,0.9689341097911305
5435.0,567044.0,0.968484572071759
5436.0,577152.0,0.9854789816504993
5437.0,583423.0,0.9959142934185041
5438.0,584975.0,0.9982907093404747
5439.0,585343.0,0.9986458535668805
5440.0,585522.0,0.9986784775565777
5441.0,585655.0,0.998632685450245
5442.0,585781.0,0.9985750271611293
5443.0,585854.0,0.9984271208506375
5444.0,585272.0,0.9971633792394129
5445.0,581172.0,0.9899081795584859
5446.0,570044.0,0.9706894771399386
5447.0,563350.0,0.9590295968850054
5448.0,572964.0,0.9751307990597862
5449.0,583548.0,0.9928737029751503
5450.0,586762.0,0.9980707973464035
5451.0,587234.0,0.9986023126888597
5452.0,587307.0,0.9984552863284614
5453.0,586427.0,0.996688697669026
5454.0,580825.0,0.9868998290879377
5455.0,569846.0,0.9679825751538752
5456.0,568382.0,0.9652341550576085
5457.0,579324.0,0.9835496404213616
5458.0,586683.0,0.995773890634076
5459.0,588336.0,0.9983094730717109
5460.0,588565.0,0.9984281357443252
5461.0,588588.0,0.9981974697038332
5462.0,588315.0,0.997465169170227
5463.0,588049.0,0.9967452289470742
5464.0,588455.0,0.9971645152079434
5465.0,589075.0,0.9979462164660656
5466.0,589368.0,0.9981737868575814
5467.0,589550.0,0.9982134032399754
5468.0,589764.0,0.99830727951487
5469.0,589952.0,0.9983572231829266
5470.0,590113.0,0.9983615806415784
5471.0,590229.0,0.9982899469049643
5472.0,590242.0,0.9980443132777272
5473.0,590188.0,0.9976856787001822
5474.0,590075.0,0.9972276566215307
5475.0,588550.0,0.9943843689388097
5476.0,583823.0,0.9861342453297045
5477.0,581167.0,0.9813858541602412
5478.0,585493.0,0.9884271236368816
5479.0,590033.0,0.995825958388528
5480.0,591344.0,0.9977727178749054
5481.0,591477.0,0.9977314878728063
5482.0,591610.0,0.9976904378803874
5483.0,591807.0,0.9977574732072684
5484.0,592055.0,0.9979106008320274
5485.0,592288.0,0.9980385432004768
5486.0,592346.0,0.9978717874904879
5487.0,592203.0,0.9973667841824968
5488.0,592199.0,0.9970962703851055
5489.0,592230.0,0.9968850041259203
5490.0,591723.0,0.9957686818716677
5491.0,591652.0,0.9953866673918622
5492.0,592469.0,0.9964986222262565
5493.0,593082.0,0.9972671738025692
5494.0,593438.0,0.9976035021619605
5495.0,593282.0,0.9970793957079588
5496.0,590788.0,0.9926275357627229
5497.0,586201.0,0.9846625486275384
5498.0,586245.0,0.9844787787773578
5499.0,590696.0,0.9916940599254219
5500.0,591426.0,0.9926604151170068
5501.0,588458.0,0.9874213359002679
5502.0,588802.0,0.9877412591755236
5503.0,592587.0,0.9938321946252084
5504.0,594476.0,0.9967412511328745
5505.0,592924.0,0.9938811285449936
5506.0,588076.0,0.9854993097689491
5507.0,586175.0,0.9820594122083549
5508.0,590717.0,0.9894131783665849
5509.0,594536.0,0.995552759100539
5510.0,595507.0,0.996921700653088
5511.0,595749.0,0.9970701423674413
5512.0,595773.0,0.9968540419885633
5513.0,595835.0,0.9967019170360565
5514.0,596118.0,0.9969197633202384
5515.0,596496.0,0.9972966386898668
5516.0,596868.0,0.9976636047349452
5517.0,597112.0,0.9978168032637557
5518.0,597280.0,0.997843276160704
5519.0,597427.0,0.9978349870001926
5520.0,597506.0,0.9977134864326281
5521.0,597512.0,0.9974705182809643
5522.0,597642.0,0.9974349625145458
5523.0,597886.0,0.9975899808988383
5524.0,597925.0,0.9974033073403172
5525.0,597130.0,0.995826229383305
5526.0,594796.0,0.9916843764678028
5527.0,592354.0,0.9873649448613512
5528.0,591833.0,0.9862492579583446
5529.0,594044.0,0.9896860486089981
5530.0,597283.0,0.9948337288454805
5531.0,598864.0,0.9972183449917041
5532.0,599224.0,0.9975694745404413
5533.0,599172.0,0.99723510380654
5534.0,598809.0,0.9963838059238259
5535.0,598680.0,0.9959225931531314
5536.0,599258.0,0.9966378355718145
5537.0,599847.0,0.9973714209534438
5538.0,600100.0,0.997546522919773
5539.0,600258.0,0.9975640744951841
5540.0,600439.0,0.9976202515275522
5541.0,600617.0,0.9976718422078804
5542.0,600717.0,0.9975943040710847
5543.0,600722.0,0.9973595115790274
5544.0,600766.0,0.9971900057147286
5545.0,600924.0,0.9972102027922117
5546.0,601122.0,0.9972971989013887
5547.0,601330.0,0.9974011904283032
5548.0,601524.0,0.9974823715343422
5549.0,601696.0,0.9975275004970809
5550.0,601861.0,0.9975614688622656
5551.0,601982.0,0.9975229728568502
5552.0,602074.0,0.9974369130479855
5553.0,602193.0,0.9973960732399485
5554.0,602283.0,0.9973076903313662
5555.0,602387.0,0.9972429825479009
5556.0,602603.0,0.9973641305952182
5557.0,602813.0,0.9974757462390348
5558.0,602969.0,0.9974984279770469
5559.0,603113.0,0.9975017020267618
5560.0,603221.0,0.9974458958322483
5561.0,603230.0,0.9972269013229256
5562.0,603164.0,0.9968844977023229
5563.0,603228.0,0.9967575060563658
5564.0,603458.0,0.9969052454632475
5565.0,603631.0,0.9969592150449748
5566.0,603733.0,0.9968963616976919
5567.0,603816.0,0.9968026087473316
5568.0,603446.0,0.9959616777155409
5569.0,602431.0,0.9940572690126831
5570.0,602310.0,0.9936289976320279
5571.0,602915.0,0.9943987576610666
5572.0,601803.0,0.9923373620990551
5573.0,601030.0,0.990836198693941
5574.0,602840.0,0.993593412953799
5575.0,604254.0,0.9956972603847722
5576.0,604419.0,0.9957429235119283
5577.0,604870.0,0.9962600474824502
5578.0,605421.0,0.996942026218747
5579.0,605697.0,0.9971713770923112
5580.0,605845.0,0.9971903599613535
5581.0,605697.0,0.9967226581304538
5582.0,605577.0,0.9963016458864576
5583.0,605926.0,0.9966526652467067
5584.0,606122.0,0.9967523335158079
5585.0,605032.0,0.9947380432332191
5586.0,601962.0,0.9894704467789195
5587.0,599778.0,0.985661626848135
5588.0,600098.0,0.9859690014584301
5589.0,601510.0,0.9880704122776004
5590.0,604264.0,0.9923752424907827
5591.0,606437.0,0.995724614022635
5592.0,607082.0,0.9965645984018787
5593.0,606440.0,0.9952923796505367
5594.0,605121.0,0.9929102601757479
5595.0,605404.0,0.9931576351122053
5596.0,607035.0,0.9956161876085777
5597.0,607398.0,0.9959948272553681
5598.0,606574.0,0.9944277029862263
5599.0,606678.0,0.9943826941674374
5600.0,607577.0,0.9956408620033216
5601.0,607641.0,0.9955308448262795
5602.0,607102.0,0.994433542857273
5603.0,607081.0,0.994185395339617
5604.0,608180.0,0.9957715060741479
5605.0,609205.0,0.99723618068444
5606.0,609589.0,0.9976515468437601
5607.0,609739.0,0.9976842290063694
5608.0,609853.0,0.9976583786821626
5609.0,609959.0,0.9976198272141589
5610.0,610074.0,0.997596379688709
5611.0,610227.0,0.9976354359460096
5612.0,610367.0,0.9976535946770457
5613.0,610116.0,0.9970331514917276
5614.0,607964.0,0.9933074305864975
5615.0,603538.0,0.9858690964447426
5616.0,602810.0,0.9844735940923478
5617.0,607275.0,0.9915581576393498
5618.0,610407.0,0.9964640503465505
5619.0,611168.0,0.9974985011809808
5620.0,611353.0,0.9975929721493306
5621.0,611505.0,0.997633920224209
5622.0,611573.0,0.997538191089428
5623.0,611259.0,0.9968199000782506
5624.0,610579.0,0.9955055178877389
5625.0,610633.0,0.9953885128008313
5626.0,611540.0,0.9966620847550454
5627.0,612163.0,0.997472721815567
5628.0,612411.0,0.9976724611016532
5629.0,612590.0,0.9977600761689868
5630.0,612740.0,0.9978007713762947
5631.0,612861.0,0.9977945740272355
5632.0,612965.0,0.9977610444498581
5633.0,613037.0,0.9976757863499174
5634.0,613101.0,0.9975778801194661
5635.0,613233.0,0.9975909666516327
5636.0,613406.0,0.9976710632043136
5637.0,613508.0,0.997636002712636
5638.0,613569.0,0.9975346269691687
5639.0,613638.0,0.9974466221586284
5640.0,613487.0,0.9970014470832254
5641.0,613340.0,0.9965632727157715
5642.0,613728.0,0.996994696915892
5643.0,614184.0,0.99753671265849
5644.0,614367.0,0.9976355224947536
5645.0,614518.0,0.9976826578813232
5646.0,614704.0,0.9977869025121618
5647.0,614895.0,0.9978995347633113
5648.0,615063.0,0.9979751167080931
5649.0,615198.0,0.9979974465332797
5650.0,615330.0,0.998015211851519
5651.0,615479.0,0.9980608459306775
5652.0,615621.0,0.9980954201783176
5653.0,615738.0,0.9980897623139642
5654.0,615809.0,0.9980098608856343
5655.0,615798.0,0.9977974259114402
5656.0,615405.0,0.996966528188491
5657.0,613818.0,0.9942023284864586
5658.0,612048.0,0.9911431509251833
5659.0,612842.0,0.9922367601954029
5660.0,615099.0,0.995698487477415
5661.0,616078.0,0.997090792685585
5662.0,615694.0,0.996277331831358
5663.0,615511.0,0.9957896571447219
5664.0,616280.0,0.996842332818807
5665.0,616933.0,0.9977072960202513
5666.0,616959.0,0.9975584202174543
5667.0,616732.0,0.9970008892498008
5668.0,616652.0,0.9966814468071954
5669.0,616820.0,0.996763168047101
5670.0,617324.0,0.9973880009151915
5671.0,617817.0,0.9979951059271148
5672.0,618079.0,0.998229180994923
5673.0,618243.0,0.9983051980158636
5674.0,618353.0,0.9982942806733158
5675.0,618431.0,0.9982319877573619
5676.0,618553.0,0.9982409981064403
5677.0,618702.0,0.9982938400379975
5678.0,618819.0,0.9982953070799679
5679.0,618915.0,0.9982631688737382
5680.0,619026.0,0.9982554972592345
5681.0,619128.0,0.9982335813464528
5682.0,619109.0,0.9980168812746772
5683.0,618846.0,0.997407262624414
5684.0,618561.0,0.9967626784548635
5685.0,618870.0,0.9970755979935028
5686.0,619417.0,0.997772033747021
5687.0,619671.0,0.997996582157432
5688.0,619777.0,0.9979829869480412
5689.0,619939.0,0.9980598047531878
5690.0,620147.0,0.9982108878396966
5691.0,620337.0,0.998333196117005
5692.0,620525.0,0.9984524888209734
5693.0,620682.0,0.9985221125182151
5694.0,620782.0,0.9985002732789074
5695.0,620867.0,0.9984545626385426
5696.0,620990.0,0.9984702092364293
5697.0,621111.0,0.9984828750581952
5698.0,621184.0,0.9984186252796956
5699.0,621225.0,0.9983032122395953
5700.0,621119.0,0.9979518917912898
5701.0,620870.0,0.9973712161912304
5702.0,620974.0,0.9973579430204657
5703.0,621465.0,0.9979663613385
5704.0,621832.0,0.9983757029386088
5705.0,621957.0,0.9983966547737047
5706.0,621978.0,0.9982509098406773
5707.0,621911.0,0.9979642312583344
5708.0,621400.0,0.9969655318169877
5709.0,620649.0,0.9955824283744775
5710.0,620746.0,0.995560072722028
5711.0,621427.0,0.9964744031037951
5712.0,621998.0,0.9972122685130141
5713.0,622602.0,0.9980029848970585
5714.0,622975.0,0.9984234182171814
5715.0,623103.0,0.9984513312989505
5716.0,623269.0,0.9985403264614908
5717.0,623428.0,0.998618288045411
5718.0,623535.0,0.9986131514522888
5719.0,623678.0,0.99866586951261
5720.0,623815.0,0.9987091694570941
5721.0,623934.0,0.99872384660498
5722.0,624082.0,0.9987851337748405
5723.0,624236.0,0.9988562021032635
5724.0,624361.0,0.9988810504677728
5725.0,624454.0,0.9988549030682738
5726.0,624498.0,0.9987505973930499
5727.0,624553.0,0.9986641133223141
5728.0,624696.0,0.9987185420448265
5729.0,624862.0,0.9988099092729089
5730.0,624990.0,0.9988407059206895
5731.0,625074.0,0.9988013748306829
5732.0,625174.0,0.9987878080475423
5733.0,625325.0,0.9988558975867821
5734.0,625477.0,0.9989257464957969
5735.0,625612.0,0.9989686103239455
5736.0,625731.0,0.9989860981750118
5737.0,625837.0,0.9989830104831896
5738.0,625942.0,0.9989785079890469
5739.0,626034.0,0.9989534417704254
5740.0,626107.0,0.998898248534167
5741.0,626196.0,0.9988687721717184
5742.0,626307.0,0.9988745671904218
5743.0,626422.0,0.9988869113956181
5744.0,626549.0,0.9989185545545933
5745.0,626700.0,0.9989886139132107
5746.0,626835.0,0.9990333174416512
5747.0,626897.0,0.9989618470836299
5748.0,626941.0,0.9988618884811117
5749.0,627078.0,0.9989102732886748
5750.0,627264.0,0.9990368461050232
5751.0,627374.0,0.999042513314575
5752.0,627353.0,0.9988397668061535
5753.0,627234.0,0.9984812430462706
5754.0,627185.0,0.998234410157521
5755.0,627402.0,0.9984111129731658
5756.0,627778.0,0.9988408907096779
5757.0,628010.0,0.9990416000721262
5758.0,628106.0,0.9990260798435279
5759.0,628194.0,0.9989979923455871
5760.0,628290.0,0.9989827825303552
5761.0,628329.0,0.9988771096554973
5762.0,628239.0,0.9985665760137221
5763.0,628226.0,0.9983786589056454
5764.0,628550.0,0.9987264188779099
5765.0,628902.0,0.999118686311685
5766.0,629085.0,0.9992425216159916
5767.0,629194.0,0.9992489312965751
5768.0,629267.0,0.9991983120066791
5769.0,629333.0,0.999136731570623
5770.0,629442.0,0.9991435614262052
5771.0,629551.0,0.9991505214028926
5772.0,629647.0,0.9991369813518649
5773.0,629772.0,0.9991695854819722
5774.0,629885.0,0.9991832713490529
5775.0,629987.0,0.999179632978263
5776.0,630128.0,0.9992379660470164
5777.0,630261.0,0.9992837195521768
5778.0,630355.0,0.9992677557045533
5779.0,630422.0,0.9992091234612207
5780.0,630418.0,0.9990381146709292
5781.0,630359.0,0.9987801348075251
5782.0,630391.0,0.9986665187746974
5783.0,630622.0,0.9988682595487836
5784.0,630860.0,0.9990811335132707
5785.0,630993.0,0.9991277906519247
5786.0,631122.0,0.9991682107144912
5787.0,631264.0,0.9992293047101733
5788.0,631382.0,0.9992525032855845
5789.0,631480.0,0.9992441531792774
5790.0,631531.0,0.9991615510540773
5791.0,631585.0,0.9990838252464476
5792.0,631729.0,0.999148571957267
5793.0,631880.0,0.9992244678861869
5794.0,632019.0,0.9992814654067911
5795.0,632151.0,0.9993274765429029
5796.0,632223.0,0.999278734546338
5797.0,632220.0,0.9991115793815438
5798.0,632292.0,0.9990630772163177
5799.0,632506.0,0.9992390160646566
5800.0,632700.0,0.999383397666852
5801.0,632832.0,0.9994299055146146
5802.0,632921.0,0.9994085875779859
5803.0,632929.0,0.9992594815190193
5804.0,632913.0,0.9990726241733757
5805.0,632981.0,0.999018486166008
5806.0,633119.0,0.9990749094489683
5807.0,633308.0,0.9992118615144137
5808.0,633470.0,0.9993062561005001
5809.0,633592.0,0.9993376080661756
5810.0,633715.0,0.999370603623782
5811.0,633816.0,0.9993689753442181
5812.0,633911.0,0.99935796247007
5813.0,634023.0,0.9993738216920484
5814.0,634130.0,0.9993818668907396
5815.0,634206.0,0.999341131295702
5816.0,634274.0,0.9992878730979322
5817.0,634406.0,0.9993355134865516
5818.0,634573.0,0.9994383281660177
5819.0,634694.0,0.999468736465614
5820.0,634793.0,0.9994645591405715
5821.0,634907.0,0.9994840575819253
5822.0,635011.0,0.999487869787902
5823.0,635095.0,0.9994602647037254
5824.0,635191.0,0.999451606907147
5825.0,635297.0,0.9994587394809878
5826.0,635397.0,0.9994564860368654
5827.0,635510.0,0.9994747312089032
5828.0,635631.0,0.9995056014758249
5829.0,635742.0,0.9995207895952665
5830.0,635825.0,0.9994920063694648
5831.0,635892.0,0.9994381319323404
5832.0,635987.0,0.9994283211132263
5833.0,636094.0,0.9994374121045051
5834.0,636192.0,0.9994324043165256
5835.0,636309.0,0.9994572829695101
5836.0,636435.0,0.9994963278029312
5837.0,636538.0,0.9994992838993497
5838.0,636626.0,0.9994787267511167
5839.0,636728.0,0.9994801878300458
5840.0,636833.0,0.9994863911494488
5841.0,636928.0,0.999476933258131
5842.0,637023.0,0.9994675098672632
5843.0,637132.0,0.999480081603663
5844.0,637240.0,0.9994911095781016
5845.0,637322.0,0.9994613881438419
5846.0,637370.0,0.9993783941286194
5847.0,637432.0,0.9993174053513763
5848.0,637552.0,0.9993473820725461
5849.0,637694.0,0.9994118626907246
5850.0,637800.0,0.9994199477683096
5851.0,637589.0,0.9989314139909159
5852.0,635743.0,0.995881871275892
5853.0,631723.0,0.9894283325114396
5854.0,630796.0,0.987820482446977
5855.0,634652.0,0.993702134606211
5856.0,637084.0,0.9973527109645671
5857.0,637006.0,0.9970734080867479
5858.0,637161.0,0.9971588890923273
5859.0,637989.0,0.9982974762578832
5860.0,638516.0,0.9989648410827933
5861.0,638682.0,0.9990673520736845
5862.0,638686.0,0.9989165171820308
5863.0,638824.0,0.9989753342670358
5864.0,639060.0,0.9991874193185882
5865.0,639133.0,0.9991446855101883
5866.0,639069.0,0.9988878935269822
5867.0,639172.0,0.998892234280746
5868.0,639444.0,0.9991607118153271
5869.0,639650.0,0.9993260629784375
5870.0,639777.0,0.9993680312806457
5871.0,639872.0,0.9993600816126611
5872.0,639952.0,0.9993287858239956
5873.0,640037.0,0.9993053831104379
5874.0,640142.0,0.9993132877455767
5875.0,640255.0,0.9993337567932145
5876.0,640350.0,0.9993262107083983
5877.0,640425.0,0.9992875436562437
5878.0,640497.0,0.9992442937678808
5879.0,640574.0,0.9992089438584549
5880.0,640641.0,0.9991580976611133
5881.0,640733.0,0.9991463424604676
5882.0,640840.0,0.9991580704222
5883.0,640898.0,0.9990935030190212
5884.0,640971.0,0.9990524313928947
5885.0,641125.0,0.9991377016481573
5886.0,641249.0,0.9991762997801623
5887.0,640790.0,0.9983067132924714
5888.0,636334.0,0.9912114096191361
5889.0,623098.0,0.970443989977372
5890.0,614168.0,0.956388427547237
5891.0,624758.0,0.9727293532296653
5892.0,637263.0,0.9920464901796251
5893.0,640614.0,0.9971096774218123
5894.0,637277.0,0.9917632116179057
5895.0,626069.0,0.9741711291243392
5896.0,618910.0,0.9628838882460687
5897.0,628272.0,0.9772992204926592
5898.0,638813.0,0.9935439489925323
5899.0,641955.0,0.9982779444116301
5900.0,642427.0,0.9988592427986648
5901.0,642619.0,0.9990052056569279
5902.0,642744.0,0.9990471100647962
5903.0,642832.0,0.9990316287094039
5904.0,642908.0,0.9989976364094855
5905.0,642972.0,0.9989451433632176
5906.0,643055.0,0.9989223151802337
5907.0,643175.0,0.9989570970670659
5908.0,643254.0,0.9989283360430359
5909.0,643199.0,0.9986916621441044
5910.0,643158.0,0.9984769355201852
5911.0,643350.0,0.9986240851973917
5912.0,643548.0,0.998780647037168
5913.0,643521.0,0.9985881627551201
5914.0,643425.0,0.9982888294981798
5915.0,643547.0,0.9983279173361606
5916.0,643770.0,0.9985238017028059
5917.0,643977.0,0.9986949673717883
5918.0,644147.0,0.9988088648829808
5919.0,644261.0,0.9988360649661665
5920.0,644356.0,0.9988339630416385
5921.0,644424.0,0.9987901748381321
5922.0,644482.0,0.9987310650653659
5923.0,644594.0,0.9987558060743762
5924.0,644727.0,0.9988132384480587
5925.0,644839.0,0.9988382925054775
5926.0,644931.0,0.9988325331883653
5927.0,644987.0,0.9987711997450829
5928.0,645012.0,0.9986620600272562
5929.0,645017.0,0.9985221655684579
5930.0,645063.0,0.9984459491333738
5931.0,645231.0,0.9985587397388678
5932.0,645401.0,0.998674771093806
5933.0,645452.0,0.9986068392222224
5934.0,645425.0,0.9984184505385164
5935.0,645488.0,0.9983695035735853
5936.0,645669.0,0.9985032396891008
5937.0,645827.0,0.9986015610727341
5938.0,645948.0,0.9986428409038445
5939.0,646058.0,0.9986672963658153
5940.0,646131.0,0.998634751997676
5941.0,646171.0,0.9985514157617501
5942.0,646242.0,0.9985161986628509
5943.0,646362.0,0.9985568894645679
5944.0,646485.0,0.9986024023793858
5945.0,646595.0,0.9986280260288193
5946.0,646678.0,0.9986121517353295
5947.0,646676.0,0.9984652474150569
5948.0,646578.0,0.9981703898116073
5949.0,646619.0,0.9980903791392238
5950.0,646859.0,0.998317724453765
5951.0,647035.0,0.9984464574631373
5952.0,647063.0,0.9983470195635346
5953.0,647094.0,0.9982524533708815
5954.0,647232.0,0.9983231733127195
5955.0,647298.0,0.9982830512350329
5956.0,647195.0,0.9979825609371209
5957.0,647221.0,0.9978812693177275
5958.0,647499.0,0.9981687072146943
5959.0,647736.0,0.9983930937604917
5960.0,647863.0,0.9984481188340635
5961.0,647962.0,0.9984602115785776
5962.0,648056.0,0.9984648281375185
5963.0,648137.0,0.9984496494729399
5964.0,648200.0,0.9984069842595313
5965.0,648231.0,0.9983152848917142
5966.0,648281.0,0.9982531057502041
5967.0,648401.0,0.9982989574224033
5968.0,648529.0,0.998357352663781
5969.0,648634.0,0.9983805726834194
5970.0,648728.0,0.9983871017680177
5971.0,648810.0,0.9983754098111908
5972.0,648881.0,0.998347044659885
5973.0,648945.0,0.9983081683488614
5974.0,648980.0,0.9982249477495315
5975.0,648967.0,0.9980681820607463
5976.0,648989.0,0.9979655341660335
5977.0,649100.0,0.9980000092568492
5978.0,649242.0,0.998082389330402
5979.0,649375.0,0.9981511728129755
5980.0,649505.0,0.9982155883599717
5981.0,649616.0,0.9982510526787225
5982.0,649696.0,0.9982391416359364
5983.0,649729.0,0.9981552959290461
5984.0,649712.0,0.9979949381380128
5985.0,649756.0,0.9979285802284517
5986.0,649890.0,0.9980007197651675
5987.0,649995.0,0.998028585502936
5988.0,650076.0,0.998019873125019
5989.0,650152.0,0.9980037645866185
5990.0,650184.0,0.9979204062817499
5991.0,650164.0,0.997757549656792
5992.0,650278.0,0.997800630314869
5993.0,650497.0,0.9980050760402536
5994.0,650642.0,0.9980962357904358
5995.0,650729.0,0.9980986971354013
5996.0,650807.0,0.9980876438821167
5997.0,650882.0,0.9980722835534296
5998.0,650958.0,0.9980587524187172
5999.0,651039.0,0.9980531835489249
6000.0,651112.0,0.9980356489449478
6001.0,651159.0,0.9979785678396846
6002.0,651146.0,0.9978298549447101
6003.0,651148.0,0.9977044641151742
6004.0,651293.0,0.9977984874251752
6005.0,651452.0,0.9979142360024099
6006.0,651513.0,0.997880160209357
6007.0,651455.0,0.9976641589318096
6008.0,651372.0,0.9974102402977552
6009.0,651503.0,0.9974843414571171
6010.0,651785.0,0.9977898954356607
6011.0,651952.0,0.9979196597432154
6012.0,651975.0,0.9978293190637686
6013.0,651959.0,0.997679637471699
6014.0,652031.0,0.9976649600929471
6015.0,652102.0,0.997649077110752
6016.0,652036.0,0.9974239505558617
6017.0,652082.0,0.9973705097900184
6018.0,652323.0,0.9976156267680941
6019.0,652444.0,0.9976775138503056
6020.0,652399.0,0.9974859089352714
6021.0,652355.0,0.9972962105818357
6022.0,652407.0,0.99725363433966
6023.0,652520.0,0.9973046342519849
6024.0,652610.0,0.9973208087565983
6025.0,652807.0,0.9975008146428146
6026.0,652977.0,0.9976398645575063
6027.0,653043.0,0.9976203462765257
6028.0,653146.0,0.9976576914556519
6029.0,653281.0,0.9977442449363543
6030.0,653388.0,0.9977883648768224
6031.0,653466.0,0.9977885413491152
6032.0,653548.0,0.9977951740739648
6033.0,653625.0,0.9977945234882056
6034.0,653688.0,0.9977728565323323
6035.0,653766.0,0.9977744420104034
6036.0,653853.0,0.9977901173430251
6037.0,653929.0,0.9977893625635198
6038.0,654004.0,0.9977874417567576
6039.0,654074.0,0.9977782551245815
6040.0,654140.0,0.9977633322203829
6041.0,654203.0,0.9977442018751357
6042.0,654251.0,0.9977025678035142
6043.0,654307.0,0.9976735093674091
6044.0,654393.0,0.9976905652320415
6045.0,654483.0,0.9977140861231567
6046.0,654544.0,0.997693771074779
6047.0,654601.0,0.9976677388504602
6048.0,654687.0,0.9976862822262524
6049.0,654781.0,0.9977173892820143
6050.0,654855.0,0.9977183975391424
6051.0,654896.0,0.9976695146137065
6052.0,654938.0,0.9976225487624745
6053.0,655028.0,0.9976490849872522
6054.0,655116.0,0.9976729558549263
6055.0,655149.0,0.9976134594351957
6056.0,655177.0,0.9975467529236347
6057.0,655283.0,0.9975991990723496
6058.0,655407.0,0.9976794269062743
6059.0,655492.0,0.9977006715362349
6060.0,655561.0,0.9976979575727423
6061.0,655633.0,0.9977002074730962
6062.0,655684.0,0.9976709036128961
6063.0,655573.0,0.9973955389613413
6064.0,654797.0,0.9961090056523133
6065.0,653466.0,0.9939789459538148
6066.0,653599.0,0.9940763786037885
6067.0,655112.0,0.9962728561596702
6068.0,655998.0,0.997515861075759
6069.0,656218.0,0.9977463983623406
6070.0,656295.0,0.9977598991544003
6071.0,656368.0,0.9977677314770754
6072.0,656443.0,0.9977790186854
6073.0,656516.0,0.9977876821558772
6074.0,656580.0,0.9977830867542262
6075.0,656637.0,0.9977682772782384
6076.0,656693.0,0.9977523746950565
6077.0,656727.0,0.9977034777119532
6078.0,656727.0,0.9976033693174712
6079.0,656784.0,0.9975902865621956
6080.0,656905.0,0.9976748363214457
6081.0,656974.0,0.9976808336727584
6082.0,656982.0,0.9975946376178295
6083.0,656977.0,0.9974891554923646
6084.0,656981.0,0.9973977939211812
6085.0,657035.0,0.9973827885908777
6086.0,657177.0,0.9975017975559775
6087.0,657347.0,0.997663721037388
6088.0,657476.0,0.9977638364474628
6089.0,657534.0,0.9977566407474953
6090.0,657549.0,0.9976846501438869
6091.0,657609.0,0.9976813925608287
6092.0,657710.0,0.9977407822564655
6093.0,657800.0,0.997783927153443
6094.0,657889.0,0.9978260006731762
6095.0,657973.0,0.9978609386144285
6096.0,658028.0,0.9978523504414273
6097.0,658075.0,0.9978320919693769
6098.0,658138.0,0.9978365557185861
6099.0,658193.0,0.9978293523228158
6100.0,658165.0,0.9976967959327704
6101.0,657682.0,0.9968750666691718
6102.0,656500.0,0.9949945432405275
6103.0,656151.0,0.9943772086841343
6104.0,657367.0,0.9961319530839879
6105.0,658347.0,0.9975292712188948
6106.0,658558.0,0.9977617285326149
6107.0,658442.0,0.9974992354860602
6108.0,658360.0,0.9972887680827541
6109.0,658583.0,0.9975407918156276
6110.0,658860.0,0.9978750379462797
6111.0,658973.0,0.9979613442045314
6112.0,659021.0,0.9979496904770512
6113.0,659068.0,0.997937009786584
6114.0,659133.0,0.9979520707979547
6115.0,659194.0,0.997961562235562
6116.0,659250.0,0.9979639734257004
6117.0,659341.0,0.9980198543431852
6118.0,659430.0,0.9980731926729477
6119.0,659418.0,0.9979741625821772
6120.0,658868.0,0.9970614928578341
6121.0,656618.0,0.9935770725611643
6122.0,654065.0,0.9896352510019457
6123.0,655396.0,0.9915707870210374
6124.0,658414.0,0.9960586377052331
6125.0,659636.0,0.997829486528619
6126.0,659831.0,0.9980471473992761
6127.0,659908.0,0.9980868126503591
6128.0,659956.0,0.9980831241075119
6129.0,659980.0,0.9980436545808802
6130.0,660068.0,0.9981014803550116
6131.0,660198.0,0.998223317095268
6132.0,660299.0,0.9983018078823429
6133.0,660370.0,0.9983354524332865
6134.0,660186.0,0.997984136430366
6135.0,658654.0,0.9955958093118362
6136.0,654861.0,0.98979095798546
6137.0,652323.0,0.9858841994297656
6138.0,654571.0,0.9892112954152917
6139.0,657742.0,0.9939332160605316
6140.0,654844.0,0.9894845995142233
6141.0,644418.0,0.9736629388987804
6142.0,641035.0,0.9684846544653788
6143.0,651055.0,0.9835556550357889
6144.0,658998.0,0.9954875964843918
6145.0,660905.0,0.9983010457795779
6146.0,661077.0,0.9984941050851902
6147.0,661014.0,0.9983327593793968
6148.0,660953.0,0.9981749993445894
6149.0,661003.0,0.9981854274147266
6150.0,661130.0,0.9983126720940582
6151.0,661246.0,0.9984238403156791
6152.0,661367.0,0.998543094133165
6153.0,661520.0,0.9987111964013097
6154.0,661573.0,0.9987288690347133
6155.0,661565.0,0.998655013772959
6156.0,661636.0,0.998700971023303
6157.0,661699.0,0.9987354070878606
6158.0,661722.0,0.9987100295366873
6159.0,661688.0,0.9985991949530986
6160.0,660828.0,0.9972424374772456
6161.0,657455.0,0.992094307709624
6162.0,653922.0,0.9867059160168083
6163.0,655922.0,0.9896669981637982
6164.0,660061.0,0.9958554872018385
6165.0,661755.0,0.9983552047379748
6166.0,662008.0,0.9986813764415247
6167.0,662025.0,0.9986520865365904
6168.0,661721.0,0.9981391814335221
6169.0,661120.0,0.9971789405278708
6170.0,661239.0,0.9973053134212867
6171.0,661994.0,0.9983914431799618
6172.0,662346.0,0.998870287382101
6173.0,662295.0,0.9987419434587744
6174.0,662398.0,0.99884642083936
6175.0,662617.0,0.9991263876012383
6176.0,662714.0,0.9992229692396482
6177.0,662779.0,0.9992718879819183
6178.0,662885.0,0.9993832094040874
6179.0,662928.0,0.9994001406532655
6180.0,662919.0,0.9993392793523678
6181.0,663024.0,0.999450868668396
6182.0,663174.0,0.9996308796534545
6183.0,663255.0,0.9997074755601392
6184.0,663314.0,0.9997515110828311
6185.0,663378.0,0.9998036851818026
6186.0,663421.0,0.9998248146435548
6187.0,663437.0,0.9998058632253967
6188.0,663427.0,0.9997483447242493
6189.0,663131.0,0.9992604762127474
6190.0,661442.0,0.9966742623936988
6191.0,658431.0,0.9920969395877637
6192.0,658396.0,0.9920045354627921
6193.0,661548.0,0.9967144145279874
6194.0,663480.0,0.9995865166871658
6195.0,663900.0,1.0001811576346962
6196.0,663986.0,1.0002732191124668
6197.0,664044.0,1.0003237215327798
6198.0,664050.0,1.0002965187201498
6199.0,663935.0,1.0000876858269925
6200.0,663808.0,0.9998614249133906
