wave,flux,norm
3800.0,261953.0,0.9021646811208487
3801.0,279179.0,0.9607299596162567
3802.0,286308.0,0.9844762111766838
3803.0,288942.0,0.9927333545710647
3804.0,288778.0,0.991364368268634
3805.0,285104.0,0.977950481589866
3806.0,278410.0,0.9542009733943482
3807.0,273438.0,0.9363808155610583
3808.0,278200.0,0.9518895225162188
3809.0,286948.0,0.9809923031824631
3810.0,291325.0,0.9951083036135604
3811.0,290121.0,0.990145924052195
3812.0,281197.0,0.9588605173994389
3813.0,269261.0,0.9173608878680165
3814.0,265621.0,0.904166699838132
3815.0,267204.0,0.9087527532871592
3816.0,272068.0,0.9244731592417517
3817.0,282496.0,0.9590485718787641
3818.0,289172.0,0.9808292793609642
3819.0,285378.0,0.9670835736331356
3820.0,275114.0,0.9314510095815562
3821.0,274633.0,0.9289692932649747
3822.0,284419.0,0.9611830003355399
3823.0,285752.0,0.964790781901061
3824.0,275528.0,0.929401939658184
3825.0,268253.0,0.9040115793164162
3826.0,270068.0,0.9092676353657311
3827.0,274400.0,0.9229742057839354
3828.0,275286.0,0.925068968984507
3829.0,276854.0,0.9294435635285548
3830.0,281457.0,0.9439831416876736
3831.0,280208.0,0.9388807406695767
3832.0,269221.0,0.9011857743025727
3833.0,259834.0,0.8689097514999896
3834.0,248330.0,0.829619604911665
3835.0,236065.0,0.7878624424073926
3836.0,243896.0,0.8131868191810309
3837.0,264211.0,0.8800377587100582
3838.0,273106.0,0.9087498214446506
3839.0,274748.0,0.9132890987882002
3840.0,272490.0,0.9048631790789952
3841.0,273100.0,0.9059634166443864
3842.0,283465.0,0.9393837485482354
3843.0,291819.0,0.9660727936629279
3844.0,295197.0,0.9762453708231336
3845.0,294958.0,0.9744422066495427
3846.0,294776.0,0.9728256406016236
3847.0,297472.0,0.9806953300401828
3848.0,298560.0,0.983247684618415
3849.0,292492.0,0.9622475029806036
3850.0,284486.0,0.9349177554120026
3851.0,286892.0,0.9418221424397197
3852.0,295426.0,0.9688028056079526
3853.0,300986.0,0.9859785638876611
3854.0,303016.0,0.9915612708192475
3855.0,298869.0,0.9769357847600988
3856.0,290570.0,0.948779808281562
3857.0,287850.0,0.9388771937762636
3858.0,285749.0,0.9310083528939991
3859.0,280054.0,0.9114552907151542
3860.0,281785.0,0.9160826247782007
3861.0,294382.0,0.9559819390528863
3862.0,305228.0,0.9901089056177934
3863.0,308406.0,0.9993096848963878
3864.0,305762.0,0.9896417650999496
3865.0,299831.0,0.9693638787907252
3866.0,298657.0,0.9644892310879892
3867.0,303450.0,0.9788695631414577
3868.0,307059.0,0.9893982738440183
3869.0,306364.0,0.986046374744708
3870.0,296382.0,0.9528409358866095
3871.0,271727.0,0.8725876316355637
3872.0,248437.0,0.7968910270305283
3873.0,250492.0,0.8025676863873721
3874.0,269021.0,0.8609499617085066
3875.0,285059.0,0.911232490045047
3876.0,289985.0,0.9259158038912239
3877.0,279999.0,0.8930027639882285
3878.0,266896.0,0.8502323104186182
3879.0,272305.0,0.8664614635624512
3880.0,286912.0,0.9118834756542896
3881.0,291718.0,0.9260827177305704
3882.0,289061.0,0.9165811381735178
3883.0,288613.0,0.9140945766807921
3884.0,293506.0,0.9285066988476189
3885.0,293809.0,0.9283782874297944
3886.0,284040.0,0.8964585933153871
3887.0,274169.0,0.8642889876586338
3888.0,258869.0,0.8150976651826082
3889.0,244135.0,0.767799300575853
3890.0,258290.0,0.811357835305611
3891.0,283751.0,0.8902839665291218
3892.0,294813.0,0.923896335242042
3893.0,293838.0,0.9197487600165086
3894.0,288222.0,0.9010983851790075
3895.0,279058.0,0.871410139239515
3896.0,282213.0,0.8802122939504812
3897.0,290406.0,0.9046853101681752
3898.0,288412.0,0.897400060671045
3899.0,287463.0,0.893377134565766
3900.0,286908.0,0.890584154771619
3901.0,283569.0,0.8791638455391948
3902.0,281096.0,0.8704500448331389
3903.0,289620.0,0.8957673502905669
3904.0,299133.0,0.9240764328149618
3905.0,289850.0,0.8943204776820924
3906.0,281491.0,0.8674812981964952
3907.0,293820.0,0.9043825017003364
3908.0,307873.0,0.9464922498603271
3909.0,310776.0,0.9542608024352631
3910.0,304822.0,0.9348449475012135
3911.0,307187.0,0.9409559739957617
3912.0,315189.0,0.9642957809920486
3913.0,309688.0,0.9463153880942691
3914.0,300916.0,0.9183932900389831
3915.0,300116.0,0.9148377417332133
3916.0,304224.0,0.9262314460208594
3917.0,312169.0,0.9492630797588913
3918.0,317255.0,0.9635532491622358
3919.0,311866.0,0.9460310304287995
3920.0,295386.0,0.8949464786068722
3921.0,284917.0,0.8621742299405153
3922.0,291458.0,0.8808904627337244
3923.0,305101.0,0.9209977358458921
3924.0,317997.0,0.9587529813437882
3925.0,323158.0,0.9731217432556641
3926.0,318200.0,0.957019540105211
3927.0,300891.0,0.9038534395060419
3928.0,281189.0,0.8436361326329725
3929.0,274871.0,0.823670766551008
3930.0,262863.0,0.7867231867574875
3931.0,229189.0,0.6850999125090556
3932.0,169953.0,0.5074070993795481
3933.0,107050.0,0.3192139515952343
3934.0,93349.3,0.2780184967344863
3935.0,141350.0,0.420461108573449
3936.0,211928.0,0.6296304580144387
3937.0,269384.0,0.7993492127941433
3938.0,301490.0,0.8935215732666341
3939.0,316485.0,0.9368124775587353
3940.0,322212.0,0.9525958716306339
3941.0,323107.0,0.9540713652402882
3942.0,320545.0,0.9453466489228973
3943.0,308781.0,0.9095369203712027
3944.0,301230.0,0.8862082257218094
3945.0,315599.0,0.927344480151495
3946.0,332218.0,0.9749822121947674
3947.0,335729.0,0.9840804600641779
3948.0,332351.0,0.9729872168554782
3949.0,329704.0,0.9640575142734041
3950.0,329305.0,0.9617137872889484
3951.0,327546.0,0.9554079014307534
3952.0,319588.0,0.9310569385705428
3953.0,317329.0,0.9233472110798037
3954.0,330236.0,0.959730869308137
3955.0,338606.0,0.9828556804919666
3956.0,334790.0,0.9705947395429267
3957.0,331994.0,0.9613164155298075
3958.0,335538.0,0.9703956306849884
3959.0,340301.0,0.9829732249083074
3960.0,337933.0,0.9749464645795229
3961.0,323407.0,0.9319050335209351
3962.0,309846.0,0.8917448340067019
3963.0,310675.0,0.8930461161866831
3964.0,317067.0,0.9103154478967449
3965.0,308998.0,0.8860745477122194
3966.0,272233.0,0.7797035919148851
3967.0,204031.0,0.5836595010157147
3968.0,133812.0,0.38232577386672256
3969.0,122121.0,0.3485013551278174
3970.0,177526.0,0.5060019587162531
3971.0,248014.0,0.7060623575109574
3972.0,292815.0,0.8326018052314319
3973.0,312935.0,0.8887423623689444
3974.0,323313.0,0.9171137125660856
3975.0,334384.0,0.9473803273402107
3976.0,344169.0,0.9739352126885172
3977.0,347318.0,0.9816703150581265
3978.0,349100.0,0.9855278074407744
3979.0,352705.0,0.9945163996063917
3980.0,353536.0,0.9956711439547179
3981.0,346450.0,0.9745529619254052
3982.0,335477.0,0.9425641258510407
3983.0,334716.0,0.9393092305034872
3984.0,345227.0,0.9676571997921466
3985.0,352339.0,0.9864222703337338
3986.0,349411.0,0.97706807552936
3987.0,345564.0,0.9651694807158887
3988.0,349338.0,0.9745598332909275
3989.0,353477.0,0.9849454851945533
3990.0,354784.0,0.9874251674639389
3991.0,357688.0,0.9943389705878424
3992.0,360310.0,1.0004540206794734
3993.0,358342.0,0.9938253628458988
3994.0,351139.0,0.9727109488345808
3995.0,347598.0,0.9617788465511765
3996.0,351362.0,0.971061671836076
3997.0,352186.0,0.9722076801338206
3998.0,349723.0,0.9642884649433175
3999.0,351412.0,0.9678232993398119
4000.0,353891.0,0.973523897404283
4001.0,354537.0,0.9741754803018556
4002.0,359115.0,0.9856180165328349
4003.0,363519.0,0.9965580531697584
4004.0,359838.0,0.9853349005348074
4005.0,350793.0,0.9594670811053259
4006.0,348077.0,0.9509502212609141
4007.0,353631.0,0.9650216825338926
4008.0,361202.0,0.9845599668560376
4009.0,364676.0,0.9928999555606057
4010.0,365487.0,0.9939797098972183
4011.0,364274.0,0.9895597604942922
4012.0,359930.0,0.976654943994433
4013.0,360127.0,0.9760881216619631
4014.0,363694.0,0.9846473111721065
4015.0,365702.0,0.9889722223577625
4016.0,366079.0,0.9888826179277427
4017.0,364954.0,0.9847413923747714
4018.0,365255.0,0.984453801286146
4019.0,364820.0,0.9821863132524233
4020.0,363136.0,0.976565938770003
4021.0,365034.0,0.9805812152705488
4022.0,368789.0,0.9895714306106644
4023.0,370228.0,0.9923350664597659
4024.0,366642.0,0.9816397246404218
4025.0,362116.0,0.9684549058483204
4026.0,364225.0,0.9730253574841649
4027.0,368265.0,0.9827397111972088
4028.0,368648.0,0.9826854590028112
4029.0,366603.0,0.9761671299019272
4030.0,359999.0,0.9575377485996209
4031.0,355300.0,0.9440112832778045
4032.0,354761.0,0.9415559600834756
4033.0,349236.0,0.9258880475380222
4034.0,345811.0,0.9158163576163827
4035.0,353799.0,0.9359598620960206
4036.0,366961.0,0.9697336663732298
4037.0,374373.0,0.9882570611475077
4038.0,376991.0,0.9941001380844322
4039.0,376676.0,0.9922057638609845
4040.0,373857.0,0.983727589271375
4041.0,373226.0,0.9810195380536503
4042.0,375694.0,0.9864551550584724
4043.0,375837.0,0.9857818719063003
4044.0,371123.0,0.9723850095289641
4045.0,361716.0,0.9467342196237557
4046.0,358274.0,0.9367344564743794
4047.0,366819.0,0.9580644980595968
4048.0,373040.0,0.9732869942599157
4049.0,373928.0,0.9745788121930682
4050.0,376004.0,0.9789618553197627
4051.0,379875.0,0.9880051462727553
4052.0,380706.0,0.9891320245715295
4053.0,378356.0,0.9820013194905554
4054.0,377568.0,0.9789361879202048
4055.0,379139.0,0.981988207439638
4056.0,380993.0,0.985766975752932
4057.0,381794.0,0.9868171040392023
4058.0,381019.0,0.983796662834533
4059.0,381257.0,0.9833961878803563
4060.0,384058.0,0.9896014625744279
4061.0,385793.0,0.993050895990294
4062.0,380905.0,0.9794636434414261
4063.0,370766.0,0.9524163853101064
4064.0,368957.0,0.9468013016404649
4065.0,374415.0,0.9598277209219623
4066.0,374141.0,0.9581491726416025
4067.0,375495.0,0.9606398053525006
4068.0,383075.0,0.9790382004493379
4069.0,388797.0,0.9926564097988348
4070.0,386984.0,0.9870293856449922
4071.0,378199.0,0.9636499039110855
4072.0,375220.0,0.9550970889921147
4073.0,382311.0,0.9721690092947536
4074.0,385854.0,0.9801944057123085
4075.0,384756.0,0.9764266918788308
4076.0,381376.0,0.9668818829332833
4077.0,372633.0,0.9437739532821036
4078.0,370844.0,0.9383078060255091
4079.0,382432.0,0.9666660804897184
4080.0,392093.0,0.9901028450115369
4081.0,395349.0,0.9973362571817638
4082.0,394860.0,0.995118097210817
4083.0,390751.0,0.9837910686147833
4084.0,385204.0,0.9688702732842369
4085.0,385066.0,0.9675710172088069
4086.0,391015.0,0.9815551273944327
4087.0,396368.0,0.9940179519260077
4088.0,399267.0,1.0003090195679392
4089.0,400423.0,1.0022260056102061
4090.0,400465.0,1.0013545105186303
4091.0,399875.0,0.9989067324118793
4092.0,398996.0,0.9957432571875203
4093.0,398869.0,0.9944615832060586
4094.0,398414.0,0.9923661850730412
4095.0,396688.0,0.987112867721065
4096.0,395886.0,0.9841674994126931
4097.0,397060.0,0.9861361450703506
4098.0,397909.0,0.987295372762191
4099.0,393747.0,0.9760317185032037
4100.0,374760.0,0.9280769133073512
4101.0,339943.0,0.8410496540943491
4102.0,327854.0,0.810366616727171
4103.0,356069.0,0.8792684007421443
4104.0,384440.0,0.9484246587548084
4105.0,395872.0,0.9757009788774016
4106.0,398867.0,0.982151459688994
4107.0,399614.0,0.9830603354877623
4108.0,400454.0,0.9841967945596414
4109.0,400039.0,0.9822503330578248
4110.0,400196.0,0.981711423491589
4111.0,403050.0,0.9877839866613359
4112.0,405919.0,0.9938826144973342
4113.0,407450.0,0.9966975590684299
4114.0,408091.0,0.9973329023012283
4115.0,408747.0,0.9980044125291121
4116.0,409477.0,0.9988559099304084
4117.0,408164.0,0.9947275978939016
4118.0,403746.0,0.9830475635814204
4119.0,400985.0,0.9754206400031498
4120.0,402103.0,0.9772357091237658
4121.0,402843.0,0.9781303163190931
4122.0,404133.0,0.9803581796323975
4123.0,406587.0,0.9854037090194161
4124.0,408559.0,0.9892735643445353
4125.0,409770.0,0.9912960453853336
4126.0,409814.0,0.9904949553125235
4127.0,408561.0,0.9865641231388954
4128.0,407819.0,0.983873958771327
4129.0,408886.0,0.9855496691053717
4130.0,408930.0,0.9847594934703634
4131.0,403464.0,0.9707146465740779
4132.0,396836.0,0.9539027559667841
4133.0,398729.0,0.9575859549605186
4134.0,403541.0,0.968267083632633
4135.0,407741.0,0.977462481275854
4136.0,411994.0,0.9867689256811931
4137.0,413542.0,0.9895863716908384
4138.0,414241.0,0.990369638426247
4139.0,415425.0,0.9923106741059333
4140.0,416102.0,0.9930389371833839
4141.0,415270.0,0.990168512692241
4142.0,410181.0,0.9771625413684922
4143.0,400196.0,0.9525271576831897
4144.0,396915.0,0.9438785593518703
4145.0,405936.0,0.9644745991789064
4146.0,413564.0,0.9817280506130469
4147.0,414706.0,0.9835686226125874
4148.0,412832.0,0.9782597823662548
4149.0,410751.0,0.972470862310277
4150.0,412016.0,0.9746075990108336
4151.0,416062.0,0.9833137834686636
4152.0,417259.0,0.9852779584284431
4153.0,414847.0,0.9787248232539979
4154.0,411618.0,0.970257963939546
4155.0,412537.0,0.9715755646884188
4156.0,415150.0,0.9768775945260149
4157.0,416005.0,0.9780379198082996
4158.0,416854.0,0.9791827580508147
4159.0,418598.0,0.9824267482826896
4160.0,420150.0,0.9852155179045702
4161.0,419039.0,0.9817609785099286
4162.0,416989.0,0.9761149489654083
4163.0,415784.0,0.9724555909104511
4164.0,416700.0,0.9737595678700336
4165.0,420985.0,0.9829279490076335
4166.0,423219.0,0.9872965824198291
4167.0,421371.0,0.9821438976915662
4168.0,421041.0,0.9805358055192726
4169.0,422326.0,0.9826889234029483
4170.0,422656.0,0.9826187248958197
4171.0,420548.0,0.9768860439935594
4172.0,413805.0,0.9604062593445921
4173.0,408303.0,0.9468328348647844
4174.0,409150.0,0.9479935035704783
4175.0,413062.0,0.9562483276252725
4176.0,416252.0,0.9628197472251725
4177.0,414019.0,0.9568474589629093
4178.0,412372.0,0.9522389737385245
4179.0,418154.0,0.9647792457141829
4180.0,421846.0,0.9724809654941343
4181.0,419534.0,0.9663409336666124
4182.0,418270.0,0.9626236552484366
4183.0,419141.0,0.9638226250585354
4184.0,420447.0,0.9660196146106488
4185.0,420840.0,0.9661175437290065
4186.0,414655.0,0.9511273853821944
4187.0,407123.0,0.9330755132192193
4188.0,409058.0,0.9367333210519929
4189.0,416524.0,0.9530409919462624
4190.0,422327.0,0.9655203149113504
4191.0,421746.0,0.9633965866440067
4192.0,419557.0,0.9576067693422282
4193.0,422706.0,0.9640005782102014
4194.0,423967.0,0.9660822908660427
4195.0,422369.0,0.9616517473314139
4196.0,425828.0,0.9687333754320423
4197.0,425303.0,0.9667480086547459
4198.0,414444.0,0.9412955836990182
4199.0,409648.0,0.9296444017293176
4200.0,414344.0,0.9395360695289561
4201.0,413853.0,0.9376600700148285
4202.0,413298.0,0.9356427453419702
4203.0,419729.0,0.9494316120883515
4204.0,422208.0,0.9542664422638051
4205.0,419147.0,0.9465826905834304
4206.0,417786.0,0.9427479590254897
4207.0,421340.0,0.9500018431390097
4208.0,429486.0,0.9675898921031518
4209.0,431400.0,0.9711213900356667
4210.0,425170.0,0.956329543863843
4211.0,419912.0,0.9437464611414986
4212.0,420139.0,0.9435016138873497
4213.0,423686.0,0.9507073918290597
4214.0,423867.0,0.950355244155253
4215.0,412392.0,0.9238909604455103
4216.0,402359.0,0.9006972260559434
4217.0,406702.0,0.909696519352799
4218.0,415340.0,0.9282813015810477
4219.0,424438.0,0.9478644168410245
4220.0,434390.0,0.9693227195807311
4221.0,436305.0,0.9728275704865185
4222.0,429372.0,0.9566145897402208
4223.0,420866.0,0.936925833320317
4224.0,417667.0,0.9290735902809744
4225.0,416403.0,0.9255350516300205
4226.0,407208.0,0.9043881811709835
4227.0,403376.0,0.8951764991438551
4228.0,418055.0,0.9270273839024419
4229.0,427618.0,0.9474932505308772
4230.0,423086.0,0.9367210674150084
4231.0,420136.0,0.9294659715457789
4232.0,421436.0,0.9316175725554602
4233.0,422650.0,0.9335763297008994
4234.0,427987.0,0.9446325981234803
4235.0,424548.0,0.9363172296562777
4236.0,406821.0,0.8965281180410059
4237.0,402103.0,0.8854472044846423
4238.0,416981.0,0.9175017439019457
4239.0,433282.0,0.9526360668696542
4240.0,441062.0,0.9689965278676198
4241.0,436412.0,0.9580450511396926
4242.0,417521.0,0.9158718350065578
4243.0,406524.0,0.891066594102386
4244.0,420679.0,0.921388647061829
4245.0,436389.0,0.9550680750395859
4246.0,432355.0,0.9455184002769036
4247.0,417126.0,0.9115199546079554
4248.0,404386.0,0.8830085429884091
4249.0,396021.0,0.864086729839947
4250.0,400204.0,0.872552005022778
4251.0,418550.0,0.9118606343968289
4252.0,433314.0,0.943312338218698
4253.0,427475.0,0.9298986858676291
4254.0,409337.0,0.8897714757098402
4255.0,401165.0,0.8713517730850983
4256.0,416343.0,0.9036394857104948
4257.0,437286.0,0.9483822019167826
4258.0,438748.0,0.9508396855548056
4259.0,429215.0,0.9294837615326321
4260.0,420137.0,0.9091447764885114
4261.0,411526.0,0.8898463707421949
4262.0,416140.0,0.899152358075249
4263.0,430245.0,0.9289367806970715
4264.0,435343.0,0.9392448562018543
4265.0,438952.0,0.9463279203953268
4266.0,439324.0,0.946427477085678
4267.0,425120.0,0.9151497481172325
4268.0,416524.0,0.8959820292358486
4269.0,421759.0,0.9065728161452175
4270.0,419341.0,0.9007103378836607
4271.0,410224.0,0.8804785780147025
4272.0,408704.0,0.8765706901093104
4273.0,405196.0,0.8684082734228888
4274.0,392047.0,0.8396109632802613
4275.0,394833.0,0.8449577390054602
4276.0,418126.0,0.8941506792601447
4277.0,438048.0,0.9360685291008787
4278.0,439276.0,0.9380073376829502
4279.0,418622.0,0.8932520779035253
4280.0,396954.0,0.8464002940980012
4281.0,402693.0,0.8580127609764324
4282.0,419477.0,0.8931250489654547
4283.0,429176.0,0.9131127334475201
4284.0,425263.0,0.9041319745713181
4285.0,404542.0,0.859455722571933
4286.0,391428.0,0.8309939096062536
4287.0,403417.0,0.8558282318439957
4288.0,413692.0,0.8769935425381129
4289.0,401672.0,0.8508991474289517
4290.0,386836.0,0.8188815122934323
4291.0,385776.0,0.8160512514190654
4292.0,398234.0,0.8418001633796867
4293.0,409171.0,0.8642996704806364
4294.0,407810.0,0.8608085972365704
4295.0,402782.0,0.8495880421621893
4296.0,393691.0,0.8298198593221052
4297.0,375872.0,0.791696453744412
4298.0,363036.0,0.7641158196629058
4299.0,346811.0,0.7294466239990148
4300.0,332943.0,0.6997808984472293
4301.0,336001.0,0.7057074256307908
4302.0,338624.0,0.7107128299858272
4303.0,333919.0,0.7003420985579537
4304.0,333852.0,0.6997068805044079
4305.0,338229.0,0.7083802443112169
4306.0,338868.0,0.7092183623670191
4307.0,325905.0,0.681607911073072
4308.0,306360.0,0.6402804184584944
4309.0,299441.0,0.6253805295745039
4310.0,299217.0,0.624474427752432
4311.0,300023.0,0.6257179534726173
4312.0,312568.0,0.6514252997379654
4313.0,344323.0,0.7171046671006529
4314.0,383885.0,0.7989404906001459
4315.0,421920.0,0.8774866948207216
4316.0,455436.0,0.9465319673142141
4317.0,471865.0,0.9799943210063013
4318.0,473521.0,0.982750476643368
4319.0,471248.0,0.9773545165223161
4320.0,464929.0,0.963580903206051
4321.0,456455.0,0.9453634735828834
4322.0,440610.0,0.9119160447128563
4323.0,407002.0,0.8417770163469547
4324.0,388606.0,0.8031753830785158
4325.0,400321.0,0.8268181091413184
4326.0,424758.0,0.87668635255349
4327.0,450928.0,0.9300607223960226
4328.0,464497.0,0.957389776202112
4329.0,466492.0,0.960842471906782
4330.0,466165.0,0.959511361059239
4331.0,468927.0,0.9645361513533427
4332.0,471865.0,0.9699161547976274
4333.0,470636.0,0.9667297254029698
4334.0,468646.0,0.9619858548081912
4335.0,469476.0,0.963033404676648
4336.0,465687.0,0.954611353231116
4337.0,449514.0,0.9208323466909768
4338.0,431010.0,0.8823276566128548
4339.0,407734.0,0.8341132346307378
4340.0,376991.0,0.7706992575338107
4341.0,382874.0,0.78219681338337
4342.0,423911.0,0.8654488295406709
4343.0,447808.0,0.9136196481849496
4344.0,455464.0,0.928613181933738
4345.0,466139.0,0.9497378887144367
4346.0,471836.0,0.9606988300675404
4347.0,468454.0,0.9531721230740194
4348.0,467154.0,0.9498892474353696
4349.0,473542.0,0.962233003274459
4350.0,472256.0,0.9589774568337701
4351.0,456020.0,0.9253889233728153
4352.0,442587.0,0.8975297959891358
4353.0,448759.0,0.9094389066806454
4354.0,458580.0,0.928722409402906
4355.0,456203.0,0.9232933926377244
4356.0,453823.0,0.9178657975497344
4357.0,460974.0,0.9317095057407747
4358.0,463902.0,0.937005342690466
4359.0,456914.0,0.9222790193919439
4360.0,456958.0,0.9217571271418737
4361.0,467239.0,0.9418721884079128
4362.0,468123.0,0.9430307338001019
4363.0,459568.0,0.9251857574137349
4364.0,462203.0,0.9298770250792484
4365.0,471422.0,0.9477995800095838
4366.0,467276.0,0.9388459935485812
4367.0,458978.0,0.9215677601218488
4368.0,463385.0,0.9298056970211566
4369.0,467912.0,0.9382737072689777
4370.0,462573.0,0.9269601797804502
4371.0,459500.0,0.920199623988229
4372.0,461603.0,0.9238068898489423
4373.0,458334.0,0.9166657146729864
4374.0,444694.0,0.8888056783430026
4375.0,434769.0,0.8684024838636816
4376.0,442128.0,0.8825264680668281
4377.0,456923.0,0.9114655701748701
4378.0,466874.0,0.9307108174535592
4379.0,471122.0,0.9385697995795089
4380.0,470446.0,0.9366155896032946
4381.0,469839.0,0.9348014308900816
4382.0,463084.0,0.9207655776475419
4383.0,448776.0,0.8917399150646691
4384.0,447730.0,0.8890871866470861
4385.0,458187.0,0.9092656404189532
4386.0,467247.0,0.926647774138296
4387.0,471947.0,0.9353665373677389
4388.0,475768.0,0.942333317341748
4389.0,476524.0,0.943224558508034
4390.0,474344.0,0.9383071349547021
4391.0,474844.0,0.9386941903166744
4392.0,477232.0,0.9428108703314114
4393.0,474783.0,0.9373727274516019
4394.0,464215.0,0.9159225071978457
4395.0,457845.0,0.9027774940110317
4396.0,466937.0,0.9201179435706619
4397.0,479331.0,0.9439390834606675
4398.0,481878.0,0.9483509094478964
4399.0,475184.0,0.93458232629332
4400.0,470832.0,0.9254347199732453
4401.0,480424.0,0.9436888997262606
4402.0,491914.0,0.9656459883442304
4403.0,490817.0,0.9628823603587836
4404.0,479510.0,0.9401051861087331
4405.0,475947.0,0.9325299475822482
4406.0,486459.0,0.9525244199770236
4407.0,494107.0,0.9668894705084622
4408.0,495044.0,0.9681125260730252
4409.0,495652.0,0.9686912565294076
4410.0,498582.0,0.9738046738834
4411.0,502482.0,0.9808052311731016
4412.0,504936.0,0.9849764952987395
4413.0,503026.0,0.9806352328575187
4414.0,492495.0,0.959503743534205
4415.0,479311.0,0.9332334371780268
4416.0,478981.0,0.9320076703428521
4417.0,483517.0,0.9402460352869825
4418.0,488235.0,0.9488279971292558
4419.0,499671.0,0.9704469519947606
4420.0,508028.0,0.9860629331003177
4421.0,507773.0,0.9849545052103296
4422.0,505619.0,0.9801663461798266
4423.0,507517.0,0.983234440247315
4424.0,509968.0,0.9873695987062004
4425.0,508035.0,0.9830170400390569
4426.0,501946.0,0.9706334347114862
4427.0,495583.0,0.9577358277433458
4428.0,499501.0,0.9647105489333084
4429.0,508001.0,0.98052079970416
4430.0,510372.0,0.9844890909004929
4431.0,511866.0,0.9867620118851143
4432.0,514628.0,0.9914752271183661
4433.0,514533.0,0.9906819559712119
4434.0,509803.0,0.9809711059315552
4435.0,505015.0,0.9711608412244653
4436.0,508372.0,0.9770163011690373
4437.0,515684.0,0.9904610302806073
4438.0,519135.0,0.9964782894730181
4439.0,518957.0,0.995526779454551
4440.0,517059.0,0.9912791289864131
4441.0,512486.0,0.9819116223938515
4442.0,504367.0,0.9657658375558513
4443.0,495245.0,0.9477205588780715
4444.0,494472.0,0.9456647044036016
4445.0,506555.0,0.9681833325576182
4446.0,516266.0,0.9861438850988976
4447.0,516666.0,0.9863082307471442
4448.0,515426.0,0.9833437356456399
4449.0,514426.0,0.9808406335970966
4450.0,510666.0,0.9730815409378822
4451.0,511675.0,0.9744139372086795
4452.0,517892.0,0.9856568308770721
4453.0,519482.0,0.9880855057943913
4454.0,514637.0,0.9782790860726717
4455.0,511630.0,0.971976463060445
4456.0,515992.0,0.9796725631985205
4457.0,520786.0,0.9881793058851654
4458.0,520810.0,0.9876304966933226
4459.0,518360.0,0.9823938353019632
4460.0,516535.0,0.9783474514330175
4461.0,512172.0,0.9695018873318212
4462.0,511274.0,0.9672221729157856
4463.0,516820.0,0.9771287764930148
4464.0,518800.0,0.9802856866641613
4465.0,519109.0,0.9802835194786389
4466.0,519520.0,0.9804740628002184
4467.0,515302.0,0.9719336267701862
4468.0,506497.0,0.9547569878095191
4469.0,505624.0,0.9525440818796054
4470.0,514493.0,0.9686760333351011
4471.0,521257.0,0.9808281290753244
4472.0,526023.0,0.9892086843316998
4473.0,528950.0,0.9941232454221784
4474.0,529690.0,0.9949243244748776
4475.0,528689.0,0.9924564608453986
4476.0,527801.0,0.990203730164438
4477.0,529639.0,0.9930650857515164
4478.0,532067.0,0.997028869380615
4479.0,532913.0,0.9980254694779335
4480.0,531656.0,0.9950849915677995
4481.0,526075.0,0.9840598517779212
4482.0,519836.0,0.971817782685575
4483.0,523191.0,0.9775154725325077
4484.0,530719.0,0.9909988361295599
4485.0,534059.0,0.996651044392484
4486.0,534523.0,0.9969328601933795
4487.0,534007.0,0.9953878525961098
4488.0,532424.0,0.991857152408211
4489.0,529700.0,0.9862064626480146
4490.0,529241.0,0.9847771541104297
4491.0,532091.0,0.9895033193894809
4492.0,534300.0,0.9930328647496319
4493.0,533141.0,0.9903025147502935
4494.0,529342.0,0.9826746486618434
4495.0,528862.0,0.9812137069402388
4496.0,532212.0,0.9868564810470619
4497.0,534964.0,0.9913847427651502
4498.0,536834.0,0.9942744332243703
4499.0,536314.0,0.9927370347591312
4500.0,529205.0,0.9790122067019743
4501.0,519842.0,0.9611360292669022
4502.0,523801.0,0.967897542609355
4503.0,535210.0,0.9884099331557633
4504.0,540576.0,0.9977453372133769
4505.0,541431.0,0.9987490416574248
4506.0,540920.0,0.9972334895321299
4507.0,539461.0,0.9939731953382519
4508.0,537996.0,0.9907058271430239
4509.0,539455.0,0.9928238264444784
4510.0,542034.0,0.9969997325653989
4511.0,542563.0,0.9974025568579176
4512.0,542239.0,0.9962379729998586
4513.0,542187.0,0.9955744104740029
4514.0,541463.0,0.9936786091006607
4515.0,540221.0,0.9908351288453423
4516.0,540880.0,0.9914798216570997
4517.0,541669.0,0.9923621904933678
4518.0,541088.0,0.9907353231894689
4519.0,541522.0,0.990967961839368
4520.0,542110.0,0.9914822368681315
4521.0,540895.0,0.9887004763824295
4522.0,536822.0,0.9807009276743299
4523.0,536019.0,0.9786811306051084
4524.0,540131.0,0.9856327637967118
4525.0,542904.0,0.9901347734308424
4526.0,543911.0,0.9914129881475738
4527.0,541161.0,0.9858457983094511
4528.0,534623.0,0.9733882993517532
4529.0,532789.0,0.96950479875938
4530.0,537230.0,0.9770379814587002
4531.0,539484.0,0.980587793783169
4532.0,536339.0,0.9743259335121488
4533.0,524452.0,0.9521992768043993
4534.0,516912.0,0.9379856178246306
4535.0,526406.0,0.954680619210381
4536.0,539449.0,0.9777900752009031
4537.0,547586.0,0.9919865235797928
4538.0,551027.0,0.9976650674889488
4539.0,551546.0,0.998050054608107
4540.0,550904.0,0.9963351515609309
4541.0,549976.0,0.9941054519425111
4542.0,550344.0,0.9942197604616975
4543.0,550998.0,0.994850587619475
4544.0,549730.0,0.9920126421111123
4545.0,548941.0,0.9900419912668617
4546.0,550723.0,0.992708142410048
4547.0,551327.0,0.9932493779097131
4548.0,543322.0,0.9782891749873694
4549.0,527002.0,0.948382178895417
4550.0,525028.0,0.9443108872990803
4551.0,540442.0,0.9715010658952482
4552.0,547240.0,0.9831820184815799
4553.0,539268.0,0.9683288999730874
4554.0,530758.0,0.9525267694198254
4555.0,535818.0,0.9610823106757161
4556.0,545528.0,0.9779647964725745
4557.0,552509.0,0.9899395370823573
4558.0,555665.0,0.9950519146329591
4559.0,556455.0,0.9959244103510854
4560.0,557163.0,0.9966495471915078
4561.0,557183.0,0.9961441464072855
4562.0,553036.0,0.9881937519200134
4563.0,542876.0,0.9695137236743576
4564.0,539410.0,0.9628024274025048
4565.0,549248.0,0.9798323600074106
4566.0,557781.0,0.994517360498978
4567.0,560331.0,0.9985249176369307
4568.0,560668.0,0.9985869301486827
4569.0,560019.0,0.9968939671635966
4570.0,555022.0,0.9874673592191238
4571.0,543339.0,0.9661621539011791
4572.0,538058.0,0.9562579827296345
4573.0,548596.0,0.974463782042253
4574.0,559193.0,0.9927550926595841
4575.0,561857.0,0.9969509046376578
4576.0,561628.0,0.9960119578205594
4577.0,562049.0,0.9962264139506118
4578.0,562913.0,0.9972257177618589
4579.0,562775.0,0.9964500970483948
4580.0,561941.0,0.9944439028309564
4581.0,561795.0,0.9936570036948105
4582.0,560477.0,0.9907993874875484
4583.0,555627.0,0.9817046048063851
4584.0,553867.0,0.9780763910297205
4585.0,559096.0,0.9867876760014801
4586.0,563771.0,0.9945127535861501
4587.0,565297.0,0.9966779375112195
4588.0,564257.0,0.994319383997208
4589.0,560300.0,0.9868260514576527
4590.0,557745.0,0.9818088648938295
4591.0,560613.0,0.9863384297152448
4592.0,563134.0,0.9902533329081188
4593.0,564367.0,0.9919006965777759
4594.0,566591.0,0.9952874375474589
4595.0,568274.0,0.9977210865043846
4596.0,569043.0,0.9985486077517729
4597.0,569402.0,0.9986564718940435
4598.0,569661.0,0.9985892228986224
4599.0,569778.0,0.9982735498667942
4600.0,569225.0,0.9967852466135838
4601.0,567947.0,0.9940298819564756
4602.0,565563.0,0.9893429450500201
4603.0,564471.0,0.9869201013353542
4604.0,567513.0,0.9917241962798469
4605.0,570638.0,0.9966685764727161
4606.0,571686.0,0.9979823546085573
4607.0,571962.0,0.9979481038143715
4608.0,572361.0,0.9981286861913494
4609.0,572818.0,0.9984104763599965
4610.0,572883.0,0.9980093817490258
4611.0,572645.0,0.9970814231094958
4612.0,572848.0,0.9969221897346467
4613.0,573314.0,0.9972208846932765
4614.0,573836.0,0.997616933404804
4615.0,573971.0,0.997340423968834
4616.0,573582.0,0.9961544586324423
4617.0,573844.0,0.9961000418345727
4618.0,574342.0,0.9964554350929985
4619.0,574542.0,0.9962940205502995
4620.0,575026.0,0.9966253016888702
4621.0,575840.0,0.9975282127510746
4622.0,576621.0,0.99837337744058
4623.0,577099.0,0.9986936391599928
4624.0,577252.0,0.9984517455256803
4625.0,577042.0,0.9975828580722478
4626.0,576924.0,0.9968741293412581
4627.0,576678.0,0.9959453678156116
4628.0,574142.0,0.9910649339647923
4629.0,570572.0,0.9844057789684477
4630.0,572273.0,0.9868431004493584
4631.0,577008.0,0.9945075579896083
4632.0,578839.0,0.9971619210687368
4633.0,578859.0,0.9966957022250239
4634.0,579237.0,0.9968463719610647
4635.0,579486.0,0.9967753135780218
4636.0,579270.0,0.9959051955553248
4637.0,579559.0,0.9959040477216821
4638.0,580435.0,0.9969114055305599
4639.0,581300.0,0.9978991934301122
4640.0,581984.0,0.998575754144431
4641.0,582544.0,0.9990393065828902
4642.0,582832.0,0.9990364818526921
4643.0,582976.0,0.9987872724611498
4644.0,582921.0,0.9981978632633063
4645.0,581865.0,0.9958960901558409
4646.0,580404.0,0.9929040789193985
4647.0,580800.0,0.9930905696757297
4648.0,582412.0,0.9953553703581162
4649.0,583702.0,0.9970682269265652
4650.0,584147.0,0.9973370193299411
4651.0,583363.0,0.9955085850057989
4652.0,582592.0,0.9937044468751056
4653.0,582918.0,0.9937725973237749
4654.0,582776.0,0.9930435404027285
4655.0,582454.0,0.9920089561839972
4656.0,582212.0,0.991111896430967
4657.0,582258.0,0.9907060692172944
4658.0,584421.0,0.9939012620621375
4659.0,586889.0,0.9976121171833949
4660.0,587952.0,0.9989325892890718
4661.0,588144.0,0.9987729960103152
4662.0,587967.0,0.9979875667437884
4663.0,588027.0,0.9976053097368212
4664.0,588571.0,0.9980444788189641
4665.0,588896.0,0.9981123761004949
4666.0,588152.0,0.9963695831321828
4667.0,586633.0,0.9933165386467085
4668.0,586397.0,0.992438165930448
4669.0,587258.0,0.9934166794823055
4670.0,587549.0,0.9934308273592386
4671.0,588608.0,0.9947432115399223
4672.0,590175.0,0.9969127764415785
4673.0,590836.0,0.9975509335391222
4674.0,591176.0,0.9976471100472122
4675.0,591585.0,0.9978599199489393
4676.0,591993.0,0.9980711803750082
4677.0,592230.0,0.9979944195485488
4678.0,592104.0,0.9973066561339621
4679.0,591909.0,0.9965037245250321
4680.0,591917.0,0.9960434947515291
4681.0,591439.0,0.9947666199297007
4682.0,591109.0,0.9937401082137536
4683.0,592364.0,0.995378264790449
4684.0,593858.0,0.9974166277405584
4685.0,594522.0,0.9980600372268905
4686.0,594835.0,0.9981142178547279
4687.0,595143.0,0.998160307580348
4688.0,595555.0,0.9983810448615392
4689.0,595856.0,0.9984159302304328
4690.0,595784.0,0.9978264256536948
4691.0,595613.0,0.9970720939069281
4692.0,596002.0,0.9972558335273556
4693.0,596687.0,0.9979347982292057
4694.0,597112.0,0.9981788417149915
4695.0,597459.0,0.99829267782435
4696.0,597758.0,0.9983265932082205
4697.0,597806.0,0.9979418242149204
4698.0,597652.0,0.997220715441226
4699.0,597839.0,0.9970693453844469
4700.0,598377.0,0.9975035911256649
4701.0,598120.0,0.9966131248853553
4702.0,596048.0,0.9927010061720715
4703.0,594424.0,0.9895386450676992
4704.0,596304.0,0.9922099792748726
4705.0,598737.0,0.9957989335796638
4706.0,599164.0,0.9960501624256671
4707.0,598276.0,0.9941164661758087
4708.0,597309.0,0.9920536947379788
4709.0,597598.0,0.9920782709434712
4710.0,599313.0,0.9944694128857245
4711.0,600954.0,0.996735987520573
4712.0,601746.0,0.997593349721115
4713.0,601561.0,0.9968313273107231
4714.0,600826.0,0.9951593853300522
4715.0,600985.0,0.9949694019241028
4716.0,602152.0,0.9964480022656944
4717.0,603070.0,0.9975137598355728
4718.0,603444.0,0.9976795126801536
4719.0,603624.0,0.9975248821682231
4720.0,603894.0,0.9975194188185116
4721.0,604074.0,0.9973657291121795
4722.0,604144.0,0.9970310080918284
4723.0,604577.0,0.9972957506377796
4724.0,605179.0,0.9978392736320314
4725.0,605576.0,0.998044815634518
4726.0,605678.0,0.997764571730871
4727.0,605574.0,0.997145745116242
4728.0,605656.0,0.9968339741926541
4729.0,606047.0,0.9970311988367111
4730.0,606203.0,0.996842181675678
4731.0,605849.0,0.9958154317028293
4732.0,605724.0,0.9951661998541995
4733.0,605835.0,0.9949054769586665
4734.0,606305.0,0.9952346462685079
4735.0,606925.0,0.9958100064288397
4736.0,606421.0,0.9945418470280866
4737.0,606208.0,0.9937522176374993
4738.0,607551.0,0.9955132703401229
4739.0,608704.0,0.9969619498398264
4740.0,608972.0,0.9969608731253465
4741.0,609017.0,0.996595255420761
4742.0,609390.0,0.9967668381489873
4743.0,610050.0,0.9974078799786825
4744.0,610567.0,0.9978150390674657
4745.0,610803.0,0.9977631976573981
4746.0,611018.0,0.9976774907884232
4747.0,611381.0,0.9978337881017412
4748.0,611686.0,0.9978957077988146
4749.0,611832.0,0.9976986761148896
4750.0,611982.0,0.9975087162625259
4751.0,612157.0,0.9973600338508767
4752.0,612205.0,0.997005036331068
4753.0,611874.0,0.9960337766833656
4754.0,611599.0,0.9951548602787662
4755.0,612290.0,0.995848220227651
4756.0,613120.0,0.9967673400148033
4757.0,613570.0,0.9970685392947954
4758.0,613970.0,0.9972886468199202
4759.0,614309.0,0.9974099084017132
4760.0,614393.0,0.9971176037634824
4761.0,613762.0,0.9956660382359619
4762.0,612172.0,0.9926610471309886
4763.0,610546.0,0.9896006644767876
4764.0,610486.0,0.9890804428640811
4765.0,612505.0,0.9919279097847121
4766.0,614669.0,0.995008056054452
4767.0,615865.0,0.9965196639807413
4768.0,616480.0,0.9970906697928492
4769.0,616891.0,0.9973317724951976
4770.0,617134.0,0.9973015698757298
4771.0,616833.0,0.996393040933855
4772.0,616043.0,0.9946961065689734
4773.0,615962.0,0.9941453034864806
4774.0,616993.0,0.9953893365943333
4775.0,617607.0,0.9959602549117733
4776.0,617952.0,0.9960974760739524
4777.0,618680.0,0.9968520870859059
4778.0,618713.0,0.9964871061056886
4779.0,617154.0,0.9935598560614946
4780.0,615940.0,0.991190635903667
4781.0,617383.0,0.9930977347371285
4782.0,618678.0,0.9947656694943102
4783.0,618282.0,0.993714802563109
4784.0,618665.0,0.9939167101379073
4785.0,619921.0,0.995520783305507
4786.0,620200.0,0.9955556262640699
4787.0,620224.0,0.9951816785827536
4788.0,620477.0,0.9951757302544336
4789.0,620368.0,0.9945898191040184
4790.0,620839.0,0.9949342790144478
4791.0,621844.0,0.9961342724303434
4792.0,622282.0,0.9964257740177985
4793.0,622501.0,0.9963669099295455
4794.0,622862.0,0.9965356872387128
4795.0,623212.0,0.996687137737839
4796.0,623380.0,0.9965479195148428
4797.0,622909.0,0.9953881187270935
4798.0,621862.0,0.9933096159258852
4799.0,622061.0,0.9932226558225159
4800.0,623648.0,0.9953514398912184
4801.0,624786.0,0.9967625800579584
4802.0,625119.0,0.9968892330495206
4803.0,624342.0,0.9952467701406679
4804.0,621500.0,0.9903156153696654
4805.0,619099.0,0.9860912709831069
4806.0,621139.0,0.9889414438941425
4807.0,624510.0,0.9939080132720329
4808.0,626184.0,0.996171304115872
4809.0,626656.0,0.996521740414141
4810.0,626559.0,0.9959678337985822
4811.0,626606.0,0.9956435911167357
4812.0,627056.0,0.9959601094082242
4813.0,627391.0,0.9960942045703014
4814.0,627310.0,0.9955683957772673
4815.0,627427.0,0.9953575290595419
4816.0,628116.0,0.9960543107441867
4817.0,628692.0,0.9965718314632382
4818.0,628941.0,0.9965712181753146
4819.0,629087.0,0.9964078801892763
4820.0,629280.0,0.996319501387999
4821.0,629339.0,0.9960195341611023
4822.0,628415.0,0.9941650934350331
4823.0,626472.0,0.9907010840681129
4824.0,626063.0,0.9896651217209893
4825.0,627977.0,0.9923010851503462
4826.0,629755.0,0.9947205767394931
4827.0,630579.0,0.9956322990881975
4828.0,630820.0,0.9956235722231972
4829.0,630964.0,0.995462229380024
4830.0,631278.0,0.9955695263907903
4831.0,631378.0,0.9953397900418729
4832.0,631382.0,0.9949593626523533
4833.0,631581.0,0.9948868117130473
4834.0,631885.0,0.9949800627120073
4835.0,632177.0,0.9950547633979859
4836.0,632605.0,0.9953437990797933
4837.0,633142.0,0.9958044560497145
4838.0,633259.0,0.9956048464635768
4839.0,632795.0,0.994492706917504
4840.0,632425.0,0.9935295024678623
4841.0,632642.0,0.9934892582237806
4842.0,633152.0,0.9939093971109195
4843.0,633573.0,0.9941899640303206
4844.0,634213.0,0.9948142419912152
4845.0,634710.0,0.9952142282655154
4846.0,634672.0,0.9947757644094382
4847.0,634509.0,0.9941421907472086
4848.0,634201.0,0.9932824048216937
4849.0,634206.0,0.9929137082591312
4850.0,634970.0,0.9937335359756753
4851.0,635347.0,0.9939477176012911
4852.0,635226.0,0.9933833549046124
4853.0,635050.0,0.9927338422860126
4854.0,633968.0,0.9906694606697316
4855.0,632614.0,0.9881821512667914
4856.0,632555.0,0.9877192197654288
4857.0,632106.0,0.9866482867685711
4858.0,627243.0,0.9786913603945752
4859.0,607649.0,0.947764488691795
4860.0,555593.0,0.8662482278742438
4861.0,498526.0,0.7769831332843229
4862.0,516463.0,0.804639614939243
4863.0,582840.0,0.9077164368255994
4864.0,620851.0,0.966556225748071
4865.0,631213.0,0.9823240873978325
4866.0,634297.0,0.9867584875929938
4867.0,636639.0,0.990036122620353
4868.0,638382.0,0.9923805743057603
4869.0,638714.0,0.9925310679731023
4870.0,635039.0,0.9864574494923206
4871.0,627890.0,0.9749942225180456
4872.0,626872.0,0.9730565847780609
4873.0,633910.0,0.9836210311735722
4874.0,639429.0,0.9918220106238812
4875.0,640859.0,0.9936772370126536
4876.0,640802.0,0.9932266923473937
4877.0,639700.0,0.991157735647383
4878.0,638347.0,0.9887019153763295
4879.0,639885.0,0.9907243615942888
4880.0,642539.0,0.99447299254041
4881.0,643083.0,0.9949547857970998
4882.0,642017.0,0.9929465892944652
4883.0,640142.0,0.9896894821274862
4884.0,639705.0,0.9886575271057794
4885.0,641874.0,0.9916528011604457
4886.0,643684.0,0.9940918796186231
4887.0,644318.0,0.9947140595478554
4888.0,644178.0,0.9941416912869119
4889.0,641678.0,0.9899293036818891
4890.0,633843.0,0.9774928441712544
4891.0,626214.0,0.9653832160865915
4892.0,631114.0,0.972590657254952
4893.0,641762.0,0.988648267728389
4894.0,646747.0,0.9959739771755053
4895.0,647853.0,0.9973234332211393
4896.0,648218.0,0.9975320086802945
4897.0,648367.0,0.9974085432006393
4898.0,647866.0,0.9962859848453005
4899.0,645860.0,0.9928510374685642
4900.0,644099.0,0.9897953894878606
4901.0,645460.0,0.9915382063550235
4902.0,646671.0,0.993049837888946
4903.0,645823.0,0.9914000323209176
4904.0,646389.0,0.9919216355845571
4905.0,648519.0,0.9948424772930566
4906.0,649855.0,0.9965440892718945
4907.0,650177.0,0.9966905044751294
4908.0,650140.0,0.9962870872985692
4909.0,649782.0,0.9953926272113968
4910.0,649080.0,0.9939724180499641
4911.0,648966.0,0.9934537388727407
4912.0,649888.0,0.9945212302730223
4913.0,650790.0,0.9955578186225729
4914.0,651422.0,0.9961812316470231
4915.0,652185.0,0.9970049164648749
4916.0,652580.0,0.9972661054671101
4917.0,651194.0,0.9948067913052832
4918.0,645698.0,0.9860730573442062
4919.0,637366.0,0.9730162528717695
4920.0,632096.0,0.9646417332457943
4921.0,635829.0,0.9700081727773318
4922.0,642871.0,0.980417847588721
4923.0,639378.0,0.9747598484559453
4924.0,634553.0,0.9670761509808112
4925.0,642352.0,0.9786309394263876
4926.0,651598.0,0.9923821776273265
4927.0,654645.0,0.996686751442034
4928.0,655213.0,0.997215955811367
4929.0,655538.0,0.9973755919580315
4930.0,655659.0,0.997225353992306
4931.0,655326.0,0.9963854471613879
4932.0,651632.0,0.9904381163936907
4933.0,638603.0,0.9703114073090755
4934.0,627216.0,0.9526926800600727
4935.0,636467.0,0.966423287766038
4936.0,650514.0,0.9874252285237353
4937.0,654619.0,0.9933276757812868
4938.0,652814.0,0.9902618103801395
4939.0,650322.0,0.9861567337153291
4940.0,651577.0,0.9877350351069515
4941.0,655380.0,0.9931741336142961
4942.0,657816.0,0.9965393284713766
4943.0,658714.0,0.9975736993293596
4944.0,659119.0,0.9978615956747325
4945.0,659224.0,0.9976958463828645
4946.0,659138.0,0.9972418097914815
4947.0,659429.0,0.9973588467092732
4948.0,659983.0,0.9978740425657747
4949.0,660271.0,0.9979874430878553
4950.0,660411.0,0.9978777392082745
4951.0,660727.0,0.9980345558492721
4952.0,661084.0,0.9982537877025358
4953.0,661330.0,0.9983059292688534
4954.0,661458.0,0.9981805820441434
4955.0,659999.0,0.9956618150282245
4956.0,651485.0,0.9825056131376433
4957.0,636930.0,0.9602508188988301
4958.0,636954.0,0.9599834157978719
4959.0,651768.0,0.9820004688179235
4960.0,660866.0,0.9953948552729975
4961.0,662908.0,0.9981570713400345
4962.0,663264.0,0.9983803471224449
4963.0,663531.0,0.9984702108024748
4964.0,663570.0,0.9982176924801781
4965.0,663056.0,0.9971343661798163
4966.0,662655.0,0.9962222600362272
4967.0,663226.0,0.9967722214049385
4968.0,663987.0,0.9976079826779558
4969.0,664412.0,0.9979392396145584
4970.0,664641.0,0.9979766770475463
4971.0,664865.0,0.9980072740845295
4972.0,665158.0,0.9981420867031007
4973.0,665449.0,0.9982745134945767
4974.0,665820.0,0.9985275345218255
4975.0,666135.0,0.9986971380297343
4976.0,666316.0,0.9986664871557543
4977.0,666452.0,0.9985691077539169
4978.0,666438.0,0.9982477744372349
4979.0,666104.0,0.9974481169086842
4980.0,664340.0,0.9945088999521224
4981.0,660111.0,0.9878831109624232
4982.0,657771.0,0.9840880290928159
4983.0,660467.0,0.9878279238982591
4984.0,663480.0,0.9920401971611299
4985.0,664871.0,0.9938260794699075
4986.0,666217.0,0.9955442678198093
4987.0,667783.0,0.9975906971045881
4988.0,668517.0,0.9983939686548264
4989.0,667938.0,0.9972370340756653
4990.0,665294.0,0.9929991919298463
4991.0,662957.0,0.9892224764633761
4992.0,664452.0,0.9911647218282013
4993.0,665091.0,0.9918298618182391
4994.0,663878.0,0.9897341281351848
4995.0,666007.0,0.9926210795364073
4996.0,669105.0,0.9969506789745552
4997.0,669997.0,0.9979923643006251
4998.0,668840.0,0.9959827600775079
4999.0,666319.0,0.9919442391093988
5000.0,666038.0,0.9912422458111823
5001.0,667918.0,0.9937563692631548
5002.0,669172.0,0.9953384179387655
5003.0,670351.0,0.9968085174038086
5004.0,670106.0,0.9961613710007658
5005.0,666144.0,0.9899910269154545
5006.0,661590.0,0.9829450728365136
5007.0,662773.0,0.984424774833114
5008.0,668116.0,0.9920812333681582
5009.0,671720.0,0.997152307476363
5010.0,671112.0,0.9959700976909973
5011.0,665495.0,0.9873573955721677
5012.0,659624.0,0.9783731794720213
5013.0,660714.0,0.9797162488199394
5014.0,664148.0,0.9845337031959773
5015.0,667799.0,0.9896704464811904
5016.0,670042.0,0.9927186484531761
5017.0,664605.0,0.984390173834174
5018.0,653872.0,0.9682245922644135
5019.0,655121.0,0.9698058085013394
5020.0,666674.0,0.9866357638173417
5021.0,672956.0,0.9956581712046259
5022.0,673714.0,0.9965052699267117
5023.0,673885.0,0.9964842214703605
5024.0,674799.0,0.9975618859119348
5025.0,675506.0,0.9983333430878634
5026.0,676074.0,0.9988993079635892
5027.0,676354.0,0.9990398549575682
5028.0,676511.0,0.9989989798149977
5029.0,676500.0,0.9987103905087392
5030.0,675268.0,0.9966201714565678
5031.0,674223.0,0.9948072704491986
5032.0,675777.0,0.9968293604867888
5033.0,677668.0,0.99934757176849
5034.0,677855.0,0.9993524763054175
5035.0,676842.0,0.9975889484489039
5036.0,676334.0,0.9965707138167177
5037.0,677148.0,0.9975006753797445
5038.0,677531.0,0.9977956163234929
5039.0,675881.0,0.9950974237548437
5040.0,671200.0,0.987939551309803
5041.0,665836.0,0.979780681100432
5042.0,667405.0,0.9818255757074709
5043.0,674716.0,0.9923143849605214
5044.0,679177.0,0.9986073212447208
5045.0,680454.0,1.0002168004757384
5046.0,680934.0,1.0006543534124388
5047.0,680929.0,1.0003792853095919
5048.0,679580.0,0.9981305075055945
5049.0,676010.0,0.9926218479280426
5050.0,672274.0,0.9868725704690021
5051.0,670186.0,0.9835450307854708
5052.0,671971.0,0.9859017562448356
5053.0,677898.0,0.994332761602427
5054.0,681767.0,0.9997415231770738
5055.0,682754.0,1.0009224581817227
5056.0,682973.0,1.0009772490892583
5057.0,683157.0,1.0009807988615569
5058.0,683306.0,1.0009331409285167
5059.0,683284.0,1.0006351434876313
5060.0,683310.0,1.000407627839788
5061.0,683691.0,1.0006998779694418
5062.0,683975.0,1.000850068295648
5063.0,683336.0,0.9996499517761716
5064.0,681538.0,0.9967554424346265
5065.0,681011.0,0.9957208347880419
5066.0,682856.0,0.9981540130203155
5067.0,683939.0,0.9994723529159489
5068.0,683201.0,0.998129575409592
5069.0,682935.0,0.9974768814910229
5070.0,684294.0,0.9991973118186913
5071.0,685278.0,1.0003693737346162
5072.0,685340.0,1.0001951951219716
5073.0,685487.0,1.0001450785623631
5074.0,685732.0,1.0002378806014849
5075.0,685872.0,1.0001774543402404
5076.0,686184.0,1.0003677442401329
5077.0,686296.0,1.0002663594294456
5078.0,684846.0,0.9978889540687191
5079.0,681558.0,0.992835274115074
5080.0,680506.0,0.9910405209961913
5081.0,682809.0,0.994131302510261
5082.0,683184.0,0.9944140192292553
5083.0,680916.0,0.990850444248196
5084.0,682202.0,0.9924589435554433
5085.0,686115.0,0.9978871710336944
5086.0,687348.0,0.9994156152120398
5087.0,686566.0,0.9980140316662053
5088.0,686962.0,0.9983249577734125
5089.0,688394.0,1.0001407182618391
5090.0,689105.0,1.0009081086178298
5091.0,689360.0,1.0010127590629208
5092.0,689634.0,1.00114474932437
5093.0,689949.0,1.001335979218801
5094.0,690259.0,1.0015196511628346
5095.0,690404.0,1.0014636761458513
5096.0,690289.0,1.0010304726383388
5097.0,689707.0,0.9999202310790527
5098.0,688609.0,0.998062465354058
5099.0,688353.0,0.9974255125930938
5100.0,689673.0,0.9990716745638014
5101.0,690951.0,1.0006558805469012
5102.0,691468.0,1.0011371724044107
5103.0,691622.0,1.0010925134021804
5104.0,691623.0,1.0008262023295684
5105.0,690924.0,0.9995470750241391
5106.0,688127.0,0.995234019218533
5107.0,683252.0,0.9879183871917554
5108.0,682365.0,0.986371106872588
5109.0,683477.0,0.987713166187653
5110.0,680258.0,0.982797014979782
5111.0,682067.0,0.9851453947179333
5112.0,689296.0,0.995318466936372
5113.0,693059.0,1.000482290340287
5114.0,693764.0,1.001229722336422
5115.0,693926.0,1.0011929590394395
5116.0,694189.0,1.0013015372826854
5117.0,694480.0,1.0014500647084534
5118.0,694653.0,1.0014280243898461
5119.0,694734.0,1.001273019746579
5120.0,694866.0,1.0011911920876426
5121.0,694790.0,1.0008093983569797
5122.0,693404.0,0.9985409341654803
5123.0,690392.0,0.9939324021874079
5124.0,689600.0,0.992521150072017
5125.0,692079.0,0.9958168145564179
5126.0,692967.0,0.9968216182450897
5127.0,691283.0,0.9941266676239523
5128.0,689942.0,0.991925880033391
5129.0,690012.0,0.9917538802946001
5130.0,692360.0,0.9948547848469251
5131.0,694941.0,0.9982882219963904
5132.0,695693.0,0.9990926461039842
5133.0,695375.0,0.9983599474188576
5134.0,695610.0,0.9984209316764374
5135.0,696781.0,0.9998245249691882
5136.0,696943.0,0.9997794767719678
5137.0,695690.0,0.997704749854889
5138.0,692430.0,0.9927532844995726
5139.0,687745.0,0.9857616922625083
5140.0,688841.0,0.9870573521980601
5141.0,693153.0,0.9929589179241766
5142.0,692822.0,0.9922074706364035
5143.0,692167.0,0.9909922131124761
5144.0,695362.0,0.995287890214647
5145.0,698125.0,0.9989626722895385
5146.0,698750.0,0.999576619296284
5147.0,698832.0,0.999413356504282
5148.0,699014.0,0.9993928577363176
5149.0,698496.0,0.998371560740482
5150.0,695494.0,0.993801138256368
5151.0,692520.0,0.989273020589266
5152.0,693524.0,0.9904282188913209
5153.0,695116.0,0.9924220155055391
5154.0,695328.0,0.9924447757446051
5155.0,697560.0,0.9953496433828042
5156.0,700357.0,0.9990586326135258
5157.0,701585.0,1.0005277817373464
5158.0,701930.0,1.0007370232266717
5159.0,702097.0,1.000692265038242
5160.0,702231.0,1.0006003420048406
5161.0,701990.0,0.9999741311569612
5162.0,701561.0,0.9990803999965017
5163.0,701618.0,0.9988789463885818
5164.0,700848.0,0.9975004319862819
5165.0,694270.0,0.987858532814597
5166.0,672786.0,0.9570186329294316
5167.0,642634.0,0.9138696052409898
5168.0,635064.0,0.9028489845857633
5169.0,652483.0,0.9273504982302003
5170.0,673783.0,0.9573524561104446
5171.0,674830.0,0.9585688212668586
5172.0,659205.0,0.9361092561642992
5173.0,661483.0,0.939078474529535
5174.0,684463.0,0.9714274109112727
5175.0,700546.0,0.9939722184026892
5176.0,704911.0,0.9998828596111111
5177.0,705626.0,1.0006142868229226
5178.0,705930.0,1.000762672116796
5179.0,706138.0,1.0007749542383304
5180.0,706155.0,1.000516658309408
5181.0,704405.0,0.9977556960683187
5182.0,693666.0,0.98226746351013
5183.0,672441.0,0.9519434938780001
5184.0,668478.0,0.9460668198881772
5185.0,686801.0,0.9717250472400755
5186.0,698833.0,0.9884705901165127
5187.0,700065.0,0.989934977469762
5188.0,694284.0,0.9814846450815987
5189.0,692364.0,0.9784958239176664
5190.0,697757.0,0.9858411612867828
5191.0,697440.0,0.9851173077459012
5192.0,693530.0,0.9793204263226
5193.0,695044.0,0.9811839551800868
5194.0,697190.0,0.9839385728923026
5195.0,697287.0,0.9838009274211686
5196.0,700952.0,0.9886962554157872
5197.0,703963.0,0.9926668700387378
5198.0,704675.0,0.9933945670385814
5199.0,705877.0,0.9948126796042338
5200.0,706709.0,0.9957089579435693
5201.0,706552.0,0.9952119567422357
5202.0,705225.0,0.9930679673830859
5203.0,701192.0,0.9871160328941947
5204.0,691929.0,0.9738070869425044
5205.0,683993.0,0.9623728645065044
5206.0,685106.0,0.9636736205641815
5207.0,690273.0,0.9706747953148466
5208.0,689340.0,0.9690968815241502
5209.0,692074.0,0.9726739557224834
5210.0,700868.0,0.9847641149512314
5211.0,706534.0,0.9924542015179277
5212.0,709691.0,0.9966170972764267
5213.0,711175.0,0.9984293737740315
5214.0,710406.0,0.9970789121125826
5215.0,706688.0,0.9915917024351532
5216.0,702928.0,0.9860489749222437
5217.0,704686.0,0.9882480938832723
5218.0,709443.0,0.9946511215476791
5219.0,712072.0,0.9980684715390044
5220.0,712820.0,0.9988486801109345
5221.0,713132.0,0.999018165642272
5222.0,713347.0,0.9990522038317394
5223.0,713318.0,0.9987450933674104
5224.0,711876.0,0.9964607892932067
5225.0,704082.0,0.9852892621062452
5226.0,685324.0,0.9587852808988806
5227.0,673759.0,0.942356375954733
5228.0,688411.0,0.9625955371025595
5229.0,706280.0,0.9873216860251357
5230.0,712019.0,0.9950831144507313
5231.0,711466.0,0.9940499686297627
5232.0,705556.0,0.9855351896649839
5233.0,700422.0,0.9781091017794408
5234.0,703815.0,0.9825919767564256
5235.0,709737.0,0.9906029523926901
5236.0,713608.0,0.9957485087478203
5237.0,715187.0,0.9976946817188515
5238.0,715472.0,0.9978358142505392
5239.0,715160.0,0.9971451246037449
5240.0,715082.0,0.9967816173651067
5241.0,715778.0,0.997497579373622
5242.0,716268.0,0.9979268229865201
5243.0,716545.0,0.9980598196940219
5244.0,716911.0,0.9983173400822101
5245.0,716946.0,0.9981145789481861
5246.0,716325.0,0.9969995426058375
5247.0,715642.0,0.9957994558186152
5248.0,715974.0,0.996012628968422
5249.0,716149.0,0.9960080083158261
5250.0,715361.0,0.9946650658321203
5251.0,715698.0,0.9948873133889446
5252.0,717135.0,0.9966388479370354
5253.0,717683.0,0.9971550094056119
5254.0,717044.0,0.9960227706282988
5255.0,716536.0,0.9950736881151127
5256.0,717500.0,0.9961694581658553
5257.0,718759.0,0.9976748526690813
5258.0,719284.0,0.9981616190211055
5259.0,719372.0,0.9980425528843131
5260.0,719052.0,0.9973583196480752
5261.0,717590.0,0.9950914810049402
5262.0,715514.0,0.9919751834806495
5263.0,714498.0,0.9903302811075995
5264.0,713997.0,0.9894005019479083
5265.0,712448.0,0.9870199680515466
5266.0,709970.0,0.9833545309528857
5267.0,709766.0,0.9828404137624154
5268.0,702823.0,0.972997672116366
5269.0,678981.0,0.9397705066478976
5270.0,667475.0,0.9236296817246158
5271.0,688706.0,0.9527868728261941
5272.0,711181.0,0.9836518209628085
5273.0,717838.0,0.9926299887832934
5274.0,718354.0,0.9931148822768524
5275.0,716841.0,0.9907958494553557
5276.0,715481.0,0.9886900213128019
5277.0,718214.0,0.9922405122347961
5278.0,721486.0,0.9965345929782028
5279.0,722489.0,0.9976941662676909
5280.0,721989.0,0.9967789046955959
5281.0,720301.0,0.9942250033858887
5282.0,718540.0,0.9915722431886245
5283.0,717465.0,0.9898678595041299
5284.0,718126.0,0.9905595518712513
5285.0,721136.0,0.9944910912246422
5286.0,723353.0,0.997328280307053
5287.0,723978.0,0.9979704674221932
5288.0,724093.0,0.9979102647799554
5289.0,724188.0,0.9978232832515422
5290.0,724344.0,0.997821124124651
5291.0,724505.0,0.9978266081706283
5292.0,724567.0,0.9976965293397428
5293.0,724603.0,0.9975314735377008
5294.0,724809.0,0.9976012326352488
5295.0,724773.0,0.9973387171096493
5296.0,723973.0,0.9960259853844895
5297.0,722874.0,0.9943033077718674
5298.0,722550.0,0.9936479036084578
5299.0,723691.0,0.995007783858351
5300.0,724902.0,0.9964640896838166
5301.0,724662.0,0.9959264044886232
5302.0,723920.0,0.9946999359499856
5303.0,724550.0,0.9953595300186533
5304.0,725947.0,0.9970730512505473
5305.0,726556.0,0.9977045191215858
5306.0,726218.0,0.9970362968334184
5307.0,725553.0,0.9959202038805736
5308.0,725863.0,0.996143309682426
5309.0,726874.0,0.9973288377252401
5310.0,727446.0,0.9979123398927189
5311.0,727632.0,0.9979668613203413
5312.0,727748.0,0.9979260255243353
5313.0,727817.0,0.9978214110248254
5314.0,727593.0,0.9973158510222321
5315.0,725513.0,0.9942675845175732
5316.0,720980.0,0.9878601197778548
5317.0,720168.0,0.9865531453339177
5318.0,724680.0,0.9925391410666269
5319.0,727755.0,0.9965555951224905
5320.0,728452.0,0.9973153473758053
5321.0,728596.0,0.9973183950261548
5322.0,727878.0,0.9961422845539707
5323.0,724624.0,0.9914971684034202
5324.0,720997.0,0.9863440855126014
5325.0,722450.0,0.9881417326369063
5326.0,721541.0,0.9867091375988021
5327.0,704564.0,0.9633087414607194
5328.0,685566.0,0.9371550735429368
5329.0,696299.0,0.9516457549057037
5330.0,719120.0,0.9826491329944291
5331.0,728428.0,0.9951797034345824
5332.0,728906.0,0.9956446766864319
5333.0,728386.0,0.994746933865497
5334.0,729268.0,0.9957642643855218
5335.0,729029.0,0.9952512452796642
5336.0,725931.0,0.9908364976934432
5337.0,724507.0,0.9887082148188202
5338.0,727220.0,0.9922256425498067
5339.0,727375.0,0.9922525974100754
5340.0,722549.0,0.9854862796347572
5341.0,720035.0,0.9818755502103105
5342.0,725045.0,0.9885246704174553
5343.0,730467.0,0.9957332515443224
5344.0,731675.0,0.9971962268957765
5345.0,730431.0,0.9953177404125174
5346.0,729720.0,0.9941663693265561
5347.0,730546.0,0.9951092944601183
5348.0,730823.0,0.9953044404466882
5349.0,731082.0,0.99547524107637
5350.0,732157.0,0.9967571046862018
5351.0,733130.0,0.9978998772623872
5352.0,733403.0,0.9980898048799826
5353.0,733283.0,0.9977451177122358
5354.0,733488.0,0.9978428687886026
5355.0,733986.0,0.9983392809709004
5356.0,734280.0,0.9985582488896749
5357.0,734412.0,0.9985570183725622
5358.0,734572.0,0.9985939881855403
5359.0,734728.0,0.9986256328452432
5360.0,734767.0,0.9984983848273479
5361.0,734457.0,0.9978971036508257
5362.0,733661.0,0.9966359279346008
5363.0,733218.0,0.9958547305799578
5364.0,733548.0,0.9961235812052032
5365.0,733838.0,0.9963380847921519
5366.0,734119.0,0.996540341032299
5367.0,734100.0,0.9963353943940741
5368.0,734036.0,0.996069484558127
5369.0,732178.0,0.9933697191460328
5370.0,722847.0,0.9805339114071818
5371.0,708339.0,0.9606814619591224
5372.0,709720.0,0.9623816861017335
5373.0,725781.0,0.9839838718152109
5374.0,734951.0,0.9962374888770613
5375.0,736843.0,0.9986230790371209
5376.0,737119.0,0.9988181287472467
5377.0,737219.0,0.9987747108314745
5378.0,737245.0,0.9986311191376941
5379.0,736774.0,0.9978145398783198
5380.0,735158.0,0.9954479056003049
5381.0,733774.0,0.9933962567565543
5382.0,734132.0,0.9937033257931277
5383.0,734472.0,0.9939859827760655
5384.0,735538.0,0.9952509438417474
5385.0,737381.0,0.9975666808706792
5386.0,738282.0,0.9986074978708281
5387.0,738527.0,0.9987608566228384
5388.0,738622.0,0.9987114104796491
5389.0,738629.0,0.9985430869923531
5390.0,738687.0,0.9984438306918495
5391.0,738579.0,0.9981203517245343
5392.0,737670.0,0.9967147812538489
5393.0,736579.0,0.9950639212488464
5394.0,736769.0,0.9951439585410892
5395.0,734980.0,0.992551516835048
5396.0,724761.0,0.9785778299170759
5397.0,714521.0,0.9645808316522526
5398.0,721865.0,0.9743225215195277
5399.0,734628.0,0.9913737459999069
5400.0,739267.0,0.9974577102165273
5401.0,739960.0,0.9982164127583564
5402.0,739824.0,0.9978568116797686
5403.0,737874.0,0.9950511910316969
5404.0,731253.0,0.985948751574147
5405.0,718920.0,0.9691494871495615
5406.0,715134.0,0.9638761086070154
5407.0,727610.0,0.9805191825352171
5408.0,737098.0,0.9931306299320675
5409.0,737035.0,0.992871460686881
5410.0,735755.0,0.9909733462872278
5411.0,737923.0,0.9937192424195835
5412.0,740595.0,0.997142887110231
5413.0,741452.0,0.9981221543419444
5414.0,740661.0,0.9968831005168343
5415.0,739691.0,0.9954037264475685
5416.0,740441.0,0.9962392021264623
5417.0,741409.0,0.9973677791567619
5418.0,740772.0,0.9963373743526017
5419.0,740400.0,0.9956638270100672
5420.0,741596.0,0.9970988768719922
5421.0,742660.0,0.9983561216653999
5422.0,742767.0,0.9983268034316056
5423.0,741828.0,0.9968919925479383
5424.0,740822.0,0.9953678044788782
5425.0,741518.0,0.9961307030913901
5426.0,742903.0,0.9978189093090069
5427.0,742711.0,0.9973889282675399
5428.0,736668.0,0.989103279184315
5429.0,722886.0,0.9704314932106755
5430.0,718949.0,0.964980342278343
5431.0,731771.0,0.9820214510677397
5432.0,740372.0,0.9933933492336536
5433.0,736437.0,0.9879442315457186
5434.0,725871.0,0.9736030576328263
5435.0,725677.0,0.9731764317639867
5436.0,736690.0,0.9877768139594502
5437.0,743493.0,0.9967284506698035
5438.0,745132.0,0.998755522009891
5439.0,745482.0,0.9990546349239746
5440.0,745633.0,0.9990871844178987
5441.0,745740.0,0.9990609606323139
5442.0,745840.0,0.9990255558132336
5443.0,745870.0,0.9988966048708605
5444.0,745169.0,0.9977890715164083
5445.0,740616.0,0.9915251076208049
5446.0,728363.0,0.9749565498308912
5447.0,720977.0,0.9649074355654986
5448.0,731491.0,0.9788140306958558
5449.0,743064.0,0.994132967711646
5450.0,746543.0,0.9986199538962618
5451.0,747016.0,0.9990853123006858
5452.0,747057.0,0.9989730475042226
5453.0,746057.0,0.9974692257121003
5454.0,739882.0,0.9890483587303363
5455.0,727804.0,0.9727409004493044
5456.0,726155.0,0.9703755624675521
5457.0,738096.0,0.9861687983876536
5458.0,746107.0,0.9967070163898676
5459.0,747876.0,0.9989048029443931
5460.0,748088.0,0.999022815317038
5461.0,748062.0,0.998823234767012
5462.0,747693.0,0.9981660461192573
5463.0,747333.0,0.9975213180162184
5464.0,747744.0,0.9979059774366708
5465.0,748400.0,0.9986176585251582
5466.0,748682.0,0.9988303838575449
5467.0,748842.0,0.9988805436587174
5468.0,749042.0,0.9989842764237313
5469.0,749205.0,0.9990388813516101
5470.0,749330.0,0.9990430514162838
5471.0,749419.0,0.9989994794640252
5472.0,749412.0,0.9988282219345404
5473.0,749323.0,0.9985479993547598
5474.0,749140.0,0.9981428779508309
5475.0,747406.0,0.9956719482183335
5476.0,742190.0,0.988564203094444
5477.0,739258.0,0.9845007004518848
5478.0,743950.0,0.9905903321597275
5479.0,748858.0,0.9969658397643955
5480.0,750246.0,0.9986540950329794
5481.0,750354.0,0.9986385393634435
5482.0,750458.0,0.9986179326163632
5483.0,750630.0,0.9986880703737668
5484.0,750853.0,0.9988262946901708
5485.0,751063.0,0.9989474500090498
5486.0,751075.0,0.9988055247303441
5487.0,750854.0,0.9983541061910305
5488.0,750805.0,0.9981317533351433
5489.0,750884.0,0.9980798723039556
5490.0,750480.0,0.9973863645488356
5491.0,750422.0,0.9971530978185045
5492.0,751125.0,0.9979312168964338
5493.0,751635.0,0.9984529782302619
5494.0,751928.0,0.9986866257815196
5495.0,751735.0,0.9982750723098982
5496.0,749222.0,0.994783514655025
5497.0,744614.0,0.9885120819751992
5498.0,744621.0,0.9883685416872892
5499.0,749040.0,0.9940806421208561
5500.0,749777.0,0.9949054635445704
5501.0,746845.0,0.9908625118923067
5502.0,747155.0,0.9911216602936808
5503.0,750838.0,0.9958546765082791
5504.0,752652.0,0.9981079792033513
5505.0,751039.0,0.9958169252082651
5506.0,746106.0,0.9891254446567981
5507.0,744157.0,0.9863915923195543
5508.0,748732.0,0.9923051727567872
5509.0,752587.0,0.9972631311161355
5510.0,753551.0,0.9983895189800094
5511.0,753737.0,0.9984851935769631
5512.0,753682.0,0.9982618849944972
5513.0,753684.0,0.9981143824580716
5514.0,753950.0,0.9983167431250681
5515.0,754322.0,0.9986596303229344
5516.0,754671.0,0.9989722210115418
5517.0,754886.0,0.9991076177689308
5518.0,755029.0,0.9991479457419045
5519.0,755151.0,0.9991607265422947
5520.0,755198.0,0.9990745338207537
5521.0,755177.0,0.9988986703391584
5522.0,755277.0,0.9988831352669336
5523.0,755484.0,0.9990093442319707
5524.0,755499.0,0.9988819117212814
5525.0,754741.0,0.9977328941107458
5526.0,752498.0,0.9946216480148029
5527.0,749804.0,0.9909155345162302
5528.0,748625.0,0.9892126307725074
5529.0,750726.0,0.9918439379775171
5530.0,754379.0,0.9965248930682408
5531.0,756168.0,0.9987427676518369
5532.0,756536.0,0.9990836652874963
5533.0,756475.0,0.9988582518552444
5534.0,756132.0,0.9982608454927221
5535.0,755994.0,0.9979344612809117
5536.0,756498.0,0.9984557508860108
5537.0,757016.0,0.998995607881765
5538.0,757226.0,0.9991291582362042
5539.0,757354.0,0.9991547318733605
5540.0,757507.0,0.9992135165910428
5541.0,757648.0,0.999256698728503
5542.0,757703.0,0.9991867004393564
5543.0,757670.0,0.999000932663186
5544.0,757696.0,0.9988932387930383
5545.0,757842.0,0.9989439917842067
5546.0,758008.0,0.9990213282379695
5547.0,758176.0,0.9991015166626726
5548.0,758336.0,0.9991713796684423
5549.0,758473.0,0.9992111602996022
5550.0,758605.0,0.9992445807322677
5551.0,758702.0,0.9992321324197923
5552.0,758766.0,0.9991764679477055
5553.0,758839.0,0.9991329047504852
5554.0,758874.0,0.9990395629435298
5555.0,758940.0,0.9989872871044428
5556.0,759137.0,0.9991076706248294
5557.0,759323.0,0.9992137795261161
5558.0,759448.0,0.999239832182388
5559.0,759562.0,0.9992516396274048
5560.0,759630.0,0.9992031690313924
5561.0,759590.0,0.999012902507339
5562.0,759472.0,0.9987203487016654
5563.0,759497.0,0.9986161285828264
5564.0,759704.0,0.9987514358234657
5565.0,759854.0,0.9988120112310439
5566.0,759930.0,0.9987755420190892
5567.0,759979.0,0.9987038311592069
5568.0,759528.0,0.9979753982566666
5569.0,758369.0,0.9963172476271489
5570.0,758186.0,0.9959418336904644
5571.0,758794.0,0.9966056539586027
5572.0,757516.0,0.9947927699547227
5573.0,756614.0,0.9934743091977395
5574.0,758564.0,0.9959007523905903
5575.0,760091.0,0.9977714967533029
5576.0,760243.0,0.9978372440958512
5577.0,760693.0,0.9982942788327038
5578.0,761255.0,0.9988983796135203
5579.0,761511.0,0.9991010722738629
5580.0,761610.0,0.9990979788045753
5581.0,761388.0,0.9986740704643378
5582.0,761207.0,0.9983042683572834
5583.0,761553.0,0.9986258430085896
5584.0,761735.0,0.9987325298912679
5585.0,760477.0,0.9969516344085203
5586.0,756989.0,0.9922483830426794
5587.0,754467.0,0.9888126385165087
5588.0,754685.0,0.9889686172552595
5589.0,756155.0,0.9907652279799379
5590.0,759251.0,0.9946918031178775
5591.0,761708.0,0.9977805292305341
5592.0,762405.0,0.9985635008405781
5593.0,761621.0,0.9974069927442898
5594.0,760058.0,0.9952309689566682
5595.0,760323.0,0.9954490259487213
5596.0,762125.0,0.9976792923929809
5597.0,762483.0,0.9980191380635923
5598.0,761496.0,0.9965988596025714
5599.0,761566.0,0.9965623205903537
5600.0,762539.0,0.9977074930329662
5601.0,762577.0,0.9976293876952596
5602.0,761946.0,0.996676420044507
5603.0,761895.0,0.9964824917981409
5604.0,763066.0,0.997886876628457
5605.0,764143.0,0.9991682059188
5606.0,764518.0,0.9995316272117887
5607.0,764637.0,0.9995605168791146
5608.0,764718.0,0.9995399429706017
5609.0,764796.0,0.9995156655201254
5610.0,764883.0,0.9995033664024626
5611.0,765004.0,0.9995357050806467
5612.0,765103.0,0.9995395052786136
5613.0,764774.0,0.9989844407029267
5614.0,762317.0,0.9956503772124676
5615.0,757299.0,0.9889728915659542
5616.0,756421.0,0.9877031193979093
5617.0,761381.0,0.9940559387867864
5618.0,764853.0,0.998464899921466
5619.0,765665.0,0.9994009510277724
5620.0,765828.0,0.9994899609490787
5621.0,765950.0,0.9995256528569709
5622.0,765981.0,0.9994428067437113
5623.0,765603.0,0.9988265945347425
5624.0,764828.0,0.9976928660576115
5625.0,764848.0,0.9975965448788334
5626.0,765784.0,0.998695050562099
5627.0,766411.0,0.9993905594484995
5628.0,766631.0,0.9995554441472192
5629.0,766775.0,0.9996214133057434
5630.0,766891.0,0.9996510712552021
5631.0,766980.0,0.9996457342169036
5632.0,767052.0,0.9996184464864123
5633.0,767095.0,0.9995535791805081
5634.0,767134.0,0.999483717505076
5635.0,767234.0,0.9994935398414595
5636.0,767358.0,0.9995348220361772
5637.0,767405.0,0.9994760089498357
5638.0,767421.0,0.999377039890548
5639.0,767476.0,0.9993290757140959
5640.0,767349.0,0.9990443683723595
5641.0,767206.0,0.9987390988297176
5642.0,767518.0,0.999026342753966
5643.0,767885.0,0.9993852972638767
5644.0,768013.0,0.9994333475213133
5645.0,768130.0,0.9994672703896251
5646.0,768290.0,0.9995573253581351
5647.0,768455.0,0.9996540594260086
5648.0,768592.0,0.9997145464958932
5649.0,768693.0,0.9997283945638313
5650.0,768789.0,0.9997359321984386
5651.0,768904.0,0.9997683672613521
5652.0,769016.0,0.9997970884485955
5653.0,769100.0,0.999789597999572
5654.0,769130.0,0.9997121134976402
5655.0,769084.0,0.9995360667787699
5656.0,768720.0,0.9989470141879905
5657.0,767271.0,0.9969485024344736
5658.0,765542.0,0.9945868703576304
5659.0,766135.0,0.9952423522472282
5660.0,768231.0,0.9978501093728513
5661.0,769173.0,0.9989587053678135
5662.0,768803.0,0.998363479971977
5663.0,768632.0,0.998026971078373
5664.0,769336.0,0.9988267379939361
5665.0,769914.0,0.9994629436893182
5666.0,769925.0,0.999363225860488
5667.0,769713.0,0.998974297261474
5668.0,769633.0,0.9987569414915544
5669.0,769773.0,0.9988252846659045
5670.0,770192.0,0.9992557764636035
5671.0,770597.0,0.9996681951774555
5672.0,770808.0,0.9998290655033268
5673.0,770933.0,0.9998785452779004
5674.0,771007.0,0.999862060696625
5675.0,771048.0,0.9998029738620674
5676.0,771137.0,0.9998063180531008
5677.0,771259.0,0.9998526260387061
5678.0,771341.0,0.9998472571170622
5679.0,771405.0,0.9998187424253984
5680.0,771488.0,0.9998150396941269
5681.0,771550.0,0.9997843077375315
5682.0,771494.0,0.9996008752593465
5683.0,771244.0,0.9991663326211383
5684.0,770986.0,0.9987217037125347
5685.0,771235.0,0.9989340395899561
5686.0,771682.0,0.9994029376412468
5687.0,771874.0,0.9995416985914657
5688.0,771951.0,0.9995317047258204
5689.0,772087.0,0.9995982772877838
5690.0,772255.0,0.99970643847882
5691.0,772409.0,0.9997966324923624
5692.0,772569.0,0.9998947497998109
5693.0,772694.0,0.9999477291370238
5694.0,772760.0,0.9999245297073751
5695.0,772812.0,0.9998833980451126
5696.0,772904.0,0.9998941985513454
5697.0,772990.0,0.9998974109066983
5698.0,773026.0,0.9998361273363193
5699.0,773032.0,0.9997362336097814
5700.0,772889.0,0.9994438596062896
5701.0,772600.0,0.998962945807647
5702.0,772675.0,0.998952905778206
5703.0,773140.0,0.9994471983321395
5704.0,773470.0,0.9997670603194933
5705.0,773553.0,0.9997677945294029
5706.0,773537.0,0.9996407627713035
5707.0,773433.0,0.9994002191346447
5708.0,772864.0,0.9985591060860137
5709.0,772045.0,0.997395369628012
5710.0,772100.0,0.9973610394563867
5711.0,772758.0,0.9981057295985231
5712.0,773325.0,0.998732907232615
5713.0,773920.0,0.999396279234957
5714.0,774259.0,0.9997291311711874
5715.0,774346.0,0.9997367311430007
5716.0,774481.0,0.9998064621752196
5717.0,774614.0,0.9998737642929366
5718.0,774692.0,0.9998702324922235
5719.0,774804.0,0.999910746032778
5720.0,774903.0,0.9999346420100593
5721.0,774981.0,0.9999316030953898
5722.0,775099.0,0.9999803353511568
5723.0,775224.0,1.0000382523665408
5724.0,775317.0,1.000055046158563
5725.0,775378.0,1.0000307290708967
5726.0,775390.0,0.9999433901918935
5727.0,775413.0,0.999870416617629
5728.0,775523.0,0.9999097930425918
5729.0,775653.0,0.9999751078825532
5730.0,775745.0,0.9999915866124491
5731.0,775790.0,0.999947643339931
5732.0,775855.0,0.9999296463983895
5733.0,775971.0,0.9999775365173036
5734.0,776089.0,1.0000281543826819
5735.0,776190.0,1.000057018860833
5736.0,776275.0,1.000065424471264
5737.0,776345.0,1.0000546651900377
5738.0,776418.0,1.0000479309239676
5739.0,776474.0,1.0000194620999348
5740.0,776517.0,0.9999744159483434
5741.0,776578.0,0.9999527138846723
5742.0,776660.0,0.9999582110218824
5743.0,776741.0,0.9999625763979403
5744.0,776832.0,0.9999799697569604
5745.0,776944.0,1.0000245452016188
5746.0,777037.0,1.0000448143364296
5747.0,777064.0,0.9999803011433783
5748.0,777076.0,0.9998966543093757
5749.0,777183.0,0.9999354067581521
5750.0,777330.0,1.0000257649534419
5751.0,777400.0,1.0000172089970694
5752.0,777332.0,0.9998313074415722
5753.0,777166.0,0.9995195565067309
5754.0,777087.0,0.9993198994317226
5755.0,777283.0,0.9994740436831651
5756.0,777633.0,0.9998263116214181
5757.0,777834.0,0.9999871066525865
5758.0,777899.0,0.9999731957680608
5759.0,777951.0,0.9999427282419918
5760.0,778007.0,0.9999175574065248
5761.0,778001.0,0.999812864397539
5762.0,777850.0,0.9995220185412818
5763.0,777783.0,0.9993393054593946
5764.0,778090.0,0.9996372656578816
5765.0,778429.0,0.9999764236464307
5766.0,778583.0,1.0000780340756068
5767.0,778660.0,1.0000808761884887
5768.0,778705.0,1.0000427687767004
5769.0,778742.0,0.9999945419819553
5770.0,778814.0,0.9999914099824861
5771.0,778878.0,0.9999781530463118
5772.0,778929.0,0.9999483549388785
5773.0,779018.0,0.9999674848943158
5774.0,779099.0,0.9999764873998178
5775.0,779163.0,0.9999638145175765
5776.0,779270.0,1.0000064676531322
5777.0,779373.0,1.0000441231798993
5778.0,779434.0,1.000028027450189
5779.0,779462.0,0.9999697413591291
5780.0,779421.0,0.99982309645527
5781.0,779332.0,0.9996150529986296
5782.0,779334.0,0.9995239003104248
5783.0,779525.0,0.9996752818522531
5784.0,779721.0,0.9998331867197294
5785.0,779818.0,0.9998642664130523
5786.0,779913.0,0.9998929155836281
5787.0,780019.0,0.9999357997256741
5788.0,780100.0,0.9999467690244698
5789.0,780163.0,0.999934803886334
5790.0,780174.0,0.9998563365363543
5791.0,780189.0,0.9997831469358002
5792.0,780302.0,0.9998356795872517
5793.0,780422.0,0.999897307716464
5794.0,780528.0,0.9999411251670698
5795.0,780628.0,0.9999773844116924
5796.0,780674.0,0.9999446052341266
5797.0,780648.0,0.999819752613493
5798.0,780684.0,0.999774457039659
5799.0,780854.0,0.9999008938904729
5800.0,781008.0,1.0000069549823178
5801.0,781108.0,1.0000439945578545
5802.0,781163.0,1.0000235526379013
5803.0,781144.0,0.9999085228508564
5804.0,781103.0,0.9997654874150476
5805.0,781138.0,0.9997198763371349
5806.0,781239.0,0.9997588656917177
5807.0,781382.0,0.9998517219383196
5808.0,781500.0,0.999912705078321
5809.0,781582.0,0.9999277503522309
5810.0,781666.0,0.9999454812268868
5811.0,781737.0,0.9999467095830357
5812.0,781796.0,0.9999327184895778
5813.0,781866.0,0.9999329264708214
5814.0,781937.0,0.999934541418646
5815.0,781978.0,0.9998979235581639
5816.0,782006.0,0.9998448182917803
5817.0,782105.0,0.9998826194619082
5818.0,782242.0,0.9999691173561293
5819.0,782331.0,0.9999943713954567
5820.0,782395.0,0.9999877940207295
5821.0,782473.0,0.9999992352189645
5822.0,782543.0,1.0000005763510174
5823.0,782594.0,0.9999777641935271
5824.0,782654.0,0.9999665792370296
5825.0,782723.0,0.9999670180270148
5826.0,782788.0,0.999962470435903
5827.0,782865.0,0.9999733745926855
5828.0,782948.0,0.9999920627781819
5829.0,783021.0,0.9999980989335526
5830.0,783065.0,0.999967223148561
5831.0,783095.0,0.999918597870857
5832.0,783158.0,0.9999122354910971
5833.0,783232.0,0.9999200381218503
5834.0,783293.0,0.999911364537098
5835.0,783376.0,0.9999308939553423
5836.0,783464.0,0.9999569211126755
5837.0,783531.0,0.9999562622858386
5838.0,783584.0,0.9999378567430045
5839.0,783652.0,0.9999387126264208
5840.0,783722.0,0.9999422380299466
5841.0,783782.0,0.9999331225262267
5842.0,783844.0,0.9999266770208607
5843.0,783917.0,0.9999343804945989
5844.0,783988.0,0.9999396480532302
5845.0,784036.0,0.999915697709759
5846.0,784049.0,0.9998472337074606
5847.0,784074.0,0.999794198165694
5848.0,784154.0,0.9998114135101044
5849.0,784261.0,0.9998631650961801
5850.0,784335.0,0.999872956698062
5851.0,784121.0,0.999515752266072
5852.0,782428.0,0.9972736106364846
5853.0,778783.0,0.9925441788873168
5854.0,777921.0,0.9913622446938757
5855.0,781340.0,0.9956357658715196
5856.0,783389.0,0.9981630919762948
5857.0,783110.0,0.9977241202336251
5858.0,783230.0,0.9977936496313742
5859.0,784120.0,0.998844148491774
5860.0,784667.0,0.9994577056207604
5861.0,784804.0,0.9995490979881082
5862.0,784760.0,0.9994100934101524
5863.0,784868.0,0.9994647980289545
5864.0,785092.0,0.9996673251996298
5865.0,785136.0,0.9996407697282814
5866.0,785039.0,0.9994348400873329
5867.0,785105.0,0.9994365724949659
5868.0,785339.0,0.999652280861907
5869.0,785510.0,0.9997878991619116
5870.0,785601.0,0.9998218122687971
5871.0,785662.0,0.9998176749177867
5872.0,785707.0,0.9997933118397447
5873.0,785757.0,0.9997754485304406
5874.0,785827.0,0.9997831681592618
5875.0,785902.0,0.9997973827374821
5876.0,785960.0,0.9997901060509952
5877.0,786002.0,0.9997626160163953
5878.0,786043.0,0.9997339961123621
5879.0,786087.0,0.9997093343505178
5880.0,786121.0,0.9996720990244774
5881.0,786177.0,0.9996629834724922
5882.0,786243.0,0.9996667242758934
5883.0,786257.0,0.9996044956398069
5884.0,786292.0,0.99956911493677
5885.0,786412.0,0.9996419295866438
5886.0,786498.0,0.9996716605197292
5887.0,785920.0,0.998857626200327
5888.0,780729.0,0.9921814817724877
5889.0,765376.0,0.9725932878051847
5890.0,754991.0,0.9593208675404581
5891.0,767196.0,0.9747521507530392
5892.0,781633.0,0.9930167659769847
5893.0,785475.0,0.9978194166315717
5894.0,781571.0,0.9927821889529671
5895.0,768619.0,0.9762536729310319
5896.0,760336.0,0.9656577074938856
5897.0,771053.0,0.9791924351168781
5898.0,783130.0,0.9944521912583514
5899.0,786700.0,0.9989080120963868
5900.0,787186.0,0.999447706576759
5901.0,787344.0,0.9995710598753375
5902.0,787429.0,0.9996018790892115
5903.0,787481.0,0.9995909604700265
5904.0,787519.0,0.999562430224689
5905.0,787545.0,0.9995188314441006
5906.0,787591.0,0.9995007782453244
5907.0,787681.0,0.999538720624319
5908.0,787733.0,0.9995285994000924
5909.0,787665.0,0.9993663870675544
5910.0,787604.0,0.999213240623676
5911.0,787745.0,0.9993165315115295
5912.0,787879.0,0.9994110893880651
5913.0,787787.0,0.9992191401571899
5914.0,787633.0,0.998948749086798
5915.0,787734.0,0.9990019529261711
5916.0,787945.0,0.9991948048430903
5917.0,788123.0,0.9993459492466331
5918.0,788258.0,0.9994427171470601
5919.0,788338.0,0.9994699076393716
5920.0,788399.0,0.9994731750731989
5921.0,788431.0,0.9994398491854789
5922.0,788452.0,0.9993927544867309
5923.0,788528.0,0.9994155460727747
5924.0,788624.0,0.9994638519562092
5925.0,788699.0,0.9994857096655997
5926.0,788752.0,0.9994798585862344
5927.0,788770.0,0.9994298335574634
5928.0,788762.0,0.9993470477755254
5929.0,788725.0,0.9992277084017034
5930.0,788721.0,0.9991503655449475
5931.0,788857.0,0.9992505484129534
5932.0,789006.0,0.9993673591764285
5933.0,789028.0,0.9993234815741798
5934.0,788960.0,0.9991658089759826
5935.0,788983.0,0.9991235746620688
5936.0,789136.0,0.9992461384900485
5937.0,789262.0,0.999334678382048
5938.0,789346.0,0.9993702112619712
5939.0,789415.0,0.9993869307208879
5940.0,789451.0,0.9993620553768887
5941.0,789454.0,0.9992955947415627
5942.0,789490.0,0.9992710956152048
5943.0,789574.0,0.9993075343190355
5944.0,789659.0,0.9993454184185538
5945.0,789729.0,0.999364501122678
5946.0,789774.0,0.9993521334469105
5947.0,789728.0,0.999224814363112
5948.0,789581.0,0.9989699164785845
5949.0,789587.0,0.998908802909676
5950.0,789805.0,0.9991160703230887
5951.0,789952.0,0.9992336892676069
5952.0,789940.0,0.9991503727135903
5953.0,789934.0,0.999074847410942
5954.0,790045.0,0.999147491005838
5955.0,790093.0,0.9991406486314207
5956.0,789979.0,0.9989291515426745
5957.0,789970.0,0.9988506407740203
5958.0,790186.0,0.9990568099421991
5959.0,790371.0,0.9992239555131432
5960.0,790460.0,0.999269915569331
5961.0,790523.0,0.9992832005798852
5962.0,790578.0,0.9992865696981523
5963.0,790620.0,0.9992737060663164
5964.0,790646.0,0.9992408221337946
5965.0,790642.0,0.9991702301242265
5966.0,790660.0,0.9991276486093149
5967.0,790748.0,0.9991737246601481
5968.0,790838.0,0.999222523809887
5969.0,790903.0,0.9992399340390217
5970.0,790958.0,0.9992449122091444
5971.0,791002.0,0.9992361982052169
5972.0,791038.0,0.9992175849109204
5973.0,791069.0,0.9991928642231767
5974.0,791067.0,0.9991266737054432
5975.0,791011.0,0.9989925004148924
5976.0,790992.0,0.9989052774150387
5977.0,791067.0,0.9989369744483855
5978.0,791180.0,0.9990168589931815
5979.0,791283.0,0.9990843173087767
5980.0,791381.0,0.9991456651723556
5981.0,791451.0,0.9991718680125563
5982.0,791490.0,0.9991591460011675
5983.0,791484.0,0.9990898349052671
5984.0,791424.0,0.9989525859013147
5985.0,791428.0,0.9988963452051771
5986.0,791530.0,0.9989640088813745
5987.0,791602.0,0.9989940202234439
5988.0,791648.0,0.9989914345130557
5989.0,791694.0,0.9989890661820416
5990.0,791705.0,0.9989427542699475
5991.0,791667.0,0.9988348438178367
5992.0,791744.0,0.9988722506355696
5993.0,791913.0,0.9990259340993762
5994.0,792012.0,0.9990915177224338
5995.0,792056.0,0.9990879387449119
5996.0,792083.0,0.9990631399847579
5997.0,792099.0,0.9990246933250312
5998.0,792117.0,0.9989889969939093
5999.0,792153.0,0.9989762286518844
6000.0,792189.0,0.9989636867087026
6001.0,792198.0,0.9989173263547135
6002.0,792142.0,0.9987892410300566
6003.0,792104.0,0.9986840918140276
6004.0,792221.0,0.9987745950500196
6005.0,792353.0,0.9988842262462116
6006.0,792378.0,0.9988591916693752
6007.0,792276.0,0.998674304635694
6008.0,792143.0,0.998450595245742
6009.0,792239.0,0.9985157673008891
6010.0,792495.0,0.998782812302213
6011.0,792630.0,0.9988975722961074
6012.0,792618.0,0.9988273091955754
6013.0,792564.0,0.9987043640835153
6014.0,792598.0,0.9986925494134007
6015.0,792632.0,0.9986809715829725
6016.0,792522.0,0.9984882075353863
6017.0,792529.0,0.9984431001061645
6018.0,792739.0,0.998653964675778
6019.0,792821.0,0.9987038054819015
6020.0,792731.0,0.9985372260050674
6021.0,792646.0,0.9983772017785261
6022.0,792663.0,0.998345902260475
6023.0,792737.0,0.9983866339909147
6024.0,792784.0,0.9983936008557159
6025.0,792954.0,0.99855570175132
6026.0,793100.0,0.9986878078743145
6027.0,793131.0,0.9986753415492657
6028.0,793204.0,0.998716003141105
6029.0,793306.0,0.99879341787915
6030.0,793378.0,0.9988333021162983
6031.0,793421.0,0.9988369212282922
6032.0,793463.0,0.9988395288436945
6033.0,793500.0,0.998836090751844
6034.0,793528.0,0.9988215737437695
6035.0,793570.0,0.9988249290829517
6036.0,793615.0,0.9988323103994007
6037.0,793654.0,0.9988323911146737
6038.0,793692.0,0.998831465339873
6039.0,793725.0,0.9988245003418613
6040.0,793755.0,0.9988140144007788
6041.0,793782.0,0.9988000087436854
6042.0,793797.0,0.9987711606131393
6043.0,793823.0,0.9987564105211376
6044.0,793875.0,0.9987746286807117
6045.0,793922.0,0.9987868118704817
6046.0,793937.0,0.9987589961431645
6047.0,793954.0,0.9987339572336505
6048.0,794010.0,0.9987582365044781
6049.0,794072.0,0.9987903201885783
6050.0,794113.0,0.9987962486885161
6051.0,794125.0,0.9987659647696663
6052.0,794136.0,0.9987346878995096
6053.0,794182.0,0.9987476918057061
6054.0,794224.0,0.9987559278133153
6055.0,794210.0,0.9986940089329136
6056.0,794195.0,0.9986311028914606
6057.0,794270.0,0.9986816300593423
6058.0,794365.0,0.9987575650690564
6059.0,794418.0,0.9987809559689605
6060.0,794451.0,0.9987794686069598
6061.0,794483.0,0.9987769925924752
6062.0,794494.0,0.9987483870268159
6063.0,794345.0,0.9985189281705642
6064.0,793528.0,0.9974500953436533
6065.0,792154.0,0.995681513151565
6066.0,792249.0,0.9957597015397078
6067.0,793734.0,0.9975851427550291
6068.0,794589.0,0.9986189396454563
6069.0,794774.0,0.9988109218530318
6070.0,794816.0,0.9988234591467013
6071.0,794852.0,0.9988287312019479
6072.0,794890.0,0.9988367921979799
6073.0,794925.0,0.9988413599191861
6074.0,794953.0,0.9988374096126339
6075.0,794975.0,0.9988261994246928
6076.0,794997.0,0.9988152691738722
6077.0,794988.0,0.998765673374833
6078.0,794944.0,0.9986723920353683
6079.0,794964.0,0.9986597978277543
6080.0,795054.0,0.9987354194368272
6081.0,795095.0,0.9987497672000095
6082.0,795072.0,0.998684007303106
6083.0,795038.0,0.9986047197510505
6084.0,795014.0,0.998538282704596
6085.0,795024.0,0.9985148383634525
6086.0,795118.0,0.9985971783139572
6087.0,795247.0,0.9987237545602426
6088.0,795338.0,0.9988028882270001
6089.0,795360.0,0.9987956559940474
6090.0,795342.0,0.9987384839250001
6091.0,795363.0,0.9987305775091077
6092.0,795424.0,0.9987731880395987
6093.0,795479.0,0.9988085532243082
6094.0,795530.0,0.9988391856797101
6095.0,795577.0,0.9988650866308638
6096.0,795593.0,0.9988523592916807
6097.0,795606.0,0.9988361605210774
6098.0,795638.0,0.9988441101716627
6099.0,795661.0,0.9988410565545048
6100.0,795592.0,0.998722809858082
6101.0,795032.0,0.9979885245438738
6102.0,793730.0,0.9963231929192766
6103.0,793319.0,0.9957766480255232
6104.0,794573.0,0.9973202845974055
6105.0,795576.0,0.9985490899481108
6106.0,795768.0,0.9987602441515466
6107.0,795625.0,0.9985512443479101
6108.0,795515.0,0.998383974185129
6109.0,795695.0,0.9985809603178702
6110.0,795924.0,0.9988397305982568
6111.0,795998.0,0.9989042794372126
6112.0,796012.0,0.9988938370526766
6113.0,796027.0,0.998884955586521
6114.0,796056.0,0.9988939480707543
6115.0,796076.0,0.9988919540654876
6116.0,796090.0,0.9988827393935092
6117.0,796146.0,0.998926531079321
6118.0,796199.0,0.9989668655299785
6119.0,796148.0,0.9988770254041399
6120.0,795517.0,0.9980598293338302
6121.0,793043.0,0.994930806620643
6122.0,790241.0,0.9913907618033577
6123.0,791632.0,0.9931113690788241
6124.0,794851.0,0.9971253947648134
6125.0,796135.0,0.9987121777564051
6126.0,796309.0,0.9989067924231577
6127.0,796347.0,0.9989311161654101
6128.0,796355.0,0.9989181241287138
6129.0,796342.0,0.9988791086129313
6130.0,796392.0,0.9989194338003116
6131.0,796484.0,0.9990127552684814
6132.0,796549.0,0.9990725269848679
6133.0,796587.0,0.9990987519212877
6134.0,796367.0,0.9988017133007524
6135.0,794787.0,0.9967993348802465
6136.0,790930.0,0.9919416700673056
6137.0,788339.0,0.988672239939416
6138.0,790566.0,0.9914454942140148
6139.0,793709.0,0.9953676903455737
6140.0,790675.0,0.9915438084692136
6141.0,779955.0,0.9780819699311446
6142.0,776448.0,0.9736660588362716
6143.0,786668.0,0.9864639779734298
6144.0,794759.0,0.9965920884335219
6145.0,796674.0,0.9989758769871142
6146.0,796827.0,0.9991505197629977
6147.0,796753.0,0.9990408534008006
6148.0,796675.0,0.9989265058269474
6149.0,796692.0,0.9989316089514886
6150.0,796767.0,0.9990097660041476
6151.0,796829.0,0.9990719538106311
6152.0,796902.0,0.9991482648765393
6153.0,797009.0,0.9992675361107691
6154.0,797018.0,0.9992642709470175
6155.0,796968.0,0.9991873711557959
6156.0,797007.0,0.9992223908565673
6157.0,797045.0,0.9992564930120992
6158.0,797035.0,0.9992307552259185
6159.0,796953.0,0.9991150925153922
6160.0,795974.0,0.9978752451787024
6161.0,792269.0,0.9932183514352453
6162.0,788397.0,0.9883525532862346
6163.0,790560.0,0.9910527337938219
6164.0,795045.0,0.9966640388520566
6165.0,796854.0,0.9989209799367132
6166.0,797087.0,0.9992025935788263
6167.0,797062.0,0.9991611284985595
6168.0,796689.0,0.9986837763438225
6169.0,795997.0,0.9978069025405862
6170.0,796087.0,0.9979106432764103
6171.0,796866.0,0.9988783963216171
6172.0,797225.0,0.9993200113553994
6173.0,797153.0,0.999221714452494
6174.0,797213.0,0.999289227578051
6175.0,797381.0,0.9994924644356199
6176.0,797435.0,0.9995531547706978
6177.0,797465.0,0.9995841130449146
6178.0,797540.0,0.9996718282513676
6179.0,797550.0,0.9996784220992225
6180.0,797508.0,0.9996201913501283
6181.0,797578.0,0.9997026991421609
6182.0,797692.0,0.9998407117204436
6183.0,797735.0,0.9998900868399584
6184.0,797755.0,0.9999109899720884
6185.0,797780.0,0.9999385174553403
6186.0,797784.0,0.9999400816442509
6187.0,797762.0,0.9999094165664463
6188.0,797717.0,0.9998502833797656
6189.0,797393.0,0.9994418159699905
6190.0,795674.0,0.9972852403059939
6191.0,792627.0,0.993464541911615
6192.0,792549.0,0.9933655018027213
6193.0,795663.0,0.9972676098525641
6194.0,797557.0,0.9996409531701941
6195.0,797940.0,1.0001208044971759
6196.0,797992.0,1.000186153007886
6197.0,798015.0,1.0002155198448688
6198.0,797987.0,1.0001813313347347
6199.0,797840.0,0.9999983580087947
6200.0,797680.0,0.9997994585380527
