wave,flux,norm
3800.0,485326.0,0.909145908998557
3801.0,515917.0,0.9657984724767855
3802.0,527585.0,0.9869723547742941
3803.0,531636.0,0.9938756266583839
3804.0,531109.0,0.9922147395074713
3805.0,524925.0,0.9799927852791952
3806.0,514158.0,0.959235159540808
3807.0,506548.0,0.9443896875765175
3808.0,514554.0,0.9586564702039221
3809.0,528548.0,0.9840500494533293
3810.0,535388.0,0.9960964351670383
3811.0,533475.0,0.9918502963765096
3812.0,519844.0,0.9658367019585052
3813.0,502160.0,0.9323322725477856
3814.0,496594.0,0.921355707369701
3815.0,497576.0,0.9225329427223959
3816.0,504097.0,0.9339691085153781
3817.0,521141.0,0.9648702888572079
3818.0,532654.0,0.9854929837674989
3819.0,525915.0,0.9723394859881037
3820.0,507549.0,0.9377212076465564
3821.0,505962.0,0.934128115717535
3822.0,522361.0,0.963721308703723
3823.0,525111.0,0.9681071048908907
3824.0,508750.0,0.9372764313927332
3825.0,496667.0,0.9143637047744038
3826.0,499317.0,0.9185860580993438
3827.0,506287.0,0.9307424653366363
3828.0,507049.0,0.931475378682249
3829.0,508538.0,0.9335401574923906
3830.0,516256.0,0.94702688086354
3831.0,514936.0,0.9439250549018878
3832.0,497220.0,0.9107923710894009
3833.0,480657.0,0.8798164594948712
3834.0,454756.0,0.8318035166652882
3835.0,426581.0,0.7797023100660907
3836.0,441729.0,0.8068034129694347
3837.0,481741.0,0.879244047586277
3838.0,498368.0,0.9089280510777372
3839.0,502673.0,0.9161107385057173
3840.0,501549.0,0.9133944644089751
3841.0,504133.0,0.9174285815893833
3842.0,522056.0,0.9493490339239251
3843.0,536013.0,0.9740144124267659
3844.0,540443.0,0.9813428441584893
3845.0,538891.0,0.9778048119405325
3846.0,538083.0,0.9756194873136806
3847.0,542627.0,0.9831326911014957
3848.0,545298.0,0.9872423574139294
3849.0,536174.0,0.9700058781810131
3850.0,523287.0,0.945990796572243
3851.0,526782.0,0.9516031251050334
3852.0,539931.0,0.9746322728248168
3853.0,548484.0,0.989335772113919
3854.0,551580.0,0.99418023292247
3855.0,544786.0,0.9812034421809602
3856.0,531300.0,0.9562008077784551
3857.0,526659.0,0.9471409809478016
3858.0,522766.0,0.9394376221354404
3859.0,512271.0,0.9198892823687081
3860.0,514114.0,0.9225078611104531
3861.0,535084.0,0.9594164455207681
3862.0,553236.0,0.9912195814474387
3863.0,558444.0,0.9997997453759845
3864.0,554086.0,0.991252361415643
3865.0,544565.0,0.9734870270076432
3866.0,542910.0,0.9697982518067166
3867.0,550665.0,0.9829102785779191
3868.0,556538.0,0.992644668711552
3869.0,555686.0,0.9903775428901598
3870.0,538242.0,0.9585637592246301
3871.0,492637.0,0.8766824341390279
3872.0,448646.0,0.7977938865496353
3873.0,451254.0,0.8018245913184298
3874.0,482975.0,0.8575395228311303
3875.0,510302.0,0.9053734248396417
3876.0,519657.0,0.9212723355588992
3877.0,504883.0,0.8944016201795882
3878.0,486359.0,0.8609326523031585
3879.0,496981.0,0.8790674922721641
3880.0,521502.0,0.9217400341683986
3881.0,533565.0,0.9423444486992876
3882.0,535534.0,0.945102912195659
3883.0,534150.0,0.9419434747809754
3884.0,533353.0,0.9398223331835119
3885.0,527938.0,0.9295723799879689
3886.0,510901.0,0.8988892311184775
3887.0,491301.0,0.8637460669879738
3888.0,456882.0,0.8026225797124309
3889.0,424559.0,0.7452708829301689
3890.0,450527.0,0.7902519874387663
3891.0,500070.0,0.8764843102428282
3892.0,521822.0,0.9139116397182869
3893.0,521253.0,0.9122183065916709
3894.0,513004.0,0.8970967435065765
3895.0,497952.0,0.8701101795374052
3896.0,503755.0,0.8795779055214178
3897.0,517053.0,0.9021071347160328
3898.0,513725.0,0.8956159438899363
3899.0,515384.0,0.8978216232149071
3900.0,516480.0,0.899043304012991
3901.0,506633.0,0.881228462856108
3902.0,498172.0,0.8658492153113576
3903.0,514084.0,0.8928221007323851
3904.0,531963.0,0.9231667375917902
3905.0,516355.0,0.8953956437553491
3906.0,503166.0,0.8718579756679337
3907.0,523898.0,0.9070872656101562
3908.0,545534.0,0.9438262141563177
3909.0,548323.0,0.947926307560582
3910.0,536041.0,0.925985201389891
3911.0,540410.0,0.9328189680811785
3912.0,557546.0,0.9616625126417828
3913.0,551061.0,0.9497508515899581
3914.0,535311.0,0.9219009563005651
3915.0,531414.0,0.9144905596197371
3916.0,538716.0,0.9263482976732449
3917.0,554057.0,0.9520004318524428
3918.0,563043.0,0.9667019668415644
3919.0,553335.0,0.9493090024027873
3920.0,523507.0,0.8974504014606538
3921.0,503197.0,0.8619748674574679
3922.0,516000.0,0.8832323283190852
3923.0,543108.0,0.9289241516479871
3924.0,565810.0,0.9670158283196444
3925.0,574325.0,0.9808208985781542
3926.0,566563.0,0.9668282831937087
3927.0,538276.0,0.9178578575113955
3928.0,507145.0,0.8641158517571548
3929.0,503034.0,0.856459270239579
3930.0,493595.0,0.8397496333596641
3931.0,446183.0,0.7585110972181521
3932.0,345990.0,0.5877362438205099
3933.0,229489.0,0.38953902261367046
3934.0,201465.0,0.341711067325859
3935.0,286569.0,0.48568999865836304
3936.0,407256.0,0.6897125694030314
3937.0,501220.0,0.8482032371463835
3938.0,549812.0,0.9297299574904572
3939.0,569267.0,0.9618999345163523
3940.0,575118.0,0.9710516421750683
3941.0,574699.0,0.9696109217200197
3942.0,567627.0,0.9569560864761918
3943.0,543252.0,0.9151713714663429
3944.0,528012.0,0.8888270035902245
3945.0,553230.0,0.9305758099290765
3946.0,581786.0,0.9778722682449612
3947.0,587841.0,0.9873060741180384
3948.0,583423.0,0.979149041752427
3949.0,580751.0,0.9739323703752543
3950.0,581066.0,0.9737290726410233
3951.0,576466.0,0.9652959308030105
3952.0,558955.0,0.9352721459335646
3953.0,551902.0,0.9227791604878418
3954.0,573830.0,0.9587248805981771
3955.0,589705.0,0.9845114831879257
3956.0,584979.0,0.9758920346952585
3957.0,581230.0,0.9689142452049442
3958.0,587114.0,0.9779933052991675
3959.0,594016.0,0.9887534814435589
3960.0,589043.0,0.9797463074280216
3961.0,563940.0,0.9372956700971563
3962.0,539908.0,0.8966870032519432
3963.0,542380.0,0.9001243557797302
3964.0,558813.0,0.926709080721419
3965.0,553900.0,0.9178816705657269
3966.0,502352.0,0.8318446552891171
3967.0,393559.0,0.6512129967764972
3968.0,269982.0,0.4464034027880643
3969.0,239688.0,0.39602154793471894
3970.0,324833.0,0.5363062732821418
3971.0,440671.0,0.7270223937587658
3972.0,515566.0,0.8499601204639246
3973.0,547965.0,0.9027104044387351
3974.0,562822.0,0.9265064172718497
3975.0,579483.0,0.9532354833508541
3976.0,596019.0,0.9797203732172026
3977.0,601605.0,0.9881808012547838
3978.0,604066.0,0.9914999988164689
3979.0,609194.0,0.9991891519254164
3980.0,610517.0,1.000631205721171
3981.0,600948.0,0.9842326996521868
3982.0,584729.0,0.9569749609689856
3983.0,580905.0,0.9500282897586289
3984.0,594823.0,0.972086920414161
3985.0,604922.0,0.9878775041439095
3986.0,598744.0,0.9770835736044412
3987.0,592545.0,0.9662714621674764
3988.0,600646.0,0.9787778754031542
3989.0,608590.0,0.9910112216193468
3990.0,610918.0,0.994089206647425
3991.0,615257.0,1.0004333343277492
3992.0,618221.0,1.004534780699609
3993.0,613051.0,0.9954236408436178
3994.0,600008.0,0.9735516526622252
3995.0,595089.0,0.9648837397736022
3996.0,602845.0,0.9767655570029098
3997.0,605068.0,0.9796726261910733
3998.0,601731.0,0.9735803481696058
3999.0,603665.0,0.9760196241024744
4000.0,604443.0,0.9765884107679006
4001.0,602780.0,0.9732159847893084
4002.0,610710.0,0.9853264612641108
4003.0,619604.0,0.9989749025938041
4004.0,614869.0,0.9906465965233224
4005.0,600664.0,0.9670837627345283
4006.0,594368.0,0.9562793765272122
4007.0,601166.0,0.9665430817746531
4008.0,613928.0,0.9863754189543452
4009.0,620657.0,0.9964947337449411
4010.0,622278.0,0.9984053575108806
4011.0,621609.0,0.9966425133357376
4012.0,616993.0,0.9885589296008077
4013.0,616932.0,0.9877803591638404
4014.0,620200.0,0.9923300947325696
4015.0,621209.0,0.9932624083300516
4016.0,619464.0,0.9897938209778797
4017.0,616207.0,0.983916500291022
4018.0,616774.0,0.9841497076881656
4019.0,615989.0,0.9822275299420015
4020.0,613160.0,0.9770516826772068
4021.0,617732.0,0.9836688883009288
4022.0,625352.0,0.9951281955312739
4023.0,628574.0,0.9995789219030269
4024.0,624027.0,0.9916782310957214
4025.0,616838.0,0.9795932298300452
4026.0,617685.0,0.980278543224444
4027.0,622824.0,0.9877706062182265
4028.0,624668.0,0.9900311602466064
4029.0,622219.0,0.9854900566721727
4030.0,612009.0,0.9686718652833836
4031.0,604743.0,0.9565334252187547
4032.0,603329.0,0.9536619341515422
4033.0,593067.0,0.93681853403901
4034.0,585173.0,0.9237362407102532
4035.0,596633.0,0.9412033852257919
4036.0,617489.0,0.9734607813685627
4037.0,628952.0,0.9908782063069813
4038.0,632755.0,0.9962134805804681
4039.0,631963.0,0.9943128416226984
4040.0,627644.0,0.9868697961869629
4041.0,627519.0,0.9860273139751032
4042.0,631639.0,0.991852521453582
4043.0,631096.0,0.9903534033445421
4044.0,623546.0,0.977868330260863
4045.0,610010.0,0.9560188502096028
4046.0,604693.0,0.9470710540656159
4047.0,615996.0,0.9641489602427826
4048.0,624178.0,0.976323687890095
4049.0,624978.0,0.9769441180305971
4050.0,628169.0,0.9812995829824301
4051.0,634880.0,0.9911454198661274
4052.0,636636.0,0.9932487771938316
4053.0,633946.0,0.9884181681639419
4054.0,633872.0,0.9876705908137551
4055.0,635996.0,0.9903473191196359
4056.0,637917.0,0.9927054449380054
4057.0,637812.0,0.9919104935956314
4058.0,635174.0,0.9871805034618713
4059.0,635058.0,0.9863744012707136
4060.0,640304.0,0.9938930313435088
4061.0,644211.0,0.9993257533650448
4062.0,637180.0,0.9877955697896525
4063.0,621821.0,0.963378166072937
4064.0,618083.0,0.9569850841285991
4065.0,623384.0,0.9645871128383324
4066.0,620104.0,0.9589108835021767
4067.0,622836.0,0.9625334006499164
4068.0,636938.0,0.9837123485397821
4069.0,646900.0,0.9984755830898646
4070.0,644430.0,0.9940445631076734
4071.0,631475.0,0.9734564865377003
4072.0,627016.0,0.9659835965334764
4073.0,636820.0,0.98048067410517
4074.0,640577.0,0.9856559922552375
4075.0,638318.0,0.9815744925898547
4076.0,635218.0,0.9762062434996407
4077.0,625355.0,0.960458239557782
4078.0,623487.0,0.9570018995706816
4079.0,638461.0,0.979385722964243
4080.0,651014.0,0.9980313429641348
4081.0,655216.0,1.0038602597126791
4082.0,653682.0,1.0008999479782654
4083.0,645691.0,0.9880631483989359
4084.0,634895.0,0.9709528897268651
4085.0,634685.0,0.9700435279864985
4086.0,646430.0,0.9873967189878898
4087.0,656170.0,1.0016688920535834
4088.0,660200.0,1.0072132375657286
4089.0,661408.0,1.0084488758492207
4090.0,661298.0,1.0076753545117885
4091.0,660367.0,1.005653156631389
4092.0,658931.0,1.0028654613837225
4093.0,658085.0,1.0009791844444529
4094.0,656084.0,0.9973400597215096
4095.0,652299.0,0.990995616042625
4096.0,650657.0,0.9879131603981354
4097.0,652613.0,0.9902947303104597
4098.0,653965.0,0.9917581402528762
4099.0,645891.0,0.9789341039406346
4100.0,610900.0,0.9253536529453628
4101.0,547977.0,0.8295523087088325
4102.0,526300.0,0.7962676581873865
4103.0,576956.0,0.872394849879796
4104.0,627521.0,0.9482957113073274
4105.0,647592.0,0.9780533627343504
4106.0,653055.0,0.9857273715359816
4107.0,655042.0,0.9881494047965718
4108.0,657380.0,0.9910984316520409
4109.0,657542.0,0.9907659228389026
4110.0,657875.0,0.99069194083297
4111.0,661751.0,0.9959509742958097
4112.0,665536.0,1.0010676703430403
4113.0,667454.0,1.00337245350086
4114.0,668260.0,1.004004523307813
4115.0,669111.0,1.0047040674352046
4116.0,670044.0,1.0055264950060157
4117.0,668024.0,1.0019196233379055
4118.0,661337.0,0.9913218399675267
4119.0,656760.0,0.9838978185742325
4120.0,658284.0,0.985617636121908
4121.0,660067.0,0.9877236713656181
4122.0,662505.0,0.9908075034999306
4123.0,666086.0,0.9955968803724616
4124.0,668243.0,0.9982541927450997
4125.0,668949.0,0.998742760630162
4126.0,668422.0,0.9973915579629059
4127.0,666959.0,0.9946466216793592
4128.0,666690.0,0.9936850176006687
4129.0,668469.0,0.9957758785119597
4130.0,667981.0,0.9944898861239668
4131.0,659263.0,0.9809599926953583
4132.0,648889.0,0.9649831655510916
4133.0,650955.0,0.9675143668264905
4134.0,657386.0,0.9765274024730932
4135.0,663156.0,0.9845496265854261
4136.0,669413.0,0.9932861294755039
4137.0,671715.0,0.9961482817904249
4138.0,672387.0,0.9965919159661973
4139.0,673746.0,0.9980533397677525
4140.0,674617.0,0.9987912415772302
4141.0,673004.0,0.9958533119109113
4142.0,665178.0,0.9837308134104459
4143.0,651097.0,0.9623768155570123
4144.0,646652.0,0.9552818569951805
4145.0,658856.0,0.9727768855385726
4146.0,669432.0,0.9878509547014593
4147.0,671962.0,0.9910424822868238
4148.0,669786.0,0.9872942509382392
4149.0,666039.0,0.9812362175521379
4150.0,667166.0,0.9823620199448383
4151.0,673848.0,0.9916621320580836
4152.0,675982.0,0.994263335045187
4153.0,670786.0,0.9860868504451171
4154.0,664604.0,0.9764710910075748
4155.0,667211.0,0.979772566080981
4156.0,672842.0,0.9875092740676873
4157.0,673023.0,0.9872437262163883
4158.0,671859.0,0.9850071320384203
4159.0,673776.0,0.987288104737944
4160.0,677980.0,0.9929165556263139
4161.0,678777.0,0.9935525895953997
4162.0,675411.0,0.9880982089417762
4163.0,672156.0,0.9828124997120191
4164.0,672517.0,0.9828173950340974
4165.0,677886.0,0.9901376483740538
4166.0,680415.0,0.9933047115589758
4167.0,676327.0,0.9868142506518289
4168.0,675134.0,0.9845530019113502
4169.0,677150.0,0.9869719261609425
4170.0,678422.0,0.9883050092348279
4171.0,677256.0,0.9860874965179085
4172.0,669233.0,0.9738942795618847
4173.0,662952.0,0.9642480880244518
4174.0,663733.0,0.9648786649713541
4175.0,666252.0,0.968034345681884
4176.0,670451.0,0.9736269495352948
4177.0,669434.0,0.971643538613566
4178.0,667782.0,0.9687415340421448
4179.0,674831.0,0.9784589262379284
4180.0,677077.0,0.9812063512407313
4181.0,670717.0,0.9714862735058117
4182.0,667718.0,0.9666424275830946
4183.0,668719.0,0.9675918360439985
4184.0,671542.0,0.9711757360649382
4185.0,672344.0,0.971835221943738
4186.0,661265.0,0.9553300564144922
4187.0,649110.0,0.9372886399239261
4188.0,651902.0,0.9408380203665702
4189.0,662785.0,0.9560553860511373
4190.0,672933.0,0.9701980229097059
4191.0,672790.0,0.9694973035610511
4192.0,667852.0,0.9618916787434995
4193.0,671732.0,0.9669881964332581
4194.0,673061.0,0.9684096274566865
4195.0,670232.0,0.9638505630314238
4196.0,677490.0,0.973795237524275
4197.0,677806.0,0.9737572684907849
4198.0,659736.0,0.9473192615347997
4199.0,651015.0,0.9343259155914135
4200.0,657576.0,0.9432675669775933
4201.0,657453.0,0.9426175894274336
4202.0,658638.0,0.9438431385908613
4203.0,668910.0,0.9580832983326791
4204.0,671783.0,0.9617173724859654
4205.0,665877.0,0.9527866541745902
4206.0,662384.0,0.9473163029190347
4207.0,667369.0,0.9539707543674888
4208.0,680957.0,0.972910520172314
4209.0,684421.0,0.9773745846148689
4210.0,673334.0,0.9610657228062576
4211.0,663100.0,0.9459903857725998
4212.0,662279.0,0.9443525398641865
4213.0,668530.0,0.9527958660168879
4214.0,672766.0,0.9583609601840024
4215.0,660813.0,0.9408710204109214
4216.0,645112.0,0.918064910104403
4217.0,644754.0,0.9171056831545614
4218.0,653550.0,0.9291622293068276
4219.0,668161.0,0.9494706750258055
4220.0,685539.0,0.973689798831116
4221.0,688856.0,0.9779242900903601
4222.0,677218.0,0.9609348163660422
4223.0,662091.0,0.9390140302980189
4224.0,656250.0,0.9302785043926248
4225.0,655953.0,0.9294070786459103
4226.0,644222.0,0.9123441649121237
4227.0,639456.0,0.9051572134048365
4228.0,660499.0,0.9344929427926708
4229.0,672333.0,0.950777966584823
4230.0,662705.0,0.9367119348511981
4231.0,657645.0,0.9291134792060305
4232.0,662831.0,0.9359912453445781
4233.0,669052.0,0.9443236992465871
4234.0,677918.0,0.9563800882453901
4235.0,669494.0,0.9440449996813277
4236.0,636743.0,0.8974352724486625
4237.0,625272.0,0.8808484333152682
4238.0,649183.0,0.9140982827531042
4239.0,677339.0,0.9532914227439799
4240.0,690548.0,0.9714213004853701
4241.0,681812.0,0.9586781641489825
4242.0,648422.0,0.9112985467254805
4243.0,628886.0,0.8834254376558793
4244.0,653710.0,0.9178642070906329
4245.0,683661.0,0.9594663291702642
4246.0,682433.0,0.9572929758451206
4247.0,658331.0,0.9230503077176639
4248.0,631464.0,0.8849651456142823
4249.0,614864.0,0.8612979859593437
4250.0,625165.0,0.8753184998721373
4251.0,656835.0,0.9192319548162222
4252.0,677831.0,0.9481737274739931
4253.0,666297.0,0.9316060492687183
4254.0,637750.0,0.8912779204484738
4255.0,623723.0,0.8712704093959485
4256.0,646938.0,0.9032805881232089
4257.0,681678.0,0.9513457633083658
4258.0,683946.0,0.9540701380690088
4259.0,667473.0,0.9306617249263367
4260.0,653702.0,0.9110409701000315
4261.0,639578.0,0.890946930673719
4262.0,644777.0,0.8977767672123361
4263.0,665612.0,0.9263620474447174
4264.0,671961.0,0.9347699513891121
4265.0,677508.0,0.9420554064531633
4266.0,678940.0,0.9436154327979249
4267.0,655570.0,0.9107194411902224
4268.0,640935.0,0.8899829721877418
4269.0,648580.0,0.9001890173521627
4270.0,645242.0,0.8951493672756414
4271.0,634668.0,0.8800806619540504
4272.0,634125.0,0.8789294592186971
4273.0,625477.0,0.8665508075728502
4274.0,602354.0,0.8341387521349891
4275.0,605884.0,0.8386486769918771
4276.0,641591.0,0.8876733839790772
4277.0,673287.0,0.9311074161670017
4278.0,675384.0,0.9335879004794625
4279.0,640330.0,0.8847354994140361
4280.0,602791.0,0.8324952947795076
4281.0,612781.0,0.8459136037368311
4282.0,643392.0,0.8877738122833163
4283.0,660330.0,0.9107389730378107
4284.0,651584.0,0.8982759823954787
4285.0,615074.0,0.8475659321881444
4286.0,593920.0,0.8180523215068249
4287.0,617833.0,0.8506119945968242
4288.0,639554.0,0.8801266088772061
4289.0,623641.0,0.8578480758277685
4290.0,602378.0,0.8282336553612101
4291.0,597168.0,0.8207078879480455
4292.0,612444.0,0.8413312689042997
4293.0,630484.0,0.8657321353711033
4294.0,629927.0,0.8645871395707928
4295.0,618473.0,0.8484937098816743
4296.0,598218.0,0.8203457794678753
4297.0,565721.0,0.7754425273569289
4298.0,544613.0,0.7461831112332519
4299.0,519795.0,0.7118686347290574
4300.0,498201.0,0.6819977727877308
4301.0,503662.0,0.6891732294505432
4302.0,508996.0,0.6961690076672915
4303.0,500469.0,0.6842091055569673
4304.0,497696.0,0.6801229332559194
4305.0,503934.0,0.6883491474234082
4306.0,506997.0,0.6922334863243412
4307.0,488543.0,0.6667489692163253
4308.0,456626.0,0.6229207297547484
4309.0,442049.0,0.6027752259942677
4310.0,438854.0,0.5981610397587553
4311.0,439393.0,0.5986383269334338
4312.0,462992.0,0.630519377182736
4313.0,521663.0,0.7101151763828901
4314.0,593047.0,0.8069412628703022
4315.0,655768.0,0.8919023786984771
4316.0,704782.0,0.9581564723481416
4317.0,726843.0,0.9877272093953895
4318.0,728074.0,0.9889787003123728
4319.0,726250.0,0.9860814976136463
4320.0,721260.0,0.9788902397835713
4321.0,708469.0,0.9611224588298571
4322.0,672852.0,0.9124170255959689
4323.0,607018.0,0.8227949110090707
4324.0,577209.0,0.7820590585739027
4325.0,605645.0,0.8202405888796965
4326.0,648816.0,0.8783377886084576
4327.0,687326.0,0.9300791707878494
4328.0,706502.0,0.9556258798092124
4329.0,710231.0,0.9602663795234478
4330.0,712165.0,0.96247741742821
4331.0,717463.0,0.9692314200219655
4332.0,720183.0,0.9724989092575673
4333.0,716714.0,0.9674101858268348
4334.0,713038.0,0.9620467606420664
4335.0,714145.0,0.9631387841901731
4336.0,710055.0,0.957224164672465
4337.0,687382.0,0.9262734944914016
4338.0,655548.0,0.883009184780957
4339.0,609455.0,0.8205824717174378
4340.0,554343.0,0.7460694386572689
4341.0,564282.0,0.7591318158868938
4342.0,632978.0,0.8511971263044568
4343.0,675606.0,0.9081462395572552
4344.0,692844.0,0.9309336539535821
4345.0,710435.0,0.954176725554187
4346.0,716389.0,0.9617779097349819
4347.0,709149.0,0.9516670270444257
4348.0,706946.0,0.9483215630853966
4349.0,717929.0,0.9626600633685041
4350.0,716782.0,0.9607288683540199
4351.0,691708.0,0.9267424497158013
4352.0,669436.0,0.8965366437270638
4353.0,676559.0,0.905706731809089
4354.0,690124.0,0.9234900145811143
4355.0,684749.0,0.9159248593843061
4356.0,680076.0,0.9093047681651422
4357.0,692486.0,0.9255221343205154
4358.0,698641.0,0.9333701006834161
4359.0,687392.0,0.9179700341705126
4360.0,686656.0,0.916616511109508
4361.0,702864.0,0.9378737743020026
4362.0,703094.0,0.9378023756031606
4363.0,687911.0,0.9171814106752908
4364.0,692835.0,0.9233749099880637
4365.0,708757.0,0.9442154018184443
4366.0,701188.0,0.9337569964071516
4367.0,687205.0,0.9147693087843818
4368.0,695425.0,0.925340689897759
4369.0,702883.0,0.9348903797336819
4370.0,692677.0,0.9209475847557294
4371.0,686251.0,0.9120398915399802
4372.0,689594.0,0.9161175835269514
4373.0,688181.0,0.9138765333540745
4374.0,675327.0,0.8964504000045153
4375.0,664625.0,0.8818938832267685
4376.0,670796.0,0.8897291645264378
4377.0,685934.0,0.9094474247408385
4378.0,697893.0,0.9249371290294474
4379.0,704306.0,0.9330674971748136
4380.0,702642.0,0.9304955035311447
4381.0,701308.0,0.9283626567681488
4382.0,692624.0,0.9165059716093872
4383.0,674410.0,0.892053400572896
4384.0,674926.0,0.8923850677434665
4385.0,688668.0,0.9101972476576694
4386.0,699450.0,0.9240850871487164
4387.0,704641.0,0.9305786025907016
4388.0,710056.0,0.9373630134290967
4389.0,711175.0,0.9384733480357539
4390.0,707784.0,0.9336339697064711
4391.0,708887.0,0.9347243337440502
4392.0,712327.0,0.9388944370579834
4393.0,710464.0,0.9360745739587042
4394.0,699881.0,0.9217725639556913
4395.0,693547.0,0.913075860195119
4396.0,704047.0,0.9265400432983031
4397.0,719316.0,0.9462677225416649
4398.0,724143.0,0.9522491505989306
4399.0,717114.0,0.942641585918654
4400.0,712971.0,0.9368338660896569
4401.0,724663.0,0.9518298297542074
4402.0,736984.0,0.9676403595015802
4403.0,733572.0,0.9627899218813469
4404.0,718674.0,0.9428742607291273
4405.0,714508.0,0.9370487428486057
4406.0,728019.0,0.9544017385806712
4407.0,738880.0,0.9682689865691623
4408.0,741576.0,0.9714301076482363
4409.0,742498.0,0.9722661020156372
4410.0,746049.0,0.9765429540095858
4411.0,752005.0,0.9839636325491707
4412.0,755851.0,0.9886191295934805
4413.0,752560.0,0.9839400198122252
4414.0,739004.0,0.9658487814082187
4415.0,723965.0,0.9458340559927251
4416.0,725373.0,0.9473140264280042
4417.0,732475.0,0.9562264847334715
4418.0,738750.0,0.9640532218980807
4419.0,751451.0,0.9802569087698916
4420.0,760033.0,0.991077453949497
4421.0,758598.0,0.9888329170982489
4422.0,756341.0,0.9855192507469792
4423.0,759744.0,0.989580584772451
4424.0,762066.0,0.9922316185568094
4425.0,757919.0,0.9864612512630048
4426.0,749821.0,0.9755550136920232
4427.0,742662.0,0.9658784299759977
4428.0,748108.0,0.972596788661325
4429.0,758401.0,0.9856094656783556
4430.0,760817.0,0.9883796211571395
4431.0,763133.0,0.9910180919630563
4432.0,767207.0,0.9959369600405414
4433.0,766651.0,0.9948442934829446
4434.0,759605.0,0.9853340815326878
4435.0,752407.0,0.9756340987907035
4436.0,756658.0,0.9807817924891332
4437.0,766966.0,0.9937740964673608
4438.0,771820.0,0.9996927736090211
4439.0,771046.0,0.9983204050993991
4440.0,768131.0,0.9941782500112291
4441.0,762670.0,0.9867453882515851
4442.0,753357.0,0.9743363777015059
4443.0,743811.0,0.9616355401000838
4444.0,744794.0,0.9625517080682351
4445.0,759048.0,0.9806122234522217
4446.0,768737.0,0.992764367933803
4447.0,767354.0,0.9906144631189994
4448.0,765145.0,0.9874004630350302
4449.0,765220.0,0.9871354430692654
4450.0,762919.0,0.9838069536952012
4451.0,764558.0,0.9855600494125041
4452.0,770379.0,0.9927009993388712
4453.0,770364.0,0.9923195456122654
4454.0,762605.0,0.9819670850210802
4455.0,757995.0,0.9756757544295978
4456.0,764152.0,0.983243285885528
4457.0,771193.0,0.9919426219584104
4458.0,771789.0,0.9923490730403878
4459.0,768899.0,0.9882749002330838
4460.0,766976.0,0.9854463917676558
4461.0,761730.0,0.9783521956697165
4462.0,760280.0,0.9761371445163834
4463.0,767533.0,0.9850938647016719
4464.0,771175.0,0.9894115108595449
4465.0,771176.0,0.9890566251298819
4466.0,770260.0,0.9875266086944017
4467.0,765080.0,0.9805331839486755
4468.0,755407.0,0.9677888475863249
4469.0,754581.0,0.9663841790529877
4470.0,764995.0,0.9793705848332478
4471.0,773051.0,0.9893302664047963
4472.0,777840.0,0.995103579581769
4473.0,780172.0,0.9977308905217621
4474.0,780372.0,0.9976310493586728
4475.0,778879.0,0.9953679908705786
4476.0,777688.0,0.9934926256988565
4477.0,780035.0,0.9961370459083364
4478.0,783381.0,1.0000551829899182
4479.0,784707.0,1.0013930309129062
4480.0,783132.0,0.999029454980936
4481.0,776151.0,0.9897739216995967
4482.0,768138.0,0.9792096325884198
4483.0,771899.0,0.9836570853762462
4484.0,781130.0,0.9950698372253787
4485.0,785212.0,0.9999179148521784
4486.0,785649.0,1.0001228256760777
4487.0,785075.0,0.9990413410390948
4488.0,783607.0,0.9968236501764
4489.0,780780.0,0.9928796288593013
4490.0,780232.0,0.9918357354174506
4491.0,783563.0,0.9957221470399387
4492.0,785881.0,0.9983193036127088
4493.0,783840.0,0.9953795524494635
4494.0,778226.0,0.9879064539315043
4495.0,776817.0,0.9857749586232204
4496.0,781090.0,0.9908531467425212
4497.0,784856.0,0.9952851709167166
4498.0,786967.0,0.9976164199850371
4499.0,786363.0,0.9965058115506962
4500.0,778647.0,0.9863868155557985
4501.0,767977.0,0.9725342796349709
4502.0,772021.0,0.9773183669957788
4503.0,784789.0,0.9931395516824748
4504.0,790913.0,1.000545149501584
4505.0,791826.0,1.001356043238112
4506.0,791276.0,1.0003171837773794
4507.0,790340.0,0.9987915320977067
4508.0,789624.0,0.9975451577542644
4509.0,791023.0,0.9989709404774619
4510.0,792755.0,1.000816450577028
4511.0,792288.0,0.9998858180888219
4512.0,791503.0,0.9985549390094909
4513.0,791543.0,0.998265732425084
4514.0,791095.0,0.9973617901428931
4515.0,790301.0,0.99602270215283
4516.0,791050.0,0.9966288258917627
4517.0,791485.0,0.9968393787330034
4518.0,791025.0,0.9959232674160311
4519.0,792125.0,0.9969715062441887
4520.0,793113.0,0.997878432196892
4521.0,791843.0,0.9959450460622161
4522.0,787740.0,0.9904512489760414
4523.0,786667.0,0.9887698930801495
4524.0,789949.0,0.9925619845889361
4525.0,792069.0,0.9948922955774391
4526.0,792722.0,0.9953793253529338
4527.0,788849.0,0.99018518311552
4528.0,780699.0,0.9796280059613071
4529.0,779259.0,0.9774951419376097
4530.0,784983.0,0.9843474720296856
4531.0,786790.0,0.9862853781534902
4532.0,782359.0,0.9804052254984966
4533.0,768278.0,0.9624404991951091
4534.0,759774.0,0.9514721160833005
4535.0,770891.0,0.9650747334546177
4536.0,786000.0,0.9836645856383243
4537.0,795779.0,0.995574287384303
4538.0,800042.0,1.0005778378083958
4539.0,800808.0,1.0012063110690264
4540.0,800092.0,0.9999824418085737
4541.0,798842.0,0.9980925091194933
4542.0,799272.0,0.9983024860045291
4543.0,800404.0,0.9993891729523079
4544.0,799490.0,0.9979216636960497
4545.0,798604.0,0.9964903785306577
4546.0,799879.0,0.9977559505842162
4547.0,799835.0,0.9973762635577049
4548.0,790997.0,0.9860347976599445
4549.0,773711.0,0.9641734043500507
4550.0,771583.0,0.9612097948984075
4551.0,787736.0,0.9810148497835169
4552.0,794964.0,0.9896961727122616
4553.0,786575.0,0.9789359974469855
4554.0,777652.0,0.9675187147962329
4555.0,783570.0,0.9745676542368299
4556.0,794226.0,0.9875033913039242
4557.0,801205.0,0.9958608054976696
4558.0,804178.0,0.9992355152661881
4559.0,804790.0,0.9996756661604224
4560.0,805213.0,0.9998811806684185
4561.0,805206.0,0.9995531163058395
4562.0,800722.0,0.9936697901190541
4563.0,789333.0,0.979224402325591
4564.0,785180.0,0.9737624663133282
4565.0,795875.0,0.9867126388773299
4566.0,805402.0,0.9982073211019692
4567.0,808346.0,1.0015387382696197
4568.0,808676.0,1.0016306753785256
4569.0,807688.0,1.0000909323106113
4570.0,801742.0,0.9924153751193785
4571.0,788371.0,0.9755570514235647
4572.0,782404.0,0.9678687555160516
4573.0,794267.0,0.9822352074158762
4574.0,806101.0,0.9965571316602213
4575.0,809054.0,0.9998945661221794
4576.0,808850.0,0.9993298039354694
4577.0,809226.0,0.9994821067813228
4578.0,810027.0,1.000159421807424
4579.0,809915.0,0.9997097137992432
4580.0,809076.0,0.9983635512962151
4581.0,808845.0,0.9977685883702487
4582.0,807782.0,0.996148332621421
4583.0,803374.0,0.9904056906611413
4584.0,801354.0,0.9876099867716379
4585.0,805712.0,0.9926743503359229
4586.0,809936.0,0.9975708989767805
4587.0,811755.0,0.9995035405915725
4588.0,811177.0,0.9984848614594899
4589.0,807690.0,0.9938875499742493
4590.0,805351.0,0.9907056301153244
4591.0,807468.0,0.9930059019804199
4592.0,808960.0,0.9945367477925583
4593.0,810000.0,0.9955114966475483
4594.0,812637.0,0.9984481673843542
4595.0,814488.0,1.0004179840434244
4596.0,815209.0,1.000999432182738
4597.0,815469.0,1.0010149974239182
4598.0,815634.0,1.0009143362395507
4599.0,815689.0,1.0006791529896994
4600.0,814915.0,0.9994277744378608
4601.0,813159.0,0.9969735345005004
4602.0,809977.0,0.9927733164858277
4603.0,808415.0,0.9905609945842965
4604.0,812071.0,0.9947421265261127
4605.0,815890.0,0.9991207229770184
4606.0,817127.0,1.000336151901396
4607.0,817337.0,1.000294333641678
4608.0,817727.0,1.000473136394807
4609.0,818255.0,1.0008209928808665
4610.0,818176.0,1.000426802591243
4611.0,817659.0,0.9994978114200558
4612.0,817792.0,0.9993640608601828
4613.0,818298.0,0.9996864431845863
4614.0,818860.0,1.000077401100744
4615.0,818934.0,0.9998726814058112
4616.0,818310.0,0.9988164889863287
4617.0,818439.0,0.9986801228548647
4618.0,818921.0,0.9989748253644386
4619.0,819152.0,0.9989636342197569
4620.0,819762.0,0.9994148852157163
4621.0,820598.0,1.0001416978029503
4622.0,821239.0,1.0006308685578174
4623.0,821625.0,1.0008095216355557
4624.0,821712.0,1.000624349143897
4625.0,821345.0,0.9998869754992871
4626.0,821114.0,0.9993159260812703
4627.0,821112.0,0.9990242068763773
4628.0,819266.0,0.9964901431074058
4629.0,816236.0,0.9925182162667953
4630.0,817541.0,0.9938186701371703
4631.0,821496.0,0.9983392221048348
4632.0,822888.0,0.999743718514312
4633.0,822765.0,0.999307717242792
4634.0,823129.0,0.9994636791286243
4635.0,823312.0,0.9994002265397032
4636.0,823073.0,0.9988250870760136
4637.0,823204.0,0.9986995418974883
4638.0,823874.0,0.9992281777056579
4639.0,824773.0,1.0000345640159671
4640.0,825552.0,1.0006954246199378
4641.0,826171.0,1.0011624123248242
4642.0,826439.0,1.0012043025724713
4643.0,826452.0,1.0009377243947775
4644.0,826218.0,1.0003726253860405
4645.0,824795.0,0.9983690184403362
4646.0,822839.0,0.9957219435933838
4647.0,823160.0,0.9958313837523031
4648.0,825021.0,0.9978036756044688
4649.0,826474.0,0.9992819514979158
4650.0,826869.0,0.9994809376431039
4651.0,825744.0,0.9978434153937091
4652.0,824614.0,0.9962011597681263
4653.0,824886.0,0.9962534733205946
4654.0,824677.0,0.9957253899068659
4655.0,824495.0,0.9952305875407191
4656.0,824925.0,0.9954749852329139
4657.0,825560.0,0.9959669621246254
4658.0,827535.0,0.9980752183774452
4659.0,829520.0,1.0001947757090601
4660.0,830399.0,1.000980378307469
4661.0,830556.0,1.000895878806409
4662.0,830396.0,1.00042992018529
4663.0,830444.0,1.0002151428472748
4664.0,830865.0,1.0004500195996144
4665.0,831041.0,1.0003902488371668
4666.0,830073.0,0.9989541665712678
4667.0,828115.0,0.9963281722499779
4668.0,827709.0,0.9955707538215678
4669.0,829132.0,0.9970134841301754
4670.0,830037.0,0.9978331289643833
4671.0,830961.0,0.9986755767916639
4672.0,831932.0,0.9995744532936992
4673.0,832212.0,0.9996432380449483
4674.0,832498.0,0.9997196027353757
4675.0,832897.0,0.9999320006581036
4676.0,833255.0,1.0000954889888938
4677.0,833415.0,1.0000217220929783
4678.0,833066.0,0.9993378171513062
4679.0,832677.0,0.998606718283398
4680.0,832733.0,0.9984099562975995
4681.0,832289.0,0.9976143939309882
4682.0,831936.0,0.9969287140397317
4683.0,833216.0,0.9982001594114667
4684.0,834671.0,0.9996809509807618
4685.0,835241.0,1.0001017027797223
4686.0,835482.0,1.0001288183809485
4687.0,835772.0,1.0002149807995184
4688.0,836155.0,1.0004127882316445
4689.0,836352.0,1.0003884333059594
4690.0,836084.0,0.999808455288017
4691.0,835701.0,0.9990917161300416
4692.0,836052.0,0.9992530504177378
4693.0,836785.0,0.9998711750985997
4694.0,837170.0,1.0000736886989505
4695.0,837481.0,1.0001881462708098
4696.0,837766.0,1.0002719273739342
4697.0,837809.0,1.0000672237928863
4698.0,837702.0,0.9996840470290023
4699.0,837845.0,0.9995997582703767
4700.0,838157.0,0.999717516270564
4701.0,837402.0,0.9985632946642267
4702.0,834223.0,0.9945203119032157
4703.0,831793.0,0.991372499929499
4704.0,834396.0,0.9942237723304056
4705.0,837762.0,0.9979829579390698
4706.0,838429.0,0.9985263101313134
4707.0,837574.0,0.9972576515445788
4708.0,836944.0,0.9962578902804268
4709.0,837337.0,0.9964764870478173
4710.0,838571.0,0.9976959933812698
4711.0,839890.0,0.999016429967555
4712.0,840607.0,0.9996207672425163
4713.0,840233.0,0.9989281828853326
4714.0,839174.0,0.9974222034707146
4715.0,839288.0,0.9973112605820914
4716.0,840656.0,0.9986905483113158
4717.0,841653.0,0.9996289592101274
4718.0,842029.0,0.9998299691901951
4719.0,842232.0,0.9998259496796206
4720.0,842450.0,0.9998401750733973
4721.0,842444.0,0.9995890509461715
4722.0,842362.0,0.9992483362926484
4723.0,842754.0,0.9994703734260194
4724.0,843349.0,0.9999334366449493
4725.0,843684.0,1.0000885197211258
4726.0,843604.0,0.9997521572084005
4727.0,843301.0,0.9991521890933438
4728.0,843307.0,0.9989189736447985
4729.0,843720.0,0.9991683023801514
4730.0,843982.0,0.9992391804606777
4731.0,843731.0,0.9987032465785681
4732.0,843437.0,0.9981171302863054
4733.0,843196.0,0.9975944460788897
4734.0,843510.0,0.9977289293602918
4735.0,844071.0,0.998155887628255
4736.0,843239.0,0.9969361914612695
4737.0,842781.0,0.9961595860406878
4738.0,844289.0,0.9977070440784713
4739.0,845636.0,0.9990640146921423
4740.0,845891.0,0.9991309765365729
4741.0,845765.0,0.9987484444757506
4742.0,846025.0,0.9988222589777576
4743.0,846726.0,0.9994170195754908
4744.0,847329.0,0.9998963132778618
4745.0,847574.0,0.9999534783557054
4746.0,847706.0,0.9998777892060322
4747.0,847978.0,0.9999676858149199
4748.0,848174.0,0.9999683976898796
4749.0,848135.0,0.9996925746625067
4750.0,848086.0,0.9994055533065634
4751.0,848110.0,0.9992051285323955
4752.0,848079.0,0.9989404719344162
4753.0,847648.0,0.9982053497302841
4754.0,847250.0,0.9975098756823014
4755.0,847983.0,0.9981464597693593
4756.0,848844.0,0.9989338503300241
4757.0,849259.0,0.9991966065127716
4758.0,849645.0,0.9994255959441719
4759.0,849914.0,0.9995173525681421
4760.0,849802.0,0.9991615696035455
4761.0,848950.0,0.9979365455035799
4762.0,847561.0,0.9960814347164045
4763.0,846729.0,0.994882075473816
4764.0,847138.0,0.9951415305745606
4765.0,848566.0,0.9965981013100746
4766.0,849914.0,0.9979605598536067
4767.0,850838.0,0.9988251389827525
4768.0,851471.0,0.9993482685102842
4769.0,851878.0,0.9996064472501636
4770.0,851940.0,0.9994602449557384
4771.0,851293.0,0.9984829915828581
4772.0,850160.0,0.9969367311751061
4773.0,850040.0,0.9965792483950014
4774.0,851452.0,0.9980181070133702
4775.0,852455.0,0.9989775160717203
4776.0,852790.0,0.9991543367132014
4777.0,853280.0,0.999513120483724
4778.0,853244.0,0.9992562142847302
4779.0,851875.0,0.9974391191261943
4780.0,850736.0,0.995892522392065
4781.0,851750.0,0.9968668801882855
4782.0,852434.0,0.9974551592078631
4783.0,851478.0,0.9961250676859169
4784.0,851771.0,0.9962568865415424
4785.0,853368.0,0.9979140044736959
4786.0,853790.0,0.9981971687559446
4787.0,853639.0,0.9978109209753799
4788.0,853556.0,0.9975047852554911
4789.0,853147.0,0.9968183612612866
4790.0,853702.0,0.9972588109921163
4791.0,855006.0,0.9985743292327667
4792.0,855517.0,0.9989638213959221
4793.0,855553.0,0.9987991081220654
4794.0,855706.0,0.9987715104050479
4795.0,855961.0,0.9988634397854803
4796.0,856110.0,0.9988321476121131
4797.0,855809.0,0.9982764444111714
4798.0,855100.0,0.9972456340507754
4799.0,855283.0,0.9972558005259434
4800.0,856471.0,0.9984380390056142
4801.0,857338.0,0.9992461555129265
4802.0,857533.0,0.999271363972252
4803.0,856690.0,0.9980877311507413
4804.0,854142.0,0.9949190542429619
4805.0,852216.0,0.9924765119736416
4806.0,853948.0,0.9942946321862373
4807.0,856614.0,0.9971998043834666
4808.0,858054.0,0.9986773884700321
4809.0,858563.0,0.9990715176908542
4810.0,858433.0,0.9987225583556817
4811.0,858332.0,0.9984079663727901
4812.0,858577.0,0.9984963820620363
4813.0,858663.0,0.9984003854976029
4814.0,858213.0,0.9976818192818389
4815.0,858224.0,0.9974998455284129
4816.0,859197.0,0.9984363413177519
4817.0,859867.0,0.9990209383004167
4818.0,859977.0,0.9989553099794511
4819.0,860012.0,0.9988031024059212
4820.0,860206.0,0.9988360635946962
4821.0,860138.0,0.9985653166259473
4822.0,858801.0,0.996822181350771
4823.0,856457.0,0.9939115343787859
4824.0,856046.0,0.9932452215062251
4825.0,858284.0,0.995652538936388
4826.0,860136.0,0.9976116361719618
4827.0,860757.0,0.998142883795061
4828.0,860819.0,0.9980261884198308
4829.0,860895.0,0.9979261072833637
4830.0,861175.0,0.998062816420397
4831.0,861087.0,0.9977733688747547
4832.0,860845.0,0.997305911862331
4833.0,860883.0,0.9971632326932605
4834.0,861109.0,0.9972385891026367
4835.0,861407.0,0.9973975301311966
4836.0,861962.0,0.9978541593471011
4837.0,862561.0,0.9983617603083109
4838.0,862439.0,0.998035012761482
4839.0,861493.0,0.9967551939184037
4840.0,860830.0,0.9958033895076891
4841.0,861006.0,0.9958224593786007
4842.0,861447.0,0.9961480940900016
4843.0,861823.0,0.996398577535479
4844.0,862643.0,0.9971623084222707
4845.0,863169.0,0.9975860615552605
4846.0,862883.0,0.9970714544729105
4847.0,862760.0,0.9967454069107513
4848.0,862794.0,0.996600868172669
4849.0,862935.0,0.9965799784280933
4850.0,863343.0,0.9968673990774499
4851.0,862988.0,0.9962738635350566
4852.0,862301.0,0.9952973179624701
4853.0,862112.0,0.9948957962505847
4854.0,861298.0,0.9937732375500905
4855.0,859616.0,0.991649701075443
4856.0,858132.0,0.9897552318241857
4857.0,855472.0,0.9865052314521433
4858.0,846331.0,0.9757839938557379
4859.0,814906.0,0.9393788139736539
4860.0,736403.0,0.8487280378048827
4861.0,652733.0,0.7521565945856356
4862.0,677962.0,0.781083895955258
4863.0,775174.0,0.892917002050758
4864.0,834411.0,0.9609734770256352
4865.0,853078.0,0.9822895505723427
4866.0,858742.0,0.9886277502549875
4867.0,861684.0,0.991830214022602
4868.0,863878.0,0.9941703971380194
4869.0,864494.0,0.9946937589637124
4870.0,859912.0,0.9892368764794178
4871.0,850833.0,0.978609364238042
4872.0,849588.0,0.9769943055314336
4873.0,858661.0,0.9872425922521237
4874.0,865681.0,0.9951266779232807
4875.0,867303.0,0.9968034162207791
4876.0,867170.0,0.9964624571018897
4877.0,865591.0,0.9944599313413784
4878.0,863454.0,0.9918167801686701
4879.0,865180.0,0.9936106257260624
4880.0,868528.0,0.9972657495729423
4881.0,869212.0,0.9978607138329892
4882.0,868351.0,0.9966816264090432
4883.0,867260.0,0.9952385410675963
4884.0,866920.0,0.9946571425709413
4885.0,868202.0,0.9959360651106687
4886.0,869341.0,0.9970499314709301
4887.0,869796.0,0.9973784653923948
4888.0,869665.0,0.9970344599774346
4889.0,866632.0,0.9933636127706718
4890.0,856726.0,0.9818170517316016
4891.0,846945.0,0.9704176103777309
4892.0,852925.0,0.9770771928958842
4893.0,866199.0,0.9920875697443642
4894.0,872331.0,0.9989129774027012
4895.0,873542.0,1.0001010252854337
4896.0,873841.0,1.0002439640491123
4897.0,873902.0,1.0001137436766483
4898.0,873468.0,0.9994164548696628
4899.0,872055.0,0.9975987467218351
4900.0,870816.0,0.9959800074563376
4901.0,871545.0,0.9966115432699835
4902.0,871592.0,0.9964623102238069
4903.0,869899.0,0.9943234408724178
4904.0,870364.0,0.9946507829109854
4905.0,872865.0,0.9973034538248645
4906.0,874374.0,0.9988210824795757
4907.0,874578.0,0.9988469329556874
4908.0,874325.0,0.9983502620892393
4909.0,873711.0,0.9974410298852268
4910.0,872802.0,0.9961948649831004
4911.0,872708.0,0.9958786800957186
4912.0,873704.0,0.9968056752085301
4913.0,874606.0,0.9976245663768165
4914.0,875377.0,0.9982932633114556
4915.0,876346.0,0.999187015455124
4916.0,876710.0,0.9993903510910326
4917.0,874796.0,0.9969970436275798
4918.0,867781.0,0.9887921205801788
4919.0,857400.0,0.9767558512298165
4920.0,851237.0,0.9695286300879467
4921.0,856316.0,0.9751058132870708
4922.0,865422.0,0.9852651310754988
4923.0,862389.0,0.9816029525995172
4924.0,857253.0,0.9755490587941869
4925.0,865191.0,0.98437267634757
4926.0,874722.0,0.9950045882534265
4927.0,877778.0,0.9982682049298852
4928.0,878274.0,0.9986197242895153
4929.0,878575.0,0.9987495359008127
4930.0,878566.0,0.9985271167622525
4931.0,878084.0,0.9977675120345084
4932.0,874425.0,0.9933991949627776
4933.0,861601.0,0.9786232068828447
4934.0,850369.0,0.9656616073601849
4935.0,859245.0,0.9755352265186167
4936.0,872634.0,0.9905277669837002
4937.0,876164.0,0.9943258064011238
4938.0,873640.0,0.9912536861445668
4939.0,870664.0,0.9876705967883672
4940.0,872278.0,0.9892952816976895
4941.0,876782.0,0.9941968691642536
4942.0,879749.0,0.9973545581842819
4943.0,880941.0,0.9984997154304649
4944.0,881393.0,0.9988065031210815
4945.0,881353.0,0.9985564563127667
4946.0,881085.0,0.9980490004998173
4947.0,881312.0,0.9981031415417684
4948.0,881857.0,0.9985181593941599
4949.0,882088.0,0.9985784104257156
4950.0,882163.0,0.9984629768942234
4951.0,882434.0,0.998570328276209
4952.0,882730.0,0.998706902466225
4953.0,882885.0,0.9986849474542819
4954.0,882891.0,0.9984955472683382
4955.0,880939.0,0.9960933692025693
4956.0,870300.0,0.9838726164073197
4957.0,852281.0,0.9633162772142237
4958.0,852350.0,0.9632095947620556
4959.0,870610.0,0.9836572224493442
4960.0,881620.0,0.9959085012287635
4961.0,883916.0,0.9983146898879507
4962.0,884193.0,0.9984414541740606
4963.0,884345.0,0.9984284384312174
4964.0,884213.0,0.9980962708829736
4965.0,883415.0,0.9970140004156502
4966.0,882772.0,0.9961084257549649
4967.0,883357.0,0.9965899778606477
4968.0,884183.0,0.9973445810012439
4969.0,884613.0,0.9976536815274538
4970.0,884826.0,0.9977193427254232
4971.0,884993.0,0.9977344648341807
4972.0,885184.0,0.9977779662355369
4973.0,885377.0,0.9978250264452443
4974.0,885697.0,0.9980164838039011
4975.0,885953.0,0.9981370683451857
4976.0,886048.0,0.9980775399954381
4977.0,886097.0,0.9979674956476425
4978.0,885943.0,0.9976301557642696
4979.0,885412.0,0.9968697156804333
4980.0,883254.0,0.9942792422479584
4981.0,878201.0,0.9884324429337809
4982.0,875206.0,0.9849046629102509
4983.0,878049.0,0.9879478846483569
4984.0,881434.0,0.9916010662952137
4985.0,883069.0,0.9932858550547594
4986.0,884713.0,0.9949814010291367
4987.0,886569.0,0.9969159597602187
4988.0,887320.0,0.9976087207869321
4989.0,886538.0,0.9965791157179618
4990.0,883350.0,0.9928466951240785
4991.0,880479.0,0.9894727267299991
4992.0,882217.0,0.9912796192466005
4993.0,883174.0,0.9922096311771582
4994.0,881853.0,0.9905815654156076
4995.0,884024.0,0.9928770006362609
4996.0,887282.0,0.9963934852613052
4997.0,888120.0,0.9971927884178808
4998.0,886625.0,0.9953737301350888
4999.0,883572.0,0.9918073367213514
5000.0,883084.0,0.9911217333600335
5001.0,885007.0,0.9931428880454459
5002.0,886243.0,0.9943936169249902
5003.0,887612.0,0.9957941701856153
5004.0,887356.0,0.995372480270647
5005.0,882489.0,0.9897802407661291
5006.0,876724.0,0.9831833692117924
5007.0,877990.0,0.9844728684336237
5008.0,884374.0,0.9915008738955328
5009.0,888676.0,0.9961940271532604
5010.0,888051.0,0.9953644482962866
5011.0,881766.0,0.988192798364774
5012.0,875325.0,0.9808490246864973
5013.0,876784.0,0.9823592009467208
5014.0,880429.0,0.9863187218036324
5015.0,883873.0,0.990052908005783
5016.0,886148.0,0.9924776904432194
5017.0,880551.0,0.986087181106069
5018.0,869387.0,0.9734655650817948
5019.0,870617.0,0.97472384188793
5020.0,882482.0,0.9878878222374006
5021.0,888842.0,0.9948875692203287
5022.0,889435.0,0.9954320915465896
5023.0,889558.0,0.9954512541650737
5024.0,890558.0,0.9964524019027884
5025.0,891268.0,0.9971295646328527
5026.0,891789.0,0.9975958294722418
5027.0,891976.0,0.9976890747785667
5028.0,892077.0,0.9976867788042025
5029.0,892242.0,0.9977567015642407
5030.0,891557.0,0.9968768355009153
5031.0,890907.0,0.9960369254307041
5032.0,891986.0,0.9971306280423659
5033.0,893213.0,0.9983901134919525
5034.0,892989.0,0.9980282315247764
5035.0,891571.0,0.996332711182179
5036.0,890852.0,0.995419180489803
5037.0,891799.0,0.9963677533729292
5038.0,892229.0,0.9967391024446887
5039.0,890314.0,0.994491507897484
5040.0,885008.0,0.9884575416917091
5041.0,878839.0,0.981461609592225
5042.0,880398.0,0.9830971477486525
5043.0,888507.0,0.992046094299946
5044.0,893453.0,0.997462389341084
5045.0,894796.0,0.9988559858841655
5046.0,895227.0,0.9992317837577503
5047.0,895095.0,0.9989795983708587
5048.0,893370.0,0.9969501938089069
5049.0,889065.0,0.9920427916117542
5050.0,884781.0,0.9871602379777048
5051.0,882709.0,0.9847467789229887
5052.0,884842.0,0.9870247895747702
5053.0,891277.0,0.9941010035868846
5054.0,895374.0,0.9985686607434168
5055.0,896321.0,0.999523059864678
5056.0,896439.0,0.9995532393688891
5057.0,896540.0,0.9995647787357004
5058.0,896621.0,0.9995543274605098
5059.0,896535.0,0.9993580210837731
5060.0,896503.0,0.9992222253633044
5061.0,896811.0,0.9994656476051702
5062.0,896989.0,0.9995644156136998
5063.0,896173.0,0.9985558536784648
5064.0,894043.0,0.996083756538423
5065.0,893296.0,0.9951530683657978
5066.0,895252.0,0.9972336859367786
5067.0,896351.0,0.9983595642766447
5068.0,895325.0,0.9971188092984752
5069.0,894912.0,0.9965611035526405
5070.0,896458.0,0.9981849735230498
5071.0,897579.0,0.9993354988838281
5072.0,897621.0,0.9992847357475864
5073.0,897646.0,0.9992151899560291
5074.0,897716.0,0.9991958638518872
5075.0,897764.0,0.9991521644422863
5076.0,898097.0,0.999425724673925
5077.0,898152.0,0.9993899801885149
5078.0,896372.0,0.9973126750802924
5079.0,892562.0,0.992977452780192
5080.0,891223.0,0.9913918459480325
5081.0,893597.0,0.9939365050700718
5082.0,894032.0,0.994324180786051
5083.0,891606.0,0.9915301567325294
5084.0,892934.0,0.9929109897795366
5085.0,897155.0,0.9975081485651065
5086.0,898786.0,0.9992249654314681
5087.0,898430.0,0.9987325841200445
5088.0,898703.0,0.9989394082003905
5089.0,899582.0,0.9998196601727742
5090.0,899927.0,1.0001062286200677
5091.0,900050.0,1.0001459722480126
5092.0,900338.0,1.0003689482399147
5093.0,900635.0,1.0006017761176327
5094.0,900807.0,1.0006955822236119
5095.0,900787.0,1.0005759730836599
5096.0,900519.0,1.000180801715338
5097.0,899740.0,0.9992180590207094
5098.0,898357.0,0.9975846276257196
5099.0,897936.0,0.9970194948889877
5100.0,899380.0,0.9985248795773606
5101.0,900794.0,0.9999964676824289
5102.0,901324.0,1.0004863007732525
5103.0,901417.0,1.0004907861320127
5104.0,901312.0,1.0002752977165847
5105.0,900444.0,0.9992129148738438
5106.0,897301.0,0.995626195376727
5107.0,891876.0,0.989508116727144
5108.0,890828.0,0.9882466399875187
5109.0,892262.0,0.9897382773078165
5110.0,889206.0,0.9862493005659828
5111.0,891068.0,0.9882148910864816
5112.0,898356.0,0.9961967128353483
5113.0,902096.0,1.000242564945235
5114.0,902746.0,1.0008614072374657
5115.0,902808.0,1.0008279215040932
5116.0,902941.0,1.0008727701775024
5117.0,903154.0,1.001005892512062
5118.0,903307.0,1.0010720971728488
5119.0,903369.0,1.0010370415192527
5120.0,903401.0,1.00096833336965
5121.0,903208.0,1.000649934174823
5122.0,901825.0,0.9990129147407353
5123.0,898757.0,0.9955093931380655
5124.0,897650.0,0.9941780218946558
5125.0,899838.0,0.9964953953624388
5126.0,900595.0,0.9972272439369222
5127.0,898970.0,0.9953211349247566
5128.0,898282.0,0.9944522409671395
5129.0,899083.0,0.9952312476322449
5130.0,901069.0,0.9973211336628452
5131.0,902847.0,0.9991798246389886
5132.0,903123.0,0.9993754740825611
5133.0,902376.0,0.9984386278983665
5134.0,902399.0,0.9983533264966853
5135.0,903749.0,0.9997354549416045
5136.0,903955.0,0.9998513933484907
5137.0,902377.0,0.9979937614110361
5138.0,898234.0,0.9932995793244275
5139.0,892357.0,0.9866886701934219
5140.0,893582.0,0.987930652356172
5141.0,898851.0,0.9936423596008361
5142.0,898738.0,0.9934034061423015
5143.0,898085.0,0.9925672491335712
5144.0,901537.0,0.9962671852351719
5145.0,904432.0,0.9993503779233079
5146.0,904984.0,0.9998438403043282
5147.0,904943.0,0.9996816941684331
5148.0,905020.0,0.9996495219274507
5149.0,904409.0,0.9988571164362648
5150.0,901188.0,0.9951822911787936
5151.0,898010.0,0.9915554425610471
5152.0,899242.0,0.9927979039006114
5153.0,901666.0,0.9953555762318138
5154.0,902540.0,0.9962014447269109
5155.0,904224.0,0.9979407293180931
5156.0,906191.0,0.9999915669860526
5157.0,907132.0,1.0009095314565521
5158.0,907403.0,1.001087795651616
5159.0,907485.0,1.001057233412155
5160.0,907510.0,1.0009635232993792
5161.0,907100.0,1.0003898230178163
5162.0,906452.0,0.9995535514026069
5163.0,906458.0,0.9994383119192534
5164.0,905642.0,0.9984166481444093
5165.0,898285.0,0.9901848154113616
5166.0,873627.0,0.962886118277808
5167.0,838855.0,0.9244479232297295
5168.0,831751.0,0.9165063485084362
5169.0,853452.0,0.940302865098493
5170.0,876438.0,0.9655089325797028
5171.0,875246.0,0.9640767265962983
5172.0,855560.0,0.94227623228161
5173.0,857599.0,0.9444049817317763
5174.0,884762.0,0.9741966805565341
5175.0,903770.0,0.9950026364227773
5176.0,908786.0,1.0004007654863525
5177.0,909497.0,1.00105903534232
5178.0,909736.0,1.001197578110646
5179.0,909870.0,1.0012204439062409
5180.0,909763.0,1.0009780499102527
5181.0,907500.0,0.9983637648884591
5182.0,894439.0,0.9838723870307389
5183.0,868891.0,0.9556507205689703
5184.0,864406.0,0.9505993169220918
5185.0,887448.0,0.9758171821765351
5186.0,902787.0,0.9925597410931667
5187.0,904628.0,0.9944597161958328
5188.0,899413.0,0.9886034942315198
5189.0,897458.0,0.9863315615388762
5190.0,901207.0,0.9903282760414382
5191.0,898931.0,0.9877040166032217
5192.0,893944.0,0.9821020859692615
5193.0,895784.0,0.9840009099045569
5194.0,898366.0,0.9867142755952594
5195.0,898447.0,0.9866804047384882
5196.0,902775.0,0.9913101087325886
5197.0,906766.0,0.9955687309401943
5198.0,907613.0,0.9963749039250526
5199.0,908522.0,0.9972490245001412
5200.0,909431.0,0.9981230307282088
5201.0,908950.0,0.9974715621243475
5202.0,906788.0,0.9949758942021422
5203.0,901929.0,0.9895220486912165
5204.0,891622.0,0.978093331801331
5205.0,883027.0,0.9685453833223945
5206.0,884155.0,0.9696632715650584
5207.0,889239.0,0.9751191089294755
5208.0,887543.0,0.9731399015427755
5209.0,890586.0,0.9763567685974202
5210.0,900922.0,0.9875674411506934
5211.0,907598.0,0.9947640731728579
5212.0,911052.0,0.99842815559117
5213.0,912371.0,0.9997520972203637
5214.0,911187.0,0.9983335662268041
5215.0,906836.0,0.9934461518845894
5216.0,902560.0,0.9886423279014305
5217.0,904430.0,0.990571294515396
5218.0,909663.0,0.9961829322400625
5219.0,912588.0,0.9992662915901418
5220.0,913382.0,1.0000160827018263
5221.0,913626.0,1.0001639041216073
5222.0,913740.0,1.000169708378425
5223.0,913604.0,0.9999022206995998
5224.0,912167.0,0.9982114072211652
5225.0,904593.0,0.9898062265777958
5226.0,885413.0,0.9687055746321376
5227.0,872234.0,0.9541749831754204
5228.0,886524.0,0.969694179235816
5229.0,905211.0,0.9900190762970733
5230.0,911244.0,0.9965017058783238
5231.0,910427.0,0.9954932007569631
5232.0,903384.0,0.9876783914187199
5233.0,897672.0,0.9813208213348921
5234.0,902576.0,0.9865690455823792
5235.0,909670.0,0.9942100334151885
5236.0,913310.0,0.9980751613877958
5237.0,914587.0,0.999357844043662
5238.0,914821.0,0.9995011450903315
5239.0,914629.0,0.9991794879386693
5240.0,914565.0,0.9989981759122293
5241.0,914906.0,0.9992597030343301
5242.0,915030.0,0.9992846513171679
5243.0,915158.0,0.9993144240456221
5244.0,915484.0,0.9995608383718029
5245.0,915462.0,0.9994277465519864
5246.0,914773.0,0.9985670539277747
5247.0,914009.0,0.9976251562556294
5248.0,914279.0,0.9978124047013299
5249.0,914442.0,0.9978833224570322
5250.0,913535.0,0.9967871889956115
5251.0,913710.0,0.9968722447521796
5252.0,915090.0,0.9982722962937689
5253.0,915600.0,0.9987235499130975
5254.0,914999.0,0.997963455886421
5255.0,914566.0,0.9973872192845677
5256.0,915419.0,0.9982139010746339
5257.0,916469.0,0.9992556960932322
5258.0,916838.0,0.999555327899105
5259.0,916826.0,0.9994400602783737
5260.0,916433.0,0.9989100222915579
5261.0,914932.0,0.9971729934638242
5262.0,912721.0,0.9946630712189583
5263.0,911211.0,0.992918009650766
5264.0,910156.0,0.9916695464761163
5265.0,908019.0,0.9892430456905444
5266.0,904844.0,0.9856867871770857
5267.0,904816.0,0.9855595609431733
5268.0,898261.0,0.9783241038955889
5269.0,873047.0,0.9507704310336508
5270.0,859841.0,0.9362983387111777
5271.0,882012.0,0.960348552283716
5272.0,906379.0,0.9867854686982892
5273.0,913744.0,0.9947093443184439
5274.0,914645.0,0.995596139357736
5275.0,913886.0,0.9946765403763241
5276.0,912983.0,0.9936009221273027
5277.0,915110.0,0.9958232773895622
5278.0,917610.0,0.998451611010785
5279.0,918294.0,0.9991041840208653
5280.0,917551.0,0.9982047368238293
5281.0,915414.0,0.9957895921243082
5282.0,913239.0,0.9933340874577073
5283.0,912048.0,0.9919497660737631
5284.0,912935.0,0.9928260759669473
5285.0,916284.0,0.9963799837700043
5286.0,918578.0,0.9987866881030556
5287.0,919129.0,0.9992984878226593
5288.0,919148.0,0.9992323955214538
5289.0,919189.0,0.9991907810561547
5290.0,919321.0,0.9992486390166305
5291.0,919432.0,0.9992842187770349
5292.0,919444.0,0.9992127609834306
5293.0,919431.0,0.9991147079658492
5294.0,919496.0,0.9991019855451678
5295.0,919251.0,0.9987530179052542
5296.0,918192.0,0.9975203463037169
5297.0,916812.0,0.9959397383390775
5298.0,916334.0,0.9953397248476175
5299.0,917550.0,0.9965802845694174
5300.0,918852.0,0.9979146165185999
5301.0,918481.0,0.9974324993296384
5302.0,917528.0,0.9963190460578445
5303.0,918180.0,0.9969490148701222
5304.0,919700.0,0.9985218257834423
5305.0,920293.0,0.9990885655292763
5306.0,919841.0,0.9985213664556933
5307.0,919030.0,0.9975651018787436
5308.0,919276.0,0.9977567382733034
5309.0,920276.0,0.9987671645982436
5310.0,920805.0,0.999266807778174
5311.0,920932.0,0.9993306486553251
5312.0,920972.0,0.9993005667674523
5313.0,920975.0,0.9992308232730368
5314.0,920762.0,0.9989272230697739
5315.0,919130.0,0.9970847777713732
5316.0,915635.0,0.9932221869279703
5317.0,914992.0,0.9924540373067124
5318.0,918408.0,0.9960887494036506
5319.0,920734.0,0.998541265599432
5320.0,921209.0,0.9989865792329006
5321.0,921139.0,0.9988412707245522
5322.0,920067.0,0.9976099391441984
5323.0,916041.0,0.9931764313993846
5324.0,911634.0,0.9883308634093285
5325.0,913451.0,0.9902335064934027
5326.0,913075.0,0.989759083693224
5327.0,895378.0,0.9705106523299495
5328.0,875184.0,0.9485587982215328
5329.0,886163.0,0.9603944767273581
5330.0,910139.0,0.986313707380135
5331.0,919956.0,0.9968868114721767
5332.0,920368.0,0.9972680314673059
5333.0,919740.0,0.996522695214471
5334.0,920724.0,0.9975242248766649
5335.0,920947.0,0.9977015009280837
5336.0,918869.0,0.9953864337343803
5337.0,917818.0,0.9941843969715455
5338.0,919366.0,0.9957978571649126
5339.0,918138.0,0.9944047863663378
5340.0,912358.0,0.9880823413507457
5341.0,909595.0,0.98502814264903
5342.0,915118.0,0.9909471679093887
5343.0,920996.0,0.997250080324835
5344.0,922212.0,0.9985047581258921
5345.0,920708.0,0.9968146621571041
5346.0,919808.0,0.9957788732069454
5347.0,920630.0,0.9966075276415667
5348.0,920800.0,0.9967305107883653
5349.0,920942.0,0.9968233590731791
5350.0,922074.0,0.9979878814786125
5351.0,923144.0,0.9990853334002191
5352.0,923416.0,0.9993192216352232
5353.0,923259.0,0.9990890021342433
5354.0,923402.0,0.9991835782465214
5355.0,923802.0,0.9995563571964245
5356.0,924015.0,0.9997269005220522
5357.0,924083.0,0.9997406753005434
5358.0,924144.0,0.9997469912335177
5359.0,924194.0,0.9997415146544555
5360.0,924177.0,0.999663665569231
5361.0,923939.0,0.999346880032762
5362.0,923345.0,0.9986451830477645
5363.0,922886.0,0.9980896452435027
5364.0,922711.0,0.9978413646253587
5365.0,922522.0,0.9975780334541292
5366.0,922646.0,0.9976532300674524
5367.0,922500.0,0.9974365282621949
5368.0,922340.0,0.9972047522109068
5369.0,920292.0,0.9949319139111673
5370.0,910477.0,0.9842629347693735
5371.0,895547.0,0.9680660489527271
5372.0,897106.0,0.969694293471077
5373.0,913723.0,0.9875978295529494
5374.0,923143.0,0.9977208797012681
5375.0,925039.0,0.9997114192399142
5376.0,925256.0,0.9998873388960017
5377.0,925263.0,0.9998363554263362
5378.0,925215.0,0.9997259922589008
5379.0,924846.0,0.9992688554918835
5380.0,923738.0,0.998013396425222
5381.0,922689.0,0.9968218704322309
5382.0,922273.0,0.9963143485170252
5383.0,921566.0,0.9954925899712366
5384.0,922449.0,0.9963884230664224
5385.0,924601.0,0.9986548391052168
5386.0,925617.0,0.9996941280334374
5387.0,925795.0,0.9998283349950495
5388.0,925779.0,0.9997530770766884
5389.0,925661.0,0.9995677370332434
5390.0,925614.0,0.9994591366944419
5391.0,925396.0,0.9991659720119113
5392.0,924257.0,0.997878534678636
5393.0,922939.0,0.9963980552648775
5394.0,923178.0,0.9965986323999789
5395.0,921453.0,0.9946791689378407
5396.0,910866.0,0.9831942884987799
5397.0,900102.0,0.9715197433489263
5398.0,907550.0,0.9795024837160925
5399.0,920671.0,0.9936067851833082
5400.0,925368.0,0.9986187018237305
5401.0,926022.0,0.9992673199456353
5402.0,925823.0,0.9989955110527959
5403.0,923480.0,0.996410478835392
5404.0,916190.0,0.9884884290827098
5405.0,903406.0,0.9746401421076635
5406.0,899701.0,0.9705878244541494
5407.0,912728.0,0.9845853115792401
5408.0,922454.0,0.9950205990950414
5409.0,922032.0,0.9945090818742576
5410.0,920374.0,0.9926646116647828
5411.0,922651.0,0.9950642553380078
5412.0,925628.0,0.9982185965457766
5413.0,926579.0,0.9991878934125152
5414.0,925529.0,0.9979994737487451
5415.0,924190.0,0.9964996510022034
5416.0,925018.0,0.9973364897814007
5417.0,926428.0,0.9988007773744255
5418.0,926305.0,0.9986123127724567
5419.0,926043.0,0.9982741057088341
5420.0,926737.0,0.9989665259212798
5421.0,927381.0,0.9996050551441062
5422.0,927265.0,0.9994244514234452
5423.0,925970.0,0.9979732708174188
5424.0,924680.0,0.9965277223191247
5425.0,925540.0,0.9973993442513667
5426.0,927095.0,0.9990198727805039
5427.0,926809.0,0.9986565906053467
5428.0,920444.0,0.9917435423163764
5429.0,906088.0,0.976221814809122
5430.0,901941.0,0.9717004807078062
5431.0,915169.0,0.9858975502258933
5432.0,924012.0,0.9953695184015489
5433.0,919784.0,0.9907608923194013
5434.0,908600.0,0.978660495102087
5435.0,908281.0,0.9782636497867044
5436.0,919702.0,0.9905108133683418
5437.0,926733.0,0.9980290060083902
5438.0,928378.0,0.9997464332357697
5439.0,928675.0,1.000012221999771
5440.0,928756.0,1.000045498662639
5441.0,928799.0,1.000037954322058
5442.0,928835.0,1.0000229723289624
5443.0,928758.0,0.9998864367757744
5444.0,927868.0,0.9988747992484426
5445.0,922993.0,0.9935736401712546
5446.0,910209.0,0.9797598060045833
5447.0,902518.0,0.9714294179102313
5448.0,913403.0,0.9830933171653394
5449.0,925367.0,0.9959173441947692
5450.0,928897.0,0.9996635861326015
5451.0,929293.0,1.0000369568261032
5452.0,929255.0,0.999943380269815
5453.0,928138.0,0.9986889024549261
5454.0,921552.0,0.9915502560146465
5455.0,908730.0,0.977703149760325
5456.0,906924.0,0.9757091009909803
5457.0,919423.0,0.9891045201940435
5458.0,927761.0,0.9980225324680542
5459.0,929540.0,0.9998843679001624
5460.0,929683.0,0.999986407851242
5461.0,929533.0,0.9997734107122045
5462.0,928954.0,0.9990991567482256
5463.0,928402.0,0.998454125159054
5464.0,928806.0,0.9988373580465298
5465.0,929510.0,0.9995432722744365
5466.0,929753.0,0.9997535241770337
5467.0,929861.0,0.9998187170889337
5468.0,930021.0,0.9999399327031568
5469.0,930119.0,0.999994599072301
5470.0,930160.0,0.9999881025430816
5471.0,930183.0,0.999962378898925
5472.0,930121.0,0.9998454093873267
5473.0,929939.0,0.9995995867825688
5474.0,929606.0,0.9991916107420575
5475.0,927563.0,0.9969458911359046
5476.0,921730.0,0.9906272279973918
5477.0,918461.0,0.987064836190378
5478.0,923560.0,0.9924955212636668
5479.0,928858.0,0.9981396401963396
5480.0,930298.0,0.9996377758311482
5481.0,930331.0,0.9996240984618336
5482.0,930340.0,0.9995847678893869
5483.0,930426.0,0.9996283007974219
5484.0,930587.0,0.9997525372519037
5485.0,930752.0,0.9998811930092387
5486.0,930659.0,0.9997328225985984
5487.0,930255.0,0.9992505361663183
5488.0,930101.0,0.9990369622169265
5489.0,930290.0,0.9991919507076911
5490.0,930136.0,0.9989786761175026
5491.0,930109.0,0.9989019543968345
5492.0,930513.0,0.999288235765274
5493.0,930752.0,0.999497434459129
5494.0,930894.0,0.9996025956718017
5495.0,930612.0,0.9992526160182662
5496.0,928013.0,0.9964150312951147
5497.0,923286.0,0.9912931135535183
5498.0,923199.0,0.9911533583124531
5499.0,927579.0,0.995809342075513
5500.0,928247.0,0.9964801787848235
5501.0,925203.0,0.9931664250158563
5502.0,925440.0,0.9933749779503679
5503.0,929082.0,0.9972384472836847
5504.0,930825.0,0.9990634965308046
5505.0,929092.0,0.9971578757409907
5506.0,923975.0,0.9916208318569735
5507.0,921919.0,0.9893693951676985
5508.0,926547.0,0.9942910118615462
5509.0,930458.0,0.9984429493185586
5510.0,931388.0,0.999396001863797
5511.0,931441.0,0.9994081304995792
5512.0,931213.0,0.9991189239549012
5513.0,931076.0,0.998927532511492
5514.0,931286.0,0.9991085875470211
5515.0,931636.0,0.9994399751648928
5516.0,931949.0,0.9997318028540976
5517.0,932106.0,0.9998564272669096
5518.0,932188.0,0.9999007550006968
5519.0,932240.0,0.9999130640709347
5520.0,932213.0,0.9998408047803984
5521.0,932132.0,0.999710801406879
5522.0,932159.0,0.9996967996069144
5523.0,932269.0,0.9997719750884996
5524.0,932230.0,0.999687529426518
5525.0,931661.0,0.9990349314715329
5526.0,929916.0,0.9971215673210436
5527.0,926927.0,0.9938746854778087
5528.0,924297.0,0.9910131588654165
5529.0,925918.0,0.9927096902867684
5530.0,930181.0,0.997238715750506
5531.0,932284.0,0.9994519170511541
5532.0,932637.0,0.9997891049721571
5533.0,932566.0,0.9996719294903263
5534.0,932300.0,0.9993459158051624
5535.0,932148.0,0.9991422983159582
5536.0,932436.0,0.9994104785516713
5537.0,932753.0,0.9997098968311884
5538.0,932853.0,0.999776902068744
5539.0,932904.0,0.9997915684649531
5540.0,932992.0,0.9998460655335331
5541.0,933059.0,0.9998782358346981
5542.0,933027.0,0.9998045003644788
5543.0,932909.0,0.9996388023366296
5544.0,932890.0,0.9995793784087236
5545.0,933002.0,0.9996605031819275
5546.0,933088.0,0.9997139507663001
5547.0,933150.0,0.9997418679772339
5548.0,933226.0,0.9997849688399217
5549.0,933292.0,0.9998175415600957
5550.0,933346.0,0.9998374447924974
5551.0,933370.0,0.9998253981257
5552.0,933362.0,0.9997792625783527
5553.0,933341.0,0.9997193929546562
5554.0,933260.0,0.9995954497595922
5555.0,933229.0,0.9995252541585613
5556.0,933366.0,0.999635177894023
5557.0,933492.0,0.9997334988423562
5558.0,933549.0,0.9997581045855964
5559.0,933591.0,0.999766830609468
5560.0,933572.0,0.9997104195247839
5561.0,933425.0,0.9995171340686143
5562.0,933184.0,0.9992233946999727
5563.0,933113.0,0.9991118844037623
5564.0,933256.0,0.999229693873759
5565.0,933330.0,0.9992738034196224
5566.0,933329.0,0.9992377968595204
5567.0,933321.0,0.9991944817181325
5568.0,932720.0,0.9985165204786318
5569.0,931273.0,0.9969331403898103
5570.0,930967.0,0.9965714559789199
5571.0,931586.0,0.9972001278715198
5572.0,929996.0,0.9954644324693162
5573.0,928840.0,0.9941935713029221
5574.0,931024.0,0.9964978596372815
5575.0,932724.0,0.998284154415031
5576.0,932818.0,0.9983516837240609
5577.0,933266.0,0.9987982458010409
5578.0,933848.0,0.9993883628605084
5579.0,934049.0,0.9995708944896177
5580.0,934041.0,0.9995299398900035
5581.0,933656.0,0.9990857472074522
5582.0,933345.0,0.998720945108817
5583.0,933678.0,0.9990454315784404
5584.0,933820.0,0.9991657100132076
5585.0,932267.0,0.9974726052550855
5586.0,928092.0,0.9929744813968727
5587.0,924992.0,0.9896269317446273
5588.0,924985.0,0.9895887900292993
5589.0,926510.0,0.9911897748506198
5590.0,930158.0,0.9950619737748203
5591.0,933080.0,0.9981574770276788
5592.0,933852.0,0.9989530864089012
5593.0,932799.0,0.9977966569500447
5594.0,930790.0,0.9956178882824428
5595.0,931014.0,0.9958278775392112
5596.0,933106.0,0.9980360130129265
5597.0,933428.0,0.9983510831621127
5598.0,932110.0,0.9969122926284877
5599.0,932096.0,0.9968683758612148
5600.0,933198.0,0.9980181525476128
5601.0,933163.0,0.9979520948743004
5602.0,932332.0,0.9970349722387537
5603.0,932202.0,0.9968677017225582
5604.0,933518.0,0.9982468765146747
5605.0,934707.0,0.9994903437866259
5606.0,935059.0,0.9998389272305057
5607.0,935107.0,0.999862611365557
5608.0,935108.0,0.9998362124231813
5609.0,935115.0,0.9998164013573204
5610.0,935144.0,0.9998202839327457
5611.0,935187.0,0.999839304883989
5612.0,935193.0,0.99981893839785
5613.0,934718.0,0.9992845176397519
5614.0,931792.0,0.9961300592106502
5615.0,925891.0,0.9897956028197025
5616.0,924774.0,0.9885757019788198
5617.0,930421.0,0.9945865038956944
5618.0,934351.0,0.9987617991458329
5619.0,935203.0,0.9996469462250476
5620.0,935307.0,0.9997326926862264
5621.0,935362.0,0.9997662288276691
5622.0,935312.0,0.9996877039764002
5623.0,934783.0,0.9990973945226853
5624.0,933788.0,0.9980092322321681
5625.0,933724.0,0.9979162951652347
5626.0,934730.0,0.9989670620357441
5627.0,935373.0,0.999630006988382
5628.0,935534.0,0.9997779864544379
5629.0,935598.0,0.9998224659068792
5630.0,935638.0,0.999841461778278
5631.0,935653.0,0.9998339070242985
5632.0,935647.0,0.9998040775240443
5633.0,935610.0,0.9997412891040747
5634.0,935570.0,0.9996754623242298
5635.0,935601.0,0.9996856657711446
5636.0,935649.0,0.9997141964900255
5637.0,935608.0,0.999647797559703
5638.0,935538.0,0.9995505805056007
5639.0,935565.0,0.9995571654148621
5640.0,935495.0,0.999460280162593
5641.0,935364.0,0.9992983919765578
5642.0,935505.0,0.9994272583886767
5643.0,935669.0,0.9995808519803943
5644.0,935669.0,0.9995594020035221
5645.0,935706.0,0.9995776397763136
5646.0,935805.0,0.9996622684420222
5647.0,935916.0,0.9997598727877605
5648.0,935993.0,0.9998213148842362
5649.0,936025.0,0.9998348468621888
5650.0,936050.0,0.99984106109148
5651.0,936095.0,0.999868797192263
5652.0,936137.0,0.9998934871537095
5653.0,936147.0,0.9998841564449488
5654.0,936092.0,0.9998055607387016
5655.0,935974.0,0.9996598399330564
5656.0,935690.0,0.9993369914407811
5657.0,934596.0,0.9981492327300261
5658.0,932994.0,0.9964191432743135
5659.0,933098.0,0.9965112164001027
5660.0,934791.0,0.9983003987288225
5661.0,935648.0,0.9991968894126377
5662.0,935328.0,0.9988365849751498
5663.0,935189.0,0.9986697362640283
5664.0,935737.0,0.9992366696890215
5665.0,936135.0,0.9996435618836944
5666.0,936107.0,0.999595702576461
5667.0,935926.0,0.9993846262106212
5668.0,935849.0,0.9992847616701223
5669.0,935928.0,0.9993516265493309
5670.0,936158.0,0.9995798731160773
5671.0,936368.0,0.9997869112094612
5672.0,936467.0,0.999875580095475
5673.0,936517.0,0.999912082519351
5674.0,936515.0,0.9998932178419563
5675.0,936475.0,0.9998339357546425
5676.0,936494.0,0.9998377989777661
5677.0,936554.0,0.9998855869323668
5678.0,936565.0,0.9998812127967913
5679.0,936555.0,0.9998545712716638
5680.0,936570.0,0.9998547713930522
5681.0,936553.0,0.9998209610312365
5682.0,936427.0,0.999670941106781
5683.0,936213.0,0.9994271346285835
5684.0,936020.0,0.9992059035644504
5685.0,936134.0,0.9993125483030971
5686.0,936352.0,0.9995303568112336
5687.0,936411.0,0.9995785827188953
5688.0,936425.0,0.9995789216155735
5689.0,936498.0,0.9996423876381374
5690.0,936584.0,0.9997198769047617
5691.0,936663.0,0.9997900406596946
5692.0,936760.0,0.9998795634888986
5693.0,936820.0,0.9999297392180777
5694.0,936810.0,0.9999053466398337
5695.0,936788.0,0.9998682940716455
5696.0,936812.0,0.9998804864406017
5697.0,936825.0,0.9998810849218631
5698.0,936780.0,0.9998199268722342
5699.0,936710.0,0.9997322346767137
5700.0,936476.0,0.9994696589833304
5701.0,936082.0,0.9990364751511447
5702.0,936094.0,0.9990367469238428
5703.0,936525.0,0.9994843316563184
5704.0,936792.0,0.9997570271820961
5705.0,936792.0,0.9997449181213421
5706.0,936698.0,0.9996326380249555
5707.0,936511.0,0.9994212573413862
5708.0,935802.0,0.9986529664320202
5709.0,934802.0,0.9975742959387893
5710.0,934760.0,0.9975181114869306
5711.0,935393.0,0.9981823811175369
5712.0,935961.0,0.9987774159074241
5713.0,936552.0,0.9993971231771762
5714.0,936835.0,0.999688294949899
5715.0,936841.0,0.9996840212119326
5716.0,936915.0,0.999752449772669
5717.0,936988.0,0.9998199511297732
5718.0,937006.0,0.9998289045592049
5719.0,937054.0,0.9998700096204785
5720.0,937071.0,0.9998781765563323
5721.0,937066.0,0.9998630092117596
5722.0,937118.0,0.9999088013226439
5723.0,937180.0,0.9999654021447221
5724.0,937205.0,0.9999826628732446
5725.0,937196.0,0.9999637852740414
5726.0,937143.0,0.9998981004275422
5727.0,937099.0,0.9998421579125376
5728.0,937138.0,0.9998749111147516
5729.0,937198.0,0.9999302073891578
5730.0,937208.0,0.9999322940944523
5731.0,937164.0,0.9998769046561374
5732.0,937149.0,0.9998525936705555
5733.0,937202.0,0.9999009691850756
5734.0,937253.0,0.9999473467516747
5735.0,937283.0,0.9999714553828541
5736.0,937293.0,0.9999743622165288
5737.0,937293.0,0.9999667361406083
5738.0,937294.0,0.9999603125648238
5739.0,937282.0,0.9999401552723152
5740.0,937263.0,0.9999126653427363
5741.0,937262.0,0.9999045135405462
5742.0,937275.0,0.9999114318639973
5743.0,937286.0,0.999916350591792
5744.0,937305.0,0.9999299376306531
5745.0,937338.0,0.999958593378847
5746.0,937349.0,0.999963912477342
5747.0,937296.0,0.999901089784526
5748.0,937238.0,0.9998330667026983
5749.0,937279.0,0.9998707881792117
5750.0,937353.0,0.9999438449591231
5751.0,937340.0,0.9999242240249798
5752.0,937176.0,0.9997436539323512
5753.0,936912.0,0.9994565416083534
5754.0,936758.0,0.9992869059897669
5755.0,936906.0,0.9994395598395881
5756.0,937216.0,0.9997651543842636
5757.0,937368.0,0.9999223319467171
5758.0,937372.0,0.9999217621121835
5759.0,937351.0,0.9998946539269369
5760.0,937319.0,0.9998559415461187
5761.0,937214.0,0.9997394885588406
5762.0,936941.0,0.9994439582712604
5763.0,936773.0,0.9992605631155888
5764.0,937051.0,0.9995530463079073
5765.0,937367.0,0.9998861896745354
5766.0,937465.0,0.9999869192995476
5767.0,937476.0,0.9999949738095805
5768.0,937464.0,0.9999786217849085
5769.0,937446.0,0.9999559967848258
5770.0,937438.0,0.9999441654331824
5771.0,937411.0,0.9999121937904393
5772.0,937373.0,0.9998686151298634
5773.0,937387.0,0.999880629344755
5774.0,937396.0,0.9998874357774822
5775.0,937388.0,0.9998762342548853
5776.0,937429.0,0.9999174241607687
5777.0,937470.0,0.9999587386537924
5778.0,937463.0,0.9999489780657355
5779.0,937418.0,0.9998988089903188
5780.0,937299.0,0.9997698320031183
5781.0,937133.0,0.999590846755964
5782.0,937060.0,0.9995111836190407
5783.0,937179.0,0.999636439517273
5784.0,937302.0,0.9997660844153077
5785.0,937326.0,0.9997902540527466
5786.0,937358.0,0.9998230790443472
5787.0,937396.0,0.9998624258173101
5788.0,937403.0,0.9998688285152982
5789.0,937391.0,0.9998550866046888
5790.0,937322.0,0.9997806677242738
5791.0,937260.0,0.9997138363290952
5792.0,937314.0,0.9997708551959875
5793.0,937376.0,0.9998365274512439
5794.0,937413.0,0.9998756539427833
5795.0,937449.0,0.999913833624038
5796.0,937438.0,0.9999020011319121
5797.0,937363.0,0.9998220234468813
5798.0,937334.0,0.9997912298747369
5799.0,937420.0,0.9998832178357512
5800.0,937498.0,0.9999667912602133
5801.0,937522.0,0.9999928847277451
5802.0,937506.0,0.9999764307737423
5803.0,937432.0,0.9998982296012214
5804.0,937341.0,0.9998020128646677
5805.0,937314.0,0.9997741778403111
5806.0,937338.0,0.9998008581404964
5807.0,937390.0,0.9998575209606503
5808.0,937429.0,0.9999004338629397
5809.0,937433.0,0.999906130392808
5810.0,937441.0,0.9999162092504436
5811.0,937447.0,0.9999242703081157
5812.0,937436.0,0.9999143135628791
5813.0,937425.0,0.9999044716925898
5814.0,937424.0,0.9999054109425141
5815.0,937393.0,0.9998744649233068
5816.0,937338.0,0.9998180330884485
5817.0,937369.0,0.9998534475065123
5818.0,937452.0,0.9999444420536236
5819.0,937485.0,0.9999822170908076
5820.0,937484.0,0.9999838386274252
5821.0,937488.0,0.9999909062522095
5822.0,937486.0,0.9999916863278648
5823.0,937470.0,0.9999776451096186
5824.0,937458.0,0.999967982429215
5825.0,937454.0,0.9999669647852601
5826.0,937452.0,0.9999681918631271
5827.0,937452.0,0.9999716634114172
5828.0,937457.0,0.9999805792648517
5829.0,937459.0,0.9999864056199286
5830.0,937433.0,0.9999624745980714
5831.0,937392.0,0.9999226527690263
5832.0,937386.0,0.9999202752256292
5833.0,937390.0,0.999928674250898
5834.0,937381.0,0.9999233151404995
5835.0,937396.0,0.9999436662649454
5836.0,937418.0,0.999971593287613
5837.0,937411.0,0.9999686936009841
5838.0,937392.0,0.9999531010792629
5839.0,937391.0,0.9999568176038793
5840.0,937395.0,0.9999659754306254
5841.0,937389.0,0.999964573040112
5842.0,937387.0,0.9999675446478752
5843.0,937392.0,0.9999780903459636
5844.0,937392.0,0.9999834087193786
5845.0,937370.0,0.9999653641919272
5846.0,937316.0,0.9999132882677197
5847.0,937265.0,0.9998645177257752
5848.0,937268.0,0.9998734589628723
5849.0,937307.0,0.9999209105207832
5850.0,937326.0,0.9999471318569763
5851.0,937151.0,0.9997664968667952
5852.0,936066.0,0.998615157705009
5853.0,933799.0,0.9962029188731204
5854.0,933227.0,0.9955990396430148
5855.0,935191.0,0.9977007683165308
5856.0,936043.0,0.9986162939883844
5857.0,935273.0,0.997801497045248
5858.0,935312.0,0.9978498867906153
5859.0,936317.0,0.9989289795389161
5860.0,936900.0,0.9995579703839442
5861.0,936982.0,0.9996525661324789
5862.0,936849.0,0.9995178869125215
5863.0,936903.0,0.9995828219793077
5864.0,937096.0,0.9997961641384367
5865.0,937078.0,0.9997844958290848
5866.0,936896.0,0.9995979574742306
5867.0,936890.0,0.9995993024160349
5868.0,937070.0,0.9997992044718796
5869.0,937182.0,0.9999266630260936
5870.0,937209.0,0.9999635381168555
5871.0,937200.0,0.9999621090100119
5872.0,937175.0,0.9999437143263689
5873.0,937156.0,0.9999318273490764
5874.0,937161.0,0.9999456541697695
5875.0,937169.0,0.9999627884006014
5876.0,937158.0,0.9999597558769375
5877.0,937135.0,0.9999440252581483
5878.0,937113.0,0.9999294676485759
5879.0,937090.0,0.9999139490221761
5880.0,937060.0,0.9998910670706171
5881.0,937051.0,0.9998906993268369
5882.0,937038.0,0.9998861696673763
5883.0,936968.0,0.9998209227016626
5884.0,936923.0,0.9997824582110889
5885.0,936981.0,0.9998540109134948
5886.0,937003.0,0.9998872554669722
5887.0,936302.0,0.9991490775246439
5888.0,930569.0,0.9930411765942846
5889.0,913742.0,0.9750943625456889
5890.0,902325.0,0.9629205967298367
5891.0,915568.0,0.9770629964520245
5892.0,931258.0,0.9938171756278076
5893.0,935374.0,0.9982201742817662
5894.0,930977.0,0.9935383022106863
5895.0,916592.0,0.9781971320671129
5896.0,907370.0,0.9683658060275984
5897.0,919141.0,0.9809388193830253
5898.0,932409.0,0.9951098815775412
5899.0,936277.0,0.9992491394979105
5900.0,936734.0,0.9997481389835031
5901.0,936828.0,0.99985983328979
5902.0,936846.0,0.9998905227716959
5903.0,936826.0,0.9998807623380557
5904.0,936795.0,0.999859368230582
5905.0,936748.0,0.9998210034051457
5906.0,936727.0,0.9998104957516388
5907.0,936758.0,0.9998555975850054
5908.0,936761.0,0.9998709213262597
5909.0,936670.0,0.999786018622511
5910.0,936579.0,0.9997012210776187
5911.0,936617.0,0.9997542245709198
5912.0,936625.0,0.9997753139960313
5913.0,936415.0,0.9995638100739656
5914.0,936150.0,0.9992936983487186
5915.0,936201.0,0.9993610057186049
5916.0,936387.0,0.9995725317494991
5917.0,936517.0,0.9997243911882021
5918.0,936590.0,0.9998155142645689
5919.0,936604.0,0.999843763592756
5920.0,936601.0,0.9998539731554136
5921.0,936560.0,0.9998237237304229
5922.0,936511.0,0.9997850406045699
5923.0,936523.0,0.9998115863501126
5924.0,936555.0,0.9998595923799282
5925.0,936565.0,0.9998842200982118
5926.0,936550.0,0.9998822656957453
5927.0,936499.0,0.9998419840620567
5928.0,936424.0,0.9997761854248924
5929.0,936311.0,0.9996699213388746
5930.0,936215.0,0.9995819126815296
5931.0,936291.0,0.9996776537075478
5932.0,936399.0,0.9998076723657517
5933.0,936359.0,0.9997797786137453
5934.0,936209.0,0.999634539846332
5935.0,936162.0,0.9995993843652821
5936.0,936269.0,0.9997287739054798
5937.0,936336.0,0.9998155636468363
5938.0,936344.0,0.9998394632685245
5939.0,936341.0,0.9998517256847433
5940.0,936311.0,0.99983526486555
5941.0,936249.0,0.9997847401835686
5942.0,936216.0,0.9997652906612445
5943.0,936229.0,0.9997950720245738
5944.0,936246.0,0.9998292343180567
5945.0,936254.0,0.9998538947013049
5946.0,936230.0,0.9998444899605786
5947.0,936101.0,0.9997230570233293
5948.0,935858.0,0.9994799785469942
5949.0,935792.0,0.9994260365371037
5950.0,935973.0,0.9996360016590553
5951.0,936070.0,0.9997563673207978
5952.0,935981.0,0.9996781875823103
5953.0,935899.0,0.9996075903043764
5954.0,935954.0,0.9996834276251845
5955.0,935957.0,0.9997038345632341
5956.0,935794.0,0.9995470417910391
5957.0,935720.0,0.999485417268811
5958.0,935856.0,0.9996482138940244
5959.0,935966.0,0.9997833522717507
5960.0,935991.0,0.9998278070723658
5961.0,935985.0,0.9998392574692414
5962.0,935970.0,0.9998412030220861
5963.0,935947.0,0.99983471150934
5964.0,935906.0,0.9998090997075278
5965.0,935831.0,0.9997472738119488
5966.0,935782.0,0.9997133309614452
5967.0,935809.0,0.9997606896351737
5968.0,935836.0,0.9998081591649732
5969.0,935834.0,0.9998247566316173
5970.0,935820.0,0.9998286431091488
5971.0,935800.0,0.9998262284226948
5972.0,935767.0,0.9998100331698557
5973.0,935729.0,0.9997886042639332
5974.0,935654.0,0.9997277500615132
5975.0,935525.0,0.999609303776561
5976.0,935434.0,0.9995315660495108
5977.0,935441.0,0.9995586518293146
5978.0,935492.0,0.9996328648797344
5979.0,935539.0,0.999702915965619
5980.0,935580.0,0.9997666676800656
5981.0,935588.0,0.9997952667491052
5982.0,935559.0,0.99978443650043
5983.0,935478.0,0.9997181445115542
5984.0,935339.0,0.999589975261222
5985.0,935267.0,0.9995335142806464
5986.0,935309.0,0.999598996612622
5987.0,935321.0,0.9996325285831402
5988.0,935309.0,0.9996405209341567
5989.0,935305.0,0.9996571738121075
5990.0,935286.0,0.9996579048009526
5991.0,935224.0,0.9996127851674946
5992.0,935228.0,0.9996383189830109
5993.0,935290.0,0.9997259596412383
5994.0,935305.0,0.9997634748927047
5995.0,935281.0,0.9997594130700588
5996.0,935248.0,0.999745840408971
5997.0,935216.0,0.9997334461826737
5998.0,935188.0,0.9997254375249061
5999.0,935169.0,0.9997271599202907
6000.0,935140.0,0.9997183019532748
6001.0,935081.0,0.9996774813249315
6002.0,934946.0,0.9995555170838136
6003.0,934834.0,0.9994582475561462
6004.0,934896.0,0.9995471165496798
6005.0,934978.0,0.9996574833990841
6006.0,934939.0,0.9996385921620823
6007.0,934752.0,0.9994615649010821
6008.0,934522.0,0.9992386620749474
6009.0,934557.0,0.9992992174269966
6010.0,934778.0,0.9995587759370093
6011.0,934862.0,0.9996719594077391
6012.0,934780.0,0.9996077464708961
6013.0,934650.0,0.9994923110107137
6014.0,934616.0,0.9994796431928904
6015.0,934582.0,0.9994670853739948
6016.0,934386.0,0.9992813862929975
6017.0,934323.0,0.9992380295433226
6018.0,934491.0,0.9994418367951802
6019.0,934505.0,0.9994810570345057
6020.0,934325.0,0.9993128960861385
6021.0,934159.0,0.99915981185307
6022.0,934110.0,0.9991319750953216
6023.0,934119.0,0.9991662866161549
6024.0,934097.0,0.9991675511947635
6025.0,934226.0,0.9993304496384474
6026.0,934329.0,0.9994656545827798
6027.0,934299.0,0.9994587016491858
6028.0,934321.0,0.9995074873728392
6029.0,934375.0,0.999590620105452
6030.0,934386.0,0.999627865776321
6031.0,934365.0,0.9996309892764046
6032.0,934342.0,0.9996320843607611
6033.0,934314.0,0.9996279411863257
6034.0,934282.0,0.9996196293097638
6035.0,934253.0,0.9996146381640173
6036.0,934226.0,0.9996118980478921
6037.0,934194.0,0.9996039190450599
6038.0,934167.0,0.9996014012275057
6039.0,934133.0,0.9995915041681385
6040.0,934098.0,0.999580647922702
6041.0,934061.0,0.9995677623102133
6042.0,934018.0,0.9995485665546204
6043.0,933990.0,0.999545534134366
6044.0,933978.0,0.9995597366030398
6045.0,933952.0,0.9995590679930804
6046.0,933892.0,0.9995221216040132
6047.0,933836.0,0.999489566083723
6048.0,933830.0,0.9995106372079522
6049.0,933837.0,0.9995457359625183
6050.0,933822.0,0.999557399764384
6051.0,933784.0,0.9995445562743211
6052.0,933738.0,0.9995232602760251
6053.0,933706.0,0.9995170617253474
6054.0,933663.0,0.999499199075022
6055.0,933568.0,0.9994257790522555
6056.0,933480.0,0.9993599608468188
6057.0,933499.0,0.9994088056264915
6058.0,933543.0,0.9994845311160822
6059.0,933537.0,0.999506839689337
6060.0,933505.0,0.9995014235160176
6061.0,933471.0,0.9994939777074958
6062.0,933413.0,0.9994609454036639
6063.0,933183.0,0.9992438473405537
6064.0,932239.0,0.9982622816809419
6065.0,930698.0,0.9966414707887589
6066.0,930737.0,0.9967126752561007
6067.0,932266.0,0.9983796625388931
6068.0,933116.0,0.999319686717202
6069.0,933248.0,0.9994909149601651
6070.0,933229.0,0.9995005429044246
6071.0,933199.0,0.9994985023997197
6072.0,933170.0,0.999497645355117
6073.0,933141.0,0.9994969007977407
6074.0,933107.0,0.999490913053592
6075.0,933068.0,0.9994796816721068
6076.0,933023.0,0.9994621349906561
6077.0,932940.0,0.999403992726326
6078.0,932818.0,0.9993041798656817
6079.0,932771.0,0.9992848216282048
6080.0,932811.0,0.9993587816172564
6081.0,932800.0,0.9993782189095133
6082.0,932723.0,0.9993270573087281
6083.0,932643.0,0.9992727910264864
6084.0,932565.0,0.9992207771603819
6085.0,932491.0,0.999173158956013
6086.0,932501.0,0.9992156603492338
6087.0,932568.0,0.999319357379699
6088.0,932597.0,0.9993824528021934
6089.0,932552.0,0.9993663634810326
6090.0,932463.0,0.9993032322437515
6091.0,932418.0,0.9992873655603902
6092.0,932419.0,0.9993209115496414
6093.0,932413.0,0.9993470704201509
6094.0,932403.0,0.9993690569512722
6095.0,932388.0,0.9993857989150962
6096.0,932339.0,0.9993662109786866
6097.0,932286.0,0.9993424473810824
6098.0,932259.0,0.9993466666046266
6099.0,932228.0,0.9993467115218506
6100.0,932089.0,0.9992310902111474
6101.0,931371.0,0.9984948461300677
6102.0,929795.0,0.9968387990572516
6103.0,929252.0,0.9962902765074465
6104.0,930629.0,0.9978004128258685
6105.0,931722.0,0.9990062560127838
6106.0,931887.0,0.999217245508555
6107.0,931681.0,0.9990305441613225
6108.0,931503.0,0.9988739687943554
6109.0,931620.0,0.999033843129125
6110.0,931785.0,0.9992453173967641
6111.0,931797.0,0.9992928373733178
6112.0,931756.0,0.9992836334001564
6113.0,931720.0,0.9992799052189935
6114.0,931692.0,0.9992848710779698
6115.0,931642.0,0.9992663543366344
6116.0,931581.0,0.9992361514077601
6117.0,931567.0,0.999256475468608
6118.0,931558.0,0.9992822785173769
6119.0,931436.0,0.9991869780689885
6120.0,930653.0,0.9983826796583699
6121.0,927756.0,0.9953105069501115
6122.0,924478.0,0.9918294702764188
6123.0,925999.0,0.9934971059870732
6124.0,929616.0,0.9974138391725291
6125.0,931029.0,0.9989661445045217
6126.0,931169.0,0.9991527365006876
6127.0,931141.0,0.9991591843530987
6128.0,931082.0,0.9991324813461107
6129.0,931009.0,0.9990908670153912
6130.0,930999.0,0.9991169735561889
6131.0,931024.0,0.9991807587246512
6132.0,931026.0,0.9992199784832347
6133.0,931005.0,0.999234630141359
6134.0,930715.0,0.9989606727780479
6135.0,928980.0,0.9971357952712261
6136.0,924829.0,0.9927175449611416
6137.0,922005.0,0.9897235403415238
6138.0,924303.0,0.9922278269475158
6139.0,927822.0,0.996043195224597
6140.0,926139.0,0.99427426099558
6141.0,918282.0,0.9858768374654728
6142.0,915630.0,0.9830672400206619
6143.0,923119.0,0.9911458549052282
6144.0,929039.0,0.9975405166806196
6145.0,930391.0,0.9990307812635021
6146.0,930457.0,0.9991403477199716
6147.0,930364.0,0.9990792942152965
6148.0,930262.0,0.999008685925209
6149.0,930217.0,0.9989994019318312
6150.0,930195.0,0.9990149339825938
6151.0,930149.0,0.999004805779608
6152.0,930137.0,0.9990313103247007
6153.0,930177.0,0.9991137859977246
6154.0,930111.0,0.9990825231545993
6155.0,929985.0,0.998986921332905
6156.0,929968.0,0.9990085193553767
6157.0,929953.0,0.9990323830448399
6158.0,929882.0,0.9989962018169892
6159.0,929720.0,0.9988623655440783
6160.0,928539.0,0.9976338077178338
6161.0,924262.0,0.9930787504732546
6162.0,919795.0,0.9883192838080549
6163.0,922189.0,0.9909319858138352
6164.0,927224.0,0.9963830002780235
6165.0,929217.0,0.998565547960116
6166.0,929418.0,0.9988225721736896
6167.0,929318.0,0.9987562426462686
6168.0,928811.0,0.9982525944454336
6169.0,927931.0,0.9973481167179746
6170.0,927976.0,0.9974379187407522
6171.0,928833.0,0.9984006610339877
6172.0,929212.0,0.9988497768212727
6173.0,929091.0,0.998761552176806
6174.0,929084.0,0.9987959898403719
6175.0,929187.0,0.9989488050027316
6176.0,929176.0,0.998979184991108
6177.0,929149.0,0.9989924809184746
6178.0,929174.0,0.999061805267112
6179.0,929125.0,0.9990516823737311
6180.0,929015.0,0.9989760810978185
6181.0,929026.0,0.9990307072598117
6182.0,929085.0,0.9991370735207715
6183.0,929075.0,0.9991693595144913
6184.0,929037.0,0.9991716508714406
6185.0,928995.0,0.9991697566563954
6186.0,928929.0,0.9991421646538584
6187.0,928838.0,0.999087795904251
6188.0,928731.0,0.9990163280304141
6189.0,928335.0,0.9986340856027299
6190.0,926482.0,0.9966845245702572
6191.0,923228.0,0.9932276837770215
6192.0,923082.0,0.9931144520975471
6193.0,926282.0,0.9966013402782273
6194.0,928203.0,0.9987124967168468
6195.0,928542.0,0.9991217075730221
6196.0,928533.0,0.9991566030192724
6197.0,928495.0,0.9991604112761305
6198.0,928403.0,0.9991062243092313
6199.0,928189.0,0.9989208524431422
6200.0,927960.0,0.9987194369787497
