wave,flux,norm
3800.0,868663.0,0.8945259875524194
3801.0,930952.0,0.9581257490986985
3802.0,955784.0,0.9831256780923069
3803.0,964641.0,0.9916753934348476
3804.0,965364.0,0.9918589843662423
3805.0,957926.0,0.9836628712184674
3806.0,944114.0,0.968935156902873
3807.0,934610.0,0.9586434957180234
3808.0,946351.0,0.9701432188403767
3809.0,965517.0,0.9892382529951292
3810.0,974363.0,0.9977450896963561
3811.0,971345.0,0.9941012725100616
3812.0,952504.0,0.9742775617273847
3813.0,929539.0,0.9502606487164411
3814.0,923307.0,0.9433676038974675
3815.0,922568.0,0.9420921397782202
3816.0,929464.0,0.9486110789873105
3817.0,954264.0,0.9733863365693203
3818.0,971422.0,0.9903442547047693
3819.0,961283.0,0.9794708565456556
3820.0,934238.0,0.9513936467043715
3821.0,932455.0,0.9490596725052297
3822.0,956539.0,0.9730422407679279
3823.0,959892.0,0.9759222354613548
3824.0,935128.0,0.9502287893643582
3825.0,916437.0,0.9307316290930685
3826.0,919666.0,0.9335061312560384
3827.0,928810.0,0.9422791089933792
3828.0,927417.0,0.9403592869162501
3829.0,927198.0,0.9396319713140282
3830.0,938720.0,0.9507982002165566
3831.0,936809.0,0.9483546140712806
3832.0,905697.0,0.9163692523310184
3833.0,868382.0,0.8781459614265666
3834.0,803455.0,0.8120564361155514
3835.0,735516.0,0.7429951537867379
3836.0,762988.0,0.7703377959036408
3837.0,848167.0,0.8558840889537555
3838.0,891875.0,0.899514345300693
3839.0,909728.0,0.9170365063569151
3840.0,914473.0,0.9213345281344698
3841.0,921983.0,0.9284129850854644
3842.0,953066.0,0.9592096453173395
3843.0,976717.0,0.982498756129021
3844.0,983730.0,0.989036486306713
3845.0,982359.0,0.987143278794819
3846.0,981588.0,0.9858553626617685
3847.0,986872.0,0.9906476602692181
3848.0,989213.0,0.9924829702781884
3849.0,974827.0,0.9775434801420344
3850.0,955864.0,0.9580327427195056
3851.0,962003.0,0.9636888012624863
3852.0,982146.0,0.9833610499757489
3853.0,994355.0,0.9950740495487487
3854.0,997567.0,0.9977768523979544
3855.0,986373.0,0.9860759357690299
3856.0,965564.0,0.9647804741670832
3857.0,958602.0,0.9573361242145293
3858.0,954235.0,0.9524902822528327
3859.0,940369.0,0.9381732148212831
3860.0,943375.0,0.9406953999387948
3861.0,973822.0,0.9705649133392935
3862.0,999131.0,0.9952867065648888
3863.0,1005290.0,1.0009175648860966
3864.0,998000.0,0.9931596847509124
3865.0,983287.0,0.978026998001307
3866.0,981606.0,0.9758659564441953
3867.0,994969.0,0.9886563075130389
3868.0,1004970.0,0.9980955692321288
3869.0,1006770.0,0.9993852687783186
3870.0,994002.0,0.986220422775051
3871.0,954481.0,0.9465389379001151
3872.0,910133.0,0.9021129714862207
3873.0,908918.0,0.9004633584293662
3874.0,941484.0,0.9322662549226679
3875.0,969392.0,0.9594283232897249
3876.0,975461.0,0.9649604201256824
3877.0,950805.0,0.940108402500516
3878.0,918853.0,0.9080709945515026
3879.0,931747.0,0.9203636503362636
3880.0,970990.0,0.9586593223580655
3881.0,991441.0,0.9783740010554739
3882.0,995500.0,0.9819020718356842
3883.0,992623.0,0.9785894419443664
3884.0,983492.0,0.9691180864080555
3885.0,960902.0,0.9464006600038256
3886.0,918848.0,0.9045447874603174
3887.0,867849.0,0.8539283358400339
3888.0,791216.0,0.7781504397618279
3889.0,737278.0,0.7247553350599744
3890.0,800750.0,0.7867724124711036
3891.0,903187.0,0.8869972499138046
3892.0,953622.0,0.936081505679998
3893.0,963864.0,0.9456846908531757
3894.0,957946.0,0.9394316966541518
3895.0,942029.0,0.9233841630254651
3896.0,947176.0,0.9279897673314801
3897.0,962670.0,0.9427242474072719
3898.0,957861.0,0.9375724797883356
3899.0,950664.0,0.9300898638900779
3900.0,946332.0,0.9254165748891696
3901.0,945588.0,0.9242553334726316
3902.0,945707.0,0.9239389208425498
3903.0,957545.0,0.9350673128181415
3904.0,969200.0,0.946007306446573
3905.0,947333.0,0.9242331276677623
3906.0,932674.0,0.9095087706874403
3907.0,963300.0,0.9389384273251679
3908.0,995608.0,0.9699801294597556
3909.0,1002480.0,0.9762239489979558
3910.0,992474.0,0.9660342691618299
3911.0,995413.0,0.9684489420119866
3912.0,1005990.0,0.9782897022907029
3913.0,995096.0,0.9672518459258443
3914.0,983100.0,0.9551540487514678
3915.0,984726.0,0.9562966553180133
3916.0,990995.0,0.9619457285487408
3917.0,1002080.0,0.9722629675018611
3918.0,1008990.0,0.9785225109294621
3919.0,998073.0,0.9674961402276887
3920.0,969189.0,0.9390716942376566
3921.0,953021.0,0.9229888361392053
3922.0,962149.0,0.9314088873523518
3923.0,982700.0,0.9508750025872776
3924.0,1008370.0,0.9752752031015244
3925.0,1021560.0,0.9875891210741802
3926.0,1013880.0,0.979725667573705
3927.0,981849.0,0.9483496834686099
3928.0,948001.0,0.9152480806239603
3929.0,944654.0,0.9116106426821318
3930.0,933713.0,0.9006518984201658
3931.0,877039.0,0.8456093369479223
3932.0,728139.0,0.7017344738779059
3933.0,523889.0,0.5046680483351049
3934.0,476698.0,0.45900585298520213
3935.0,642507.0,0.6183885989531389
3936.0,835294.0,0.8035854066172363
3937.0,952038.0,0.915495856370847
3938.0,1002620.0,0.9637141463915737
3939.0,1020940.0,0.9808942997663456
3940.0,1026080.0,0.9854025534438865
3941.0,1025330.0,0.9842534440327003
3942.0,1017280.0,0.9761014324974577
3943.0,989354.0,0.9488939329888881
3944.0,970526.0,0.9304327492623323
3945.0,997896.0,0.9562584781413193
3946.0,1030060.0,0.9866544680446457
3947.0,1037160.0,0.9930273598510007
3948.0,1032640.0,0.9882745984844955
3949.0,1029740.0,0.9850762496056659
3950.0,1030210.0,0.9851036848697955
3951.0,1027230.0,0.9818341524713686
3952.0,1013110.0,0.9679248505951797
3953.0,1006800.0,0.9614864797044232
3954.0,1025150.0,0.978594264034139
3955.0,1037820.0,0.9902683487685461
3956.0,1031440.0,0.983763672989605
3957.0,1027260.0,0.9793625095488461
3958.0,1033870.0,0.9852482035487351
3959.0,1040640.0,0.9912819283050297
3960.0,1032250.0,0.9828762801128829
3961.0,1002500.0,0.9541484878495545
3962.0,982023.0,0.9342674091661081
3963.0,991537.0,0.9429241324768959
3964.0,1007900.0,0.9580846636486003
3965.0,998514.0,0.9487669523556042
3966.0,932921.0,0.8860730675804148
3967.0,773989.0,0.734816773035562
3968.0,563764.0,0.5350095640955969
3969.0,484270.0,0.4593799458621927
3970.0,594576.0,0.5637835870331092
3971.0,778890.0,0.7382476860523122
3972.0,916990.0,0.8687839794387282
3973.0,980481.0,0.9285556751749278
3974.0,1006230.0,0.9525502901413001
3975.0,1025460.0,0.9703570948462997
3976.0,1041190.0,0.9848393214928604
3977.0,1046380.0,0.989344797778198
3978.0,1049410.0,0.9918057363129726
3979.0,1055460.0,0.997118306248926
3980.0,1057600.0,0.9987347598138069
3981.0,1049910.0,0.9910713609213377
3982.0,1037530.0,0.978989347886066
3983.0,1035530.0,0.976708022020665
3984.0,1046620.0,0.9867705549536897
3985.0,1054660.0,0.9939511160678273
3986.0,1050400.0,0.989539141603341
3987.0,1046200.0,0.9851877616497323
3988.0,1052470.0,0.9906958864129004
3989.0,1057700.0,0.9952216004620043
3990.0,1059060.0,0.996104315255293
3991.0,1063300.0,0.9996946059391179
3992.0,1066580.0,1.0023803865852354
3993.0,1063140.0,0.9987515882973452
3994.0,1053030.0,0.9888626599070397
3995.0,1048160.0,0.9839008466512739
3996.0,1052560.0,0.9876417500875446
3997.0,1052300.0,0.9870093869772939
3998.0,1049020.0,0.9835465553966464
3999.0,1053000.0,0.9868911889185237
4000.0,1057340.0,0.9905710126687063
4001.0,1057920.0,0.9907273161492507
4002.0,1063300.0,0.9953774209078604
4003.0,1067760.0,0.9991635520182052
4004.0,1058400.0,0.9900201509892261
4005.0,1041280.0,0.9736285482771455
4006.0,1039570.0,0.9716534155648487
4007.0,1052010.0,0.9829007879481185
4008.0,1064240.0,0.9939438820894089
4009.0,1068860.0,0.9978744034848277
4010.0,1069500.0,0.9980881900877765
4011.0,1068200.0,0.9964925816095583
4012.0,1062970.0,0.9912339545674499
4013.0,1063050.0,0.9909296383314973
4014.0,1067180.0,0.9943998831406196
4015.0,1069600.0,0.99627524301776
4016.0,1070160.0,0.9964178783781198
4017.0,1068710.0,0.9946901537514179
4018.0,1069180.0,0.9947506134900785
4019.0,1068720.0,0.9939466270498909
4020.0,1066460.0,0.9914703483503464
4021.0,1068720.0,0.9931970523516825
4022.0,1073500.0,0.9972640246722428
4023.0,1076130.0,0.9993319065575154
4024.0,1072750.0,0.9958197643678118
4025.0,1067640.0,0.9907054451886891
4026.0,1069650.0,0.9921999367408307
4027.0,1074060.0,0.9959192325075943
4028.0,1074300.0,0.9957711030110651
4029.0,1068860.0,0.9903607607317993
4030.0,1053670.0,0.9759243655250646
4031.0,1043890.0,0.9665081442900912
4032.0,1043290.0,0.9655957563231825
4033.0,1033550.0,0.9562283292358845
4034.0,1028560.0,0.951261332921978
4035.0,1043960.0,0.9651492039134847
4036.0,1067260.0,0.9863283186899984
4037.0,1079470.0,0.9972471514126918
4038.0,1083000.0,1.000142602300212
4039.0,1082570.0,0.9993807648944157
4040.0,1079240.0,0.9959438277773476
4041.0,1078120.0,0.9945486006681254
4042.0,1080730.0,0.9965945222864732
4043.0,1080280.0,0.9958187242936997
4044.0,1070330.0,0.98628992552329
4045.0,1049150.0,0.966424012956548
4046.0,1040690.0,0.9582857265486268
4047.0,1059770.0,0.9755039927853627
4048.0,1075310.0,0.9894530407000937
4049.0,1078250.0,0.9918027840342766
4050.0,1080790.0,0.9937835584302978
4051.0,1085490.0,0.9977488351650867
4052.0,1086530.0,0.9983488376738763
4053.0,1084080.0,0.9957433107955862
4054.0,1083020.0,0.9944164295614664
4055.0,1083990.0,0.9949542621170763
4056.0,1085720.0,0.9961895531360877
4057.0,1086140.0,0.9962229308297714
4058.0,1084860.0,0.9946980805651495
4059.0,1085600.0,0.9950262803123465
4060.0,1089500.0,0.9982500949807832
4061.0,1090760.0,0.9990541148295788
4062.0,1079350.0,0.9882573754157554
4063.0,1057510.0,0.967922274114323
4064.0,1054350.0,0.9646934067993695
4065.0,1069870.0,0.9785528762126056
4066.0,1074730.0,0.9826564586909382
4067.0,1076750.0,0.9841618973481808
4068.0,1085940.0,0.9922179841705858
4069.0,1092880.0,0.9982138963921011
4070.0,1087160.0,0.9926467807323202
4071.0,1068020.0,0.9748349024221395
4072.0,1061700.0,0.9687331985292225
4073.0,1078250.0,0.9834964213936227
4074.0,1088910.0,0.9928794546842563
4075.0,1088570.0,0.9922300806293035
4076.0,1081070.0,0.9850575448312676
4077.0,1063260.0,0.9684992494814797
4078.0,1058920.0,0.9642180514547144
4079.0,1078910.0,0.9820868294327982
4080.0,1095380.0,0.996740956619048
4081.0,1100610.0,1.0011612833463135
4082.0,1100010.0,1.0002776985423094
4083.0,1094710.0,0.9951227727546222
4084.0,1087550.0,0.9882815875570382
4085.0,1087360.0,0.9877771624585476
4086.0,1095250.0,0.9946111213572477
4087.0,1101910.0,1.0003243914205804
4088.0,1104670.0,1.002495063121036
4089.0,1105410.0,1.0028322304056334
4090.0,1105170.0,1.0022809043724819
4091.0,1104210.0,1.0010776866125946
4092.0,1102780.0,0.9994497993340945
4093.0,1101880.0,0.9983036623128413
4094.0,1100130.0,0.9963889278796688
4095.0,1096450.0,0.9927285195713114
4096.0,1093190.0,0.9894511532865942
4097.0,1090530.0,0.9867193110302108
4098.0,1083400.0,0.9799465831340535
4099.0,1059100.0,0.9576534111267917
4100.0,987585.0,0.8926967542194676
4101.0,870168.0,0.7863047804017153
4102.0,832248.0,0.7517945320438247
4103.0,929156.0,0.8390616859747145
4104.0,1029550.0,0.9294195571363503
4105.0,1073890.0,0.9691333255232564
4106.0,1089000.0,0.9824517516234906
4107.0,1094920.0,0.9874738827320191
4108.0,1098970.0,0.9908073039446698
4109.0,1100830.0,0.992165238237929
4110.0,1102240.0,0.9931173300146251
4111.0,1105950.0,0.9961409250081242
4112.0,1109270.0,0.9988119005814162
4113.0,1110920.0,0.9999784249381581
4114.0,1111670.0,1.0003348225432325
4115.0,1112580.0,1.0008354037460416
4116.0,1113560.0,1.0013990964660242
4117.0,1111730.0,0.9994367431552268
4118.0,1105840.0,0.9938273551463096
4119.0,1102640.0,0.990638747336501
4120.0,1104650.0,0.9921319399439448
4121.0,1105840.0,0.9928884216169811
4122.0,1107690.0,0.9942373020771575
4123.0,1111150.0,0.9970304564421791
4124.0,1113500.0,0.9988266493954062
4125.0,1114300.0,0.9992322545623246
4126.0,1113690.0,0.9983740777853397
4127.0,1112130.0,0.9966655399021851
4128.0,1111790.0,0.9960515320599572
4129.0,1113330.0,0.9971221440794467
4130.0,1111560.0,0.9952289743321314
4131.0,1099040.0,0.9837154635670996
4132.0,1085950.0,0.9716994863676447
4133.0,1091680.0,0.9765261717994842
4134.0,1102690.0,0.9860719489791955
4135.0,1109020.0,0.9914285626896759
4136.0,1114250.0,0.9957992974725838
4137.0,1116340.0,0.997362483135227
4138.0,1117360.0,0.9979695119936397
4139.0,1118720.0,0.9988802161795112
4140.0,1119390.0,0.9991749346852984
4141.0,1117790.0,0.9974443375449562
4142.0,1108410.0,0.9887749789027942
4143.0,1088770.0,0.9709614865777909
4144.0,1081420.0,0.9641160708052473
4145.0,1098690.0,0.9792180372046018
4146.0,1113730.0,0.992324467573862
4147.0,1116740.0,0.9947080736113734
4148.0,1115200.0,0.9930391270185753
4149.0,1113480.0,0.9912114025493275
4150.0,1114980.0,0.9922507912726828
4151.0,1119670.0,0.9961280409002248
4152.0,1120780.0,0.9968193998508703
4153.0,1116160.0,0.9924160681010471
4154.0,1110390.0,0.9869935989105836
4155.0,1112100.0,0.9882215808181607
4156.0,1116820.0,0.9921232144715878
4157.0,1117260.0,0.9922220000496543
4158.0,1117160.0,0.9918417564998371
4159.0,1119470.0,0.9936012186008991
4160.0,1122780.0,0.9962474079156622
4161.0,1123150.0,0.9962845920856317
4162.0,1120630.0,0.9937593958538022
4163.0,1117990.0,0.9911297394490948
4164.0,1118320.0,0.9911342866539424
4165.0,1122830.0,0.9948428187012159
4166.0,1124650.0,0.9961669663974794
4167.0,1121380.0,0.9929835974176571
4168.0,1120860.0,0.9922369418324378
4169.0,1122890.0,0.9937478927124936
4170.0,1123600.0,0.9940905705082144
4171.0,1121670.0,0.992098463838746
4172.0,1114920.0,0.9858459556706726
4173.0,1110070.0,0.9812770238540376
4174.0,1110920.0,0.9817483764028442
4175.0,1113270.0,0.983545112203176
4176.0,1116650.0,0.9862509870998208
4177.0,1116300.0,0.9856622803015136
4178.0,1115300.0,0.9845005783200632
4179.0,1120430.0,0.988749534448073
4180.0,1122010.0,0.9898646370739013
4181.0,1116300.0,0.984549946963005
4182.0,1113700.0,0.9819808590871176
4183.0,1116200.0,0.9839092036775986
4184.0,1119110.0,0.9861982113457362
4185.0,1118550.0,0.9854293478145872
4186.0,1107290.0,0.9752374052193787
4187.0,1094150.0,0.9633962373004133
4188.0,1097020.0,0.9656549272465607
4189.0,1110020.0,0.9768272786718986
4190.0,1119060.0,0.9845100020490215
4191.0,1117190.0,0.982593325037951
4192.0,1113770.0,0.9793152552243808
4193.0,1118870.0,0.9835288225850999
4194.0,1121210.0,0.9853150279824608
4195.0,1119170.0,0.9832526138474639
4196.0,1123490.0,0.9867778424202316
4197.0,1120970.0,0.9842955438544281
4198.0,1102560.0,0.9678662256696348
4199.0,1094330.0,0.960380212389732
4200.0,1102180.0,0.9670066074634478
4201.0,1100160.0,0.9649726509718032
4202.0,1096670.0,0.9616511985186792
4203.0,1108470.0,0.9717358786276359
4204.0,1116930.0,0.9788883305045873
4205.0,1115380.0,0.9772668540313597
4206.0,1113780.0,0.9756028760003914
4207.0,1117620.0,0.9787040417896297
4208.0,1127450.0,0.9870480320048772
4209.0,1129310.0,0.9884123601812682
4210.0,1120090.0,0.9800813611365874
4211.0,1112840.0,0.9734785173020168
4212.0,1113480.0,0.9737797010716196
4213.0,1117750.0,0.9772548725108413
4214.0,1115650.0,0.9751607714695449
4215.0,1096610.0,0.9582652904135074
4216.0,1083260.0,0.9463499913187757
4217.0,1092190.0,0.9539003482817039
4218.0,1104640.0,0.9645206464338316
4219.0,1116100.0,0.9742715896907871
4220.0,1129250.0,0.9854927005523655
4221.0,1132310.0,0.9879051570385665
4222.0,1123760.0,0.9801900525062109
4223.0,1112770.0,0.9703516658814165
4224.0,1107080.0,0.9651392812930353
4225.0,1100010.0,0.958727253639927
4226.0,1077370.0,0.9387522360913733
4227.0,1068350.0,0.9306524820053587
4228.0,1096890.0,0.9552678346119169
4229.0,1117840.0,0.9732625836823935
4230.0,1114280.0,0.9699140111793718
4231.0,1110540.0,0.9664109254074592
4232.0,1111770.0,0.9672339125658406
4233.0,1111600.0,0.9668392043564025
4234.0,1116910.0,0.9712102430858054
4235.0,1111380.0,0.9661559280646483
4236.0,1088110.0,0.9456865850781981
4237.0,1083870.0,0.9417629773210043
4238.0,1104330.0,0.9592978874716737
4239.0,1125150.0,0.977136984557278
4240.0,1135060.0,0.9854950889467284
4241.0,1129440.0,0.9803691494143594
4242.0,1106040.0,0.9598167838913169
4243.0,1092450.0,0.9477860626296745
4244.0,1109810.0,0.962606595194256
4245.0,1128030.0,0.978165872175813
4246.0,1120230.0,0.9711602981803937
4247.0,1100260.0,0.9536107015949332
4248.0,1086390.0,0.9413558552858373
4249.0,1073960.0,0.9303549193893733
4250.0,1072050.0,0.9284708690616102
4251.0,1093620.0,0.946918451739294
4252.0,1118250.0,0.9680062059617882
4253.0,1112770.0,0.963025856184797
4254.0,1086260.0,0.9398527903104322
4255.0,1076860.0,0.9314917349151383
4256.0,1100900.0,0.9520539271310535
4257.0,1129800.0,0.9768083596777973
4258.0,1132280.0,0.9787143522775031
4259.0,1117010.0,0.9652808900176283
4260.0,1099030.0,0.949513018946016
4261.0,1087870.0,0.9396439206543706
4262.0,1098950.0,0.9489850586273091
4263.0,1119480.0,0.9664805439122774
4264.0,1126160.0,0.972013755533356
4265.0,1129820.0,0.9749386989733625
4266.0,1129200.0,0.9741702427810747
4267.0,1110590.0,0.9578861367186714
4268.0,1099360.0,0.9479739427404472
4269.0,1105230.0,0.9528086099752159
4270.0,1097250.0,0.9457042415414363
4271.0,1076360.0,0.9274793220550781
4272.0,1072990.0,0.9243564966971795
4273.0,1076360.0,0.9270405044634107
4274.0,1062210.0,0.9146376620785318
4275.0,1064750.0,0.9166089140523629
4276.0,1097290.0,0.9443995684847719
4277.0,1125160.0,0.9681591884263336
4278.0,1127270.0,0.9697477090042205
4279.0,1102060.0,0.9478390025585607
4280.0,1075770.0,0.9250122503100909
4281.0,1081060.0,0.9293445785958822
4282.0,1097270.0,0.9430605741027165
4283.0,1107590.0,0.9517095284573474
4284.0,1105550.0,0.9497368387112868
4285.0,1083120.0,0.9302531922096807
4286.0,1068030.0,0.9170815141397964
4287.0,1082840.0,0.9295844840688866
4288.0,1092430.0,0.9376018961386765
4289.0,1068880.0,0.9171793893918441
4290.0,1044940.0,0.8964320198391014
4291.0,1045840.0,0.8969993310025239
4292.0,1063470.0,0.9119125060894264
4293.0,1073490.0,0.9202952538204234
4294.0,1069300.0,0.9164951882214271
4295.0,1066290.0,0.9137083510368237
4296.0,1056970.0,0.9055172888425284
4297.0,1031640.0,0.8836174381791496
4298.0,1009870.0,0.8647763168030761
4299.0,981568.0,0.8403517529580927
4300.0,960840.0,0.822421370134649
4301.0,967882.0,0.8282634735885122
4302.0,973630.0,0.832996195285376
4303.0,969427.0,0.8292153759682018
4304.0,972381.0,0.8315570577642831
4305.0,978596.0,0.8366861305897512
4306.0,974134.0,0.8326865862542108
4307.0,948795.0,0.810847489921303
4308.0,922058.0,0.787823879686267
4309.0,922658.0,0.788162833520587
4310.0,930195.0,0.7944264369978401
4311.0,933747.0,0.7972849799967832
4312.0,953559.0,0.8140232245209194
4313.0,1000500.0,0.8539085649826545
4314.0,1054790.0,0.900047682704186
4315.0,1101250.0,0.9394871840893999
4316.0,1141100.0,0.9732720572918427
4317.0,1160910.0,0.9899537357813044
4318.0,1161850.0,0.9905408534194262
4319.0,1159550.0,0.9883664132900823
4320.0,1155560.0,0.9847530916046325
4321.0,1146810.0,0.9770861635472806
4322.0,1122310.0,0.9560067282999728
4323.0,1074270.0,0.9148891408722242
4324.0,1048950.0,0.8931345818553166
4325.0,1060700.0,0.9029463860782545
4326.0,1088820.0,0.9266867338071781
4327.0,1126180.0,0.9582797502794523
4328.0,1148220.0,0.97682650598058
4329.0,1152910.0,0.9806087070247043
4330.0,1153520.0,0.9809201618789845
4331.0,1155960.0,0.982787704406535
4332.0,1157330.0,0.9837453146653524
4333.0,1154720.0,0.9813205504316274
4334.0,1150920.0,0.9778860804483002
4335.0,1147250.0,0.9745638467672402
4336.0,1134680.0,0.9636845889788334
4337.0,1102250.0,0.9359466325594697
4338.0,1051730.0,0.8928631225919903
4339.0,960619.0,0.8153453929758739
4340.0,849144.0,0.720579330041245
4341.0,860744.0,0.7302719914884681
4342.0,988000.0,0.838065474540196
4343.0,1079820.0,0.9157626277905851
4344.0,1116860.0,0.9469804407823571
4345.0,1138690.0,0.9652919408321624
4346.0,1149220.0,0.9740190011688388
4347.0,1148680.0,0.973362412593842
4348.0,1149260.0,0.9736553163122671
4349.0,1157010.0,0.9800216603754802
4350.0,1155490.0,0.9785354066485061
4351.0,1135940.0,0.9617843680889179
4352.0,1119580.0,0.9477408460426489
4353.0,1127800.0,0.9545064747993812
4354.0,1141060.0,0.9655344368698413
4355.0,1139580.0,0.9640882268643006
4356.0,1137010.0,0.9617209907148739
4357.0,1144900.0,0.968200698839871
4358.0,1148680.0,0.9712031823565506
4359.0,1141270.0,0.9647456178160607
4360.0,1140710.0,0.9640803091636452
4361.0,1151320.0,0.9728541551993789
4362.0,1151990.0,0.9732273335941084
4363.0,1142690.0,0.9651794996437888
4364.0,1145670.0,0.9675055176331551
4365.0,1155450.0,0.9755723595477868
4366.0,1150270.0,0.9710077974559211
4367.0,1140630.0,0.9626811789223486
4368.0,1145380.0,0.9665008190986788
4369.0,1150310.0,0.9704711705404048
4370.0,1143950.0,0.9649172496952927
4371.0,1140050.0,0.9614404346164387
4372.0,1142450.0,0.9632772736291111
4373.0,1140160.0,0.9611600524917765
4374.0,1127250.0,0.9500930179839059
4375.0,1114980.0,0.9395699137050909
4376.0,1118680.0,0.9425061887068932
4377.0,1134020.0,0.9552466729417028
4378.0,1146450.0,0.9655318212761717
4379.0,1151880.0,0.9699191490408763
4380.0,1150570.0,0.9686309345953342
4381.0,1148500.0,0.9667038549970467
4382.0,1135950.0,0.9559584099981493
4383.0,1110840.0,0.9346495312626796
4384.0,1109910.0,0.9336900185806472
4385.0,1131530.0,0.9516973546095171
4386.0,1147010.0,0.9645350173683253
4387.0,1152510.0,0.9689774517421651
4388.0,1156340.0,0.9720147586265354
4389.0,1157470.0,0.9727820818284957
4390.0,1155540.0,0.9709781981414798
4391.0,1156190.0,0.97134284811431
4392.0,1158230.0,0.9728752553981603
4393.0,1154490.0,0.9695533237272359
4394.0,1139940.0,0.9571562942256335
4395.0,1130130.0,0.9487434237257341
4396.0,1142530.0,0.9589758301383556
4397.0,1159950.0,0.9734175184692618
4398.0,1164570.0,0.9771145758702391
4399.0,1157370.0,0.9708950443589525
4400.0,1152660.0,0.966766561235063
4401.0,1162090.0,0.9744973474171283
4402.0,1172160.0,0.982762231350948
4403.0,1166650.0,0.977964237281866
4404.0,1146260.0,0.9606971822909602
4405.0,1139400.0,0.9547743635665105
4406.0,1157930.0,0.9701260315308748
4407.0,1172680.0,0.9823061245286876
4408.0,1175870.0,0.9848005620456276
4409.0,1176950.0,0.9855276133714245
4410.0,1179880.0,0.9878035722518965
4411.0,1183940.0,0.9910249251620565
4412.0,1186240.0,0.9927725055514114
4413.0,1182110.0,0.9891394480507213
4414.0,1165870.0,0.9753766940571198
4415.0,1148270.0,0.9604815844193839
4416.0,1151960.0,0.9633971583328119
4417.0,1161950.0,0.9715798531692279
4418.0,1168660.0,0.9770178513417369
4419.0,1180650.0,0.9868676433421457
4420.0,1188810.0,0.9935134872072484
4421.0,1188310.0,0.9929212565050137
4422.0,1186360.0,0.9911181971324611
4423.0,1188270.0,0.9925402895650985
4424.0,1189460.0,0.9933609203469015
4425.0,1185180.0,0.9896141992185147
4426.0,1176470.0,0.9821707467869161
4427.0,1168150.0,0.9750557397013769
4428.0,1173760.0,0.9795688930104984
4429.0,1185550.0,0.9892374808863702
4430.0,1189040.0,0.9919786345898945
4431.0,1190750.0,0.9932344321200349
4432.0,1193610.0,0.9954492075443252
4433.0,1192670.0,0.994494965290691
4434.0,1185780.0,0.9885808835813219
4435.0,1179090.0,0.9828358585589162
4436.0,1183360.0,0.9862273189730447
4437.0,1192770.0,0.9939009666291122
4438.0,1197180.0,0.9974066889576133
4439.0,1197010.0,0.9970964625212938
4440.0,1194890.0,0.9951626138172656
4441.0,1189760.0,0.9907232911245835
4442.0,1179240.0,0.9817982414780464
4443.0,1166100.0,0.970695544525717
4444.0,1165120.0,0.9697175276473183
4445.0,1181470.0,0.9831613297520699
4446.0,1193300.0,0.9928402743023805
4447.0,1192990.0,0.9924173714642315
4448.0,1191260.0,0.9908138670594661
4449.0,1191230.0,0.9906249334458196
4450.0,1188730.0,0.9883826753295359
4451.0,1189890.0,0.989184123519296
4452.0,1195100.0,0.9933519369063927
4453.0,1194390.0,0.9925988812052385
4454.0,1185330.0,0.9849082544952988
4455.0,1180070.0,0.9803774218479883
4456.0,1187060.0,0.9860237680931603
4457.0,1194830.0,0.9923163892115204
4458.0,1195440.0,0.9926618091874395
4459.0,1192680.0,0.9902095302786327
4460.0,1191000.0,0.9886548758825646
4461.0,1186090.0,0.9844202341324363
4462.0,1184920.0,0.9832908636426883
4463.0,1192050.0,0.9890487141402023
4464.0,1195630.0,0.9918600554269522
4465.0,1195350.0,0.9914691805000895
4466.0,1193360.0,0.9896606327650699
4467.0,1186070.0,0.9834583542746487
4468.0,1173830.0,0.9731546022687356
4469.0,1173770.0,0.9729505625304294
4470.0,1187560.0,0.984225492913229
4471.0,1197090.0,0.9919671272365447
4472.0,1201450.0,0.9954231941611738
4473.0,1203330.0,0.9968240853251025
4474.0,1203360.0,0.9966925733097969
4475.0,1201520.0,0.9950128160670849
4476.0,1199980.0,0.9935822964670564
4477.0,1202190.0,0.9952570475858193
4478.0,1205290.0,0.997668279038707
4479.0,1206320.0,0.9983659152234886
4480.0,1204800.0,0.9969535613447416
4481.0,1198790.0,0.9918271233481778
4482.0,1192170.0,0.9861979669542124
4483.0,1195440.0,0.9887508906752543
4484.0,1203080.0,0.9949172187213104
4485.0,1206500.0,0.997592664643846
4486.0,1207060.0,0.9979031763231796
4487.0,1206700.0,0.997453434068863
4488.0,1205440.0,0.9962603142509256
4489.0,1203220.0,0.9942745739973912
4490.0,1202770.0,0.9937521515912541
4491.0,1205060.0,0.9954936931303319
4492.0,1206730.0,0.9967229137884104
4493.0,1204830.0,0.9950038010082954
4494.0,1199650.0,0.9905771431370494
4495.0,1198610.0,0.9895700929573186
4496.0,1202930.0,0.9929881912826029
4497.0,1206370.0,0.9956792631391282
4498.0,1207970.0,0.9968514165007261
4499.0,1206590.0,0.9955647093904232
4500.0,1196980.0,0.9874890709672226
4501.0,1184390.0,0.9769580357660075
4502.0,1189220.0,0.980797380283205
4503.0,1203780.0,0.9926594301959595
4504.0,1210470.0,0.9980294969289946
4505.0,1211480.0,0.998715830484556
4506.0,1211070.0,0.9982318213364297
4507.0,1209920.0,0.9971383944627623
4508.0,1208730.0,0.9960126263436033
4509.0,1209860.0,0.996798924510286
4510.0,1211760.0,0.9982196022468957
4511.0,1211830.0,0.9981328751252719
4512.0,1211360.0,0.9976017615582194
4513.0,1211300.0,0.9974087021350067
4514.0,1210710.0,0.9967796466800007
4515.0,1209800.0,0.9958876507618445
4516.0,1210390.0,0.9962308063467427
4517.0,1211000.0,0.996590619669464
4518.0,1210700.0,0.9962018504641693
4519.0,1211240.0,0.9965045679634438
4520.0,1211630.0,0.9966841056051418
4521.0,1210420.0,0.9955479175737021
4522.0,1206790.0,0.9924222212311126
4523.0,1205790.0,0.9914602156640426
4524.0,1208750.0,0.9937544238722034
4525.0,1210530.0,0.9950782990270406
4526.0,1210960.0,0.9952925263643241
4527.0,1207110.0,0.9919897295171204
4528.0,1198500.0,0.9847769738002194
4529.0,1196690.0,0.9831531240245586
4530.0,1203070.0,0.988257659818644
4531.0,1205530.0,0.9901414460953581
4532.0,1200340.0,0.9857426715154446
4533.0,1183960.0,0.9721572157098224
4534.0,1174110.0,0.9639368685095573
4535.0,1187270.0,0.9746075323727446
4536.0,1204180.0,0.988353440697714
4537.0,1213440.0,0.9958178553580794
4538.0,1216980.0,0.9985870057029814
4539.0,1217580.0,0.9989436168700287
4540.0,1217010.0,0.9983406426133514
4541.0,1216040.0,0.9974100350585334
4542.0,1216300.0,0.9974886903685298
4543.0,1217090.0,0.9980022064740759
4544.0,1216400.0,0.9973024483884182
4545.0,1215700.0,0.9965949665533921
4546.0,1216520.0,0.9971338442502848
4547.0,1215860.0,0.9964599271468583
4548.0,1206000.0,0.9882476038231557
4549.0,1186830.0,0.9724097496984675
4550.0,1184470.0,0.9703475477005512
4551.0,1202550.0,0.9850289152051819
4552.0,1210490.0,0.9914019371085917
4553.0,1200200.0,0.9828449960388498
4554.0,1189420.0,0.9738893739243017
4555.0,1196480.0,0.979541738994183
4556.0,1208820.0,0.989515000681212
4557.0,1216210.0,0.9954344991687355
4558.0,1219130.0,0.9976946402312201
4559.0,1219820.0,0.9981297554039485
4560.0,1220400.0,0.9984750414939164
4561.0,1220170.0,0.9981578995777013
4562.0,1214720.0,0.9935714580639483
4563.0,1201300.0,0.9824683099560766
4564.0,1196290.0,0.9782454204988477
4565.0,1208610.0,0.9881933797549917
4566.0,1219320.0,0.9968228579871643
4567.0,1222380.0,0.9991971538245421
4568.0,1222720.0,0.9993480250454984
4569.0,1221870.0,0.9985266533760353
4570.0,1216130.0,0.9937101063626471
4571.0,1201920.0,0.9819750170083551
4572.0,1194230.0,0.9755693621355478
4573.0,1206290.0,0.985297383524051
4574.0,1219230.0,0.9957419286008318
4575.0,1222690.0,0.9984428097334833
4576.0,1222640.0,0.9982773991163969
4577.0,1222880.0,0.9983490574857743
4578.0,1223370.0,0.9986250444137802
4579.0,1223190.0,0.9983543896500283
4580.0,1222490.0,0.997659709039698
4581.0,1222090.0,0.9972102687235281
4582.0,1220670.0,0.9959290061776455
4583.0,1216020.0,0.9920133377025387
4584.0,1213830.0,0.9901054895029553
4585.0,1218250.0,0.9935894099790628
4586.0,1222520.0,0.9969504263981582
4587.0,1224220.0,0.9982153450551062
4588.0,1223760.0,0.9977192001469161
4589.0,1220950.0,0.9953077455103664
4590.0,1219040.0,0.9936307258664637
4591.0,1220780.0,0.9949291086279055
4592.0,1222090.0,0.9958770409266948
4593.0,1222950.0,0.9964583535505929
4594.0,1225010.0,0.9980174358974743
4595.0,1226360.0,0.9989980439340599
4596.0,1226840.0,0.9992700640297271
4597.0,1227020.0,0.9992979631051665
4598.0,1227140.0,0.9992772631723269
4599.0,1227160.0,0.9991754124334209
4600.0,1226530.0,0.9985446723096371
4601.0,1225140.0,0.9972956862132352
4602.0,1222600.0,0.9951112381746345
4603.0,1221300.0,0.9939367212132997
4604.0,1224110.0,0.9961072129547578
4605.0,1227070.0,0.9983995079133656
4606.0,1228040.0,0.9990725668845778
4607.0,1228180.0,0.9990705639234818
4608.0,1228430.0,0.9991582938538878
4609.0,1228820.0,0.9993601232935534
4610.0,1228630.0,0.9990905269374536
4611.0,1228050.0,0.9985041524807462
4612.0,1228150.0,0.9984710052695279
4613.0,1228650.0,0.9987632841600277
4614.0,1229120.0,0.9990313724933895
4615.0,1229150.0,0.998942067452584
4616.0,1228610.0,0.9983898503572026
4617.0,1228650.0,0.9983092822301016
4618.0,1229000.0,0.9984808453739279
4619.0,1229120.0,0.9984657894520657
4620.0,1229560.0,0.998710915059894
4621.0,1230200.0,0.9991186751425516
4622.0,1230680.0,0.9993966702273004
4623.0,1230940.0,0.9994962250567856
4624.0,1230960.0,0.9994011613585972
4625.0,1230630.0,0.9990222460074181
4626.0,1230430.0,0.9987491925271739
4627.0,1230390.0,0.9986063137020694
4628.0,1228670.0,0.9971003540188806
4629.0,1225870.0,0.9947186262622573
4630.0,1226930.0,0.9954694856014848
4631.0,1230400.0,0.9981755724664959
4632.0,1231660.0,0.9990886298326995
4633.0,1231550.0,0.9988905560829557
4634.0,1231790.0,0.998976626797445
4635.0,1231990.0,0.9990304949517247
4636.0,1231820.0,0.9987846000316037
4637.0,1231760.0,0.9986281904892584
4638.0,1232130.0,0.998820643459118
4639.0,1232810.0,0.999264579088922
4640.0,1233420.0,0.9996519371446143
4641.0,1233890.0,0.9999260087958017
4642.0,1234080.0,0.9999733883966053
4643.0,1234030.0,0.9998265566155145
4644.0,1233790.0,0.9995260812673237
4645.0,1232590.0,0.9984482791922753
4646.0,1230920.0,0.9969902740806923
4647.0,1231080.0,0.9970148861084069
4648.0,1232500.0,0.99806006923333
4649.0,1233670.0,0.9989028550499222
4650.0,1234060.0,0.9991142111838427
4651.0,1233190.0,0.9983057604270219
4652.0,1232290.0,0.997473440557802
4653.0,1232520.0,0.9975561191747668
4654.0,1232380.0,0.9973395923537793
4655.0,1232270.0,0.9971476307617382
4656.0,1232650.0,0.9973524180171026
4657.0,1233080.0,0.9975978584839358
4658.0,1234480.0,0.9986281701733078
4659.0,1235910.0,0.9996827803541973
4660.0,1236520.0,1.0000742179215796
4661.0,1236600.0,1.0000372083450437
4662.0,1236460.0,0.9998225532199266
4663.0,1236450.0,0.9997132934075234
4664.0,1236690.0,0.9998064109157571
4665.0,1236760.0,0.9997623278900684
4666.0,1235940.0,0.9989991159092042
4667.0,1234320.0,0.9975897296341474
4668.0,1233950.0,0.9971910267579783
4669.0,1235110.0,0.9980289572875914
4670.0,1235900.0,0.9985680119385869
4671.0,1236610.0,0.9990425674663193
4672.0,1237270.0,0.9994768773036945
4673.0,1237400.0,0.9994832436821717
4674.0,1237620.0,0.9995625353201888
4675.0,1237960.0,0.9997389574851623
4676.0,1238240.0,0.9998671330437087
4677.0,1238290.0,0.9998098159311598
4678.0,1237880.0,0.9993813735350245
4679.0,1237470.0,0.9989532507785972
4680.0,1237560.0,0.9989290350437396
4681.0,1237370.0,0.9986790719093814
4682.0,1237190.0,0.9984374622409191
4683.0,1238050.0,0.9990353540409027
4684.0,1239000.0,0.9997059831149926
4685.0,1239330.0,0.9998765092030073
4686.0,1239460.0,0.9998858942879417
4687.0,1239660.0,0.9999519753893525
4688.0,1239930.0,1.0000747360084095
4689.0,1240040.0,1.0000686691072762
4690.0,1239790.0,0.999772530014152
4691.0,1239450.0,0.9994041091828764
4692.0,1239710.0,0.999519740935247
4693.0,1240280.0,0.9998854970472127
4694.0,1240570.0,1.0000257069814653
4695.0,1240770.0,1.0000935788451195
4696.0,1240940.0,1.0001374896847062
4697.0,1240940.0,1.0000446231403068
4698.0,1240790.0,0.9998311329421613
4699.0,1240810.0,0.9997548849486844
4700.0,1240920.0,0.9997513884621331
4701.0,1239910.0,0.9988458720334914
4702.0,1236240.0,0.9957981049226793
4703.0,1233450.0,0.9934599024888024
4704.0,1236360.0,0.9957128956080136
4705.0,1240120.0,0.9986501966011515
4706.0,1240920.0,0.9992037624149002
4707.0,1240150.0,0.9984933853212349
4708.0,1239640.0,0.9979926793534426
4709.0,1239970.0,0.9981684836152208
4710.0,1240900.0,0.9988274339641608
4711.0,1241910.0,0.9995508785270445
4712.0,1242460.0,0.9999042201112858
4713.0,1242070.0,0.9995012988564543
4714.0,1241070.0,0.9986078456804495
4715.0,1241130.0,0.99856761106049
4716.0,1242260.0,0.9993884127007233
4717.0,1243060.0,0.9999438327783442
4718.0,1243320.0,1.0000650279119006
4719.0,1243420.0,1.0000577387567726
4720.0,1243530.0,1.0000587143954303
4721.0,1243460.0,0.9999151658319453
4722.0,1243320.0,0.9997155780902576
4723.0,1243610.0,0.9998619651332112
4724.0,1244070.0,1.0001452148283423
4725.0,1244300.0,1.0002437472364778
4726.0,1244190.0,1.000069192870619
4727.0,1243870.0,0.9997261057223872
4728.0,1243810.0,0.9995922457852643
4729.0,1244070.0,0.999715773952569
4730.0,1244190.0,0.9997270064740569
4731.0,1243910.0,0.9994170752234663
4732.0,1243710.0,0.9991716839134654
4733.0,1243580.0,0.998982782510281
4734.0,1243790.0,0.9990672321843367
4735.0,1244070.0,0.9992081057846329
4736.0,1243170.0,0.9984015020866679
4737.0,1242700.0,0.9979405565672741
4738.0,1244020.0,0.9989172281451146
4739.0,1245190.0,0.9997735150228133
4740.0,1245390.0,0.9998511172010731
4741.0,1245240.0,0.9996479489314906
4742.0,1245380.0,0.9996778132491319
4743.0,1245880.0,0.9999968371372838
4744.0,1246280.0,1.000235763591266
4745.0,1246380.0,1.0002341098758618
4746.0,1246430.0,1.0001925461980083
4747.0,1246600.0,1.0002474866444813
4748.0,1246740.0,1.0002785600358324
4749.0,1246730.0,1.0001895018300355
4750.0,1246720.0,1.0001006686427925
4751.0,1246730.0,1.0000281024373316
4752.0,1246600.0,0.9998434698741079
4753.0,1246060.0,0.9993302596467504
4754.0,1245580.0,0.9988654562396005
4755.0,1246110.0,0.9992108182650004
4756.0,1246770.0,0.9996605675922653
4757.0,1247060.0,0.9998138108982829
4758.0,1247340.0,0.9999592208596709
4759.0,1247550.0,1.0000487024755
4760.0,1247520.0,0.9999460056867939
4761.0,1246890.0,0.9993626411123957
4762.0,1245770.0,0.9983868775081589
4763.0,1245100.0,0.9977720834581394
4764.0,1245380.0,0.9979188220956959
4765.0,1246320.0,0.9985945574472861
4766.0,1247180.0,0.9992062988287522
4767.0,1247820.0,0.9996419056347424
4768.0,1248310.0,0.9999574919923168
4769.0,1248630.0,1.0001370657081903
4770.0,1248720.0,1.0001326022887345
4771.0,1248290.0,0.9997118927640729
4772.0,1247490.0,0.9989951524624068
4773.0,1247370.0,0.9988232287163475
4774.0,1248290.0,0.9994842427988524
4775.0,1248890.0,0.9998891593134552
4776.0,1249070.0,0.9999579799612618
4777.0,1249390.0,1.0001390614096897
4778.0,1249300.0,0.999992135065656
4779.0,1248200.0,0.9990370448616074
4780.0,1247310.0,0.9982503644618913
4781.0,1248080.0,0.9987924370077497
4782.0,1248520.0,0.9990705607426037
4783.0,1247700.0,0.9983406594687692
4784.0,1247910.0,0.9984351523573416
4785.0,1249070.0,0.9992898548246758
4786.0,1249240.0,0.9993526606422398
4787.0,1249070.0,0.9991436850435323
4788.0,1249070.0,0.999070911538154
4789.0,1248680.0,0.998686425498003
4790.0,1248980.0,0.9988540089280086
4791.0,1249970.0,0.9995735416307299
4792.0,1250400.0,0.9998453785612235
4793.0,1250500.0,0.999853515760936
4794.0,1250680.0,0.9999258070568747
4795.0,1250850.0,0.9999902879900812
4796.0,1250900.0,0.9999590268476393
4797.0,1250630.0,0.9996721767526269
4798.0,1250070.0,0.9991537700063714
4799.0,1250110.0,0.9991151625707327
4800.0,1250840.0,0.9996281773110163
4801.0,1251380.0,0.9999894813799857
4802.0,1251510.0,1.0000233148643904
4803.0,1250890.0,0.9994580870715095
4804.0,1248900.0,0.9977985788581443
4805.0,1247260.0,0.9964191022496959
4806.0,1248590.0,0.997412535278437
4807.0,1250720.0,0.9990450413732544
4808.0,1251720.0,0.9997749573327329
4809.0,1251940.0,0.9998820028302087
4810.0,1251720.0,0.9996378337748629
4811.0,1251650.0,0.9995136703749908
4812.0,1251920.0,0.999661203103598
4813.0,1252060.0,0.9997051055287669
4814.0,1251860.0,0.9994777356659849
4815.0,1251890.0,0.9994342021016535
4816.0,1252380.0,0.9997580731353485
4817.0,1252700.0,0.9999463876592903
4818.0,1252740.0,0.9999113729945585
4819.0,1252740.0,0.9998446239411788
4820.0,1252800.0,0.9998259538903911
4821.0,1252690.0,0.9996718083935983
4822.0,1251640.0,0.9987677793132292
4823.0,1249710.0,0.9971618896956894
4824.0,1249340.0,0.9968010609604365
4825.0,1251150.0,0.9981796889667003
4826.0,1252590.0,0.9992631500760683
4827.0,1252980.0,0.9995090628546142
4828.0,1252880.0,0.9993642771724586
4829.0,1252770.0,0.9992117178860178
4830.0,1252920.0,0.9992667247927136
4831.0,1252910.0,0.9991943079136106
4832.0,1252790.0,0.9990343640264083
4833.0,1252850.0,0.9990181546874062
4834.0,1252990.0,0.9990659174818015
4835.0,1253090.0,0.9990819645958523
4836.0,1253300.0,0.9991858884881648
4837.0,1253550.0,0.9993218687061001
4838.0,1253380.0,0.99912321319336
4839.0,1252720.0,0.9985341885547044
4840.0,1252180.0,0.9980410641439506
4841.0,1252190.0,0.9979865283535778
4842.0,1252430.0,0.9981154767427209
4843.0,1252580.0,0.9981728688765531
4844.0,1252920.0,0.9983818342692321
4845.0,1253080.0,0.998447530549151
4846.0,1252730.0,0.998107058106144
4847.0,1252320.0,0.9977190051713417
4848.0,1251870.0,0.9972993130582462
4849.0,1251560.0,0.9969913749608696
4850.0,1251460.0,0.9968509285251373
4851.0,1250760.0,0.9962327762494488
4852.0,1249560.0,0.9952166500751507
4853.0,1248190.0,0.9940654354353596
4854.0,1245750.0,0.9920624341842962
4855.0,1241910.0,0.9889450167723194
4856.0,1237020.0,0.9849920738414986
4857.0,1228630.0,0.9782530276323776
4858.0,1208660.0,0.9622953430594035
4859.0,1153310.0,0.9181730046186873
4860.0,1027480.0,0.8179488482037854
4861.0,897881.0,0.7147364552161557
4862.0,934737.0,0.7440310302854616
4863.0,1084470.0,0.8631647521573114
4864.0,1182440.0,0.9410872417675628
4865.0,1219110.0,0.9702158440955356
4866.0,1233370.0,0.9815075013248106
4867.0,1240930.0,0.9874665149277273
4868.0,1245630.0,0.99114930681745
4869.0,1247710.0,0.9927472301965575
4870.0,1244460.0,0.9901045431235734
4871.0,1236770.0,0.9839300260364475
4872.0,1236260.0,0.9834682112284279
4873.0,1245140.0,0.9904761180189545
4874.0,1252060.0,0.9959243613338097
4875.0,1254020.0,0.9974270578299695
4876.0,1254030.0,0.9973788467453136
4877.0,1252570.0,0.9961617310652057
4878.0,1250800.0,0.9946983964975784
4879.0,1252440.0,0.9959470474811114
4880.0,1255400.0,0.998245343774909
4881.0,1256160.0,0.9987942990643279
4882.0,1255640.0,0.9983256716217789
4883.0,1254860.0,0.9976505596284276
4884.0,1254620.0,0.9974049852202629
4885.0,1255460.0,0.9980181461025238
4886.0,1256220.0,0.9985678187307846
4887.0,1256560.0,0.998783762659261
4888.0,1256320.0,0.9985388622302694
4889.0,1253170.0,0.9959813789593563
4890.0,1243010.0,0.9878533065072304
4891.0,1232680.0,0.979591179803293
4892.0,1238220.0,0.9839410665690658
4893.0,1251510.0,0.9944487987346899
4894.0,1257760.0,0.9993618992635485
4895.0,1258950.0,1.0002544021758613
4896.0,1259150.0,1.000360451373933
4897.0,1259170.0,1.0003236604384256
4898.0,1258850.0,1.0000169494182278
4899.0,1257820.0,0.9991464517909842
4900.0,1256920.0,0.9983794726817454
4901.0,1257360.0,0.9986770559636131
4902.0,1257080.0,0.9984029344238258
4903.0,1255430.0,0.9970409777104872
4904.0,1255750.0,0.9972437876431923
4905.0,1257880.0,0.998884066367697
4906.0,1259180.0,0.9998652734377506
4907.0,1259370.0,0.9999651848540797
4908.0,1259160.0,0.9997476611504651
4909.0,1258600.0,0.9992524476357924
4910.0,1257770.0,0.9985430982679826
4911.0,1257660.0,0.9984055662538073
4912.0,1258470.0,0.9989985293247352
4913.0,1259140.0,0.9994804709658488
4914.0,1259620.0,0.9998117210847582
4915.0,1260200.0,1.0002224758168048
4916.0,1260320.0,1.0002682728082513
4917.0,1258360.0,0.9986634969354733
4918.0,1251350.0,0.9930514466420467
4919.0,1240530.0,0.9844167054418043
4920.0,1233370.0,0.9786872067907074
4921.0,1238280.0,0.9825355891036848
4922.0,1247710.0,0.9899700649501363
4923.0,1243860.0,0.9868677515087767
4924.0,1238050.0,0.9822109303501834
4925.0,1246900.0,0.9891847219746155
4926.0,1257320.0,0.9974034584189979
4927.0,1260600.0,0.9999578486676387
4928.0,1261040.0,1.0002594708864403
4929.0,1261180.0,1.0003232835396827
4930.0,1261140.0,1.0002444956846748
4931.0,1260670.0,0.9998248549612202
4932.0,1256930.0,0.996812138569037
4933.0,1244100.0,0.9865913545599584
4934.0,1232880.0,0.977648383145105
4935.0,1241720.0,0.9846128353408444
4936.0,1255220.0,0.9952717544640124
4937.0,1259050.0,0.9982628106649744
4938.0,1257280.0,0.9968138932062964
4939.0,1255210.0,0.9951274369840504
4940.0,1256530.0,0.996128764037748
4941.0,1259650.0,0.9985570753269039
4942.0,1261460.0,0.9999469124433112
4943.0,1262060.0,1.0003776818020076
4944.0,1262270.0,1.0004994604178412
4945.0,1262180.0,1.0003836223709957
4946.0,1261890.0,1.000109454265284
4947.0,1262030.0,1.0001762608072995
4948.0,1262440.0,1.0004572003093721
4949.0,1262550.0,1.0005005514889307
4950.0,1262490.0,1.0004093589191636
4951.0,1262650.0,1.0004926665972047
4952.0,1262880.0,1.0006316007383909
4953.0,1262970.0,1.0006597698246222
4954.0,1262870.0,1.0005375746246472
4955.0,1260750.0,0.9988152372643692
4956.0,1249420.0,0.9897970069237169
4957.0,1229960.0,0.9743393566672354
4958.0,1229630.0,0.9740367830560017
4959.0,1249110.0,0.9894259963248319
4960.0,1260920.0,0.9987388965237942
4961.0,1263290.0,1.0005743442076567
4962.0,1263480.0,1.0006832372536167
4963.0,1263530.0,1.0006814156170252
4964.0,1263360.0,1.000505537900837
4965.0,1262600.0,0.9998626197714805
4966.0,1261950.0,0.9993070311883473
4967.0,1262340.0,0.9995751752796658
4968.0,1262970.0,1.000033502894762
4969.0,1263280.0,1.0002385949660653
4970.0,1263420.0,1.0003092444075738
4971.0,1263510.0,1.00034047339511
4972.0,1263590.0,1.0003639541057083
4973.0,1263670.0,1.000387604073377
4974.0,1263900.0,1.0005301665559696
4975.0,1264080.0,1.000633309572885
4976.0,1264110.0,1.0006178819787832
4977.0,1264050.0,1.0005313894613543
4978.0,1263800.0,1.0002946905937782
4979.0,1263260.0,0.9998286561053485
4980.0,1261410.0,0.9983260470673687
4981.0,1257170.0,0.9949322635568778
4982.0,1254420.0,0.9927180605308296
4983.0,1256430.0,0.9942710038641516
4984.0,1259160.0,0.9963937481000786
4985.0,1260670.0,0.9975511340660795
4986.0,1262180.0,0.9987086046840781
4987.0,1263780.0,0.9999373710780851
4988.0,1264370.0,1.0003671081053396
4989.0,1263670.0,0.9997763776334969
4990.0,1261070.0,0.9976826970930021
4991.0,1258720.0,0.9957871195025357
4992.0,1260110.0,0.9968504988530416
4993.0,1261110.0,0.9976054619546726
4994.0,1260280.0,0.9969129667876961
4995.0,1261770.0,0.9980558054908507
4996.0,1263980.0,0.999768231872256
4997.0,1264490.0,1.0001361103706354
4998.0,1263240.0,0.9991121297316683
4999.0,1260790.0,0.9971393323835558
5000.0,1260260.0,0.9966852909194877
5001.0,1261450.0,0.9975916798982176
5002.0,1262210.0,0.9981581335815863
5003.0,1263370.0,0.9990410306571107
5004.0,1263120.0,0.9988090858119857
5005.0,1258700.0,0.9952800248101346
5006.0,1253620.0,0.9912295184528754
5007.0,1254960.0,0.9922555406247887
5008.0,1260540.0,0.9966339813763474
5009.0,1264090.0,0.999407354913659
5010.0,1263530.0,0.9989314010418952
5011.0,1258400.0,0.9948427852775585
5012.0,1253200.0,0.9906992743774251
5013.0,1254540.0,0.9917261413264591
5014.0,1257580.0,0.994096936393715
5015.0,1260060.0,0.9960250935400963
5016.0,1261090.0,0.996807171441187
5017.0,1253880.0,0.9910764129529279
5018.0,1240780.0,0.980690839734145
5019.0,1242170.0,0.9817583770040208
5020.0,1255820.0,0.9925154955071024
5021.0,1263020.0,0.998174625463321
5022.0,1263790.0,0.9987520545712572
5023.0,1263910.0,0.9988159536616319
5024.0,1264700.0,0.9994094799931509
5025.0,1265200.0,0.9997739831967107
5026.0,1265470.0,0.9999568957408222
5027.0,1265460.0,0.9999187262634128
5028.0,1265460.0,0.9998886350476782
5029.0,1265610.0,0.9999772374956318
5030.0,1265140.0,0.9995761527421309
5031.0,1264640.0,0.9991515644446816
5032.0,1265360.0,0.9996910304783728
5033.0,1266180.0,1.0003096419210844
5034.0,1265850.0,1.0000198938170073
5035.0,1264550.0,0.9989640608839221
5036.0,1263920.0,0.9984377323280594
5037.0,1264720.0,0.9990412097382918
5038.0,1265090.0,0.9993051673165658
5039.0,1263710.0,0.9981869844584155
5040.0,1259790.0,0.9950627848335449
5041.0,1254950.0,0.9912122793880463
5042.0,1255820.0,0.9918720348436529
5043.0,1261880.0,0.9966309825182066
5044.0,1265630.0,0.9995654598995989
5045.0,1266630.0,1.0003281254445675
5046.0,1266900.0,1.0005144195420546
5047.0,1266680.0,1.0003139200847835
5048.0,1265150.0,0.9990791104556324
5049.0,1261560.0,0.996217818991584
5050.0,1258190.0,0.9935305765716995
5051.0,1256870.0,0.9924623912505064
5052.0,1258650.0,0.9938422262118594
5053.0,1263480.0,0.9976304128338637
5054.0,1266500.0,0.9999894610167012
5055.0,1267170.0,1.000493124857501
5056.0,1267220.0,1.0005074315462872
5057.0,1267230.0,1.0004903336986477
5058.0,1267230.0,1.0004655184314777
5059.0,1267160.0,1.0003856181373942
5060.0,1267100.0,1.000313793020729
5061.0,1267230.0,1.0003921403133864
5062.0,1267280.0,1.0004075076397467
5063.0,1266630.0,0.9998704751773859
5064.0,1264990.0,0.9985521634382148
5065.0,1264280.0,0.9979681927568855
5066.0,1265620.0,0.9990025700884148
5067.0,1266350.0,0.9995555908870943
5068.0,1265390.0,0.9987748428798672
5069.0,1264970.0,0.9984205210762558
5070.0,1266200.0,0.9993686814494946
5071.0,1267030.0,1.000001276963227
5072.0,1266970.0,0.9999316062816076
5073.0,1266930.0,0.9998779004805256
5074.0,1266900.0,0.9998322665821755
5075.0,1266860.0,0.999778920526527
5076.0,1267120.0,0.9999625029688415
5077.0,1267170.0,0.9999805349059744
5078.0,1265800.0,0.9988781822169821
5079.0,1262950.0,0.9966081691184665
5080.0,1261800.0,0.9956798899160713
5081.0,1263310.0,0.9968507754670313
5082.0,1263730.0,0.9971617123721066
5083.0,1262160.0,0.9959026122173786
5084.0,1263070.0,0.9966005358373373
5085.0,1266010.0,0.9989003086720544
5086.0,1267170.0,0.9997957500719504
5087.0,1266900.0,0.9995630882775783
5088.0,1267020.0,0.9996383115711774
5089.0,1267560.0,1.0000450706731305
5090.0,1267690.0,1.00012852833982
5091.0,1267690.0,1.0001096016106625
5092.0,1267890.0,1.0002486360167098
5093.0,1268070.0,1.000372066269485
5094.0,1268130.0,1.000401005483812
5095.0,1268050.0,1.0003196816663895
5096.0,1267730.0,1.0000492158342043
5097.0,1266990.0,0.9994476276180435
5098.0,1265860.0,0.9985385991633418
5099.0,1265470.0,0.9982134999590566
5100.0,1266530.0,0.9990323436076691
5101.0,1267630.0,0.9998828895275279
5102.0,1268020.0,1.0001735606400852
5103.0,1268030.0,1.0001646747061965
5104.0,1267900.0,1.0000455448592593
5105.0,1267240.0,0.999508572394486
5106.0,1265000.0,0.9977256259579635
5107.0,1261120.0,0.9946494431312998
5108.0,1260300.0,0.9939869310416666
5109.0,1261230.0,0.9947048058343991
5110.0,1259030.0,0.9929543122974687
5111.0,1260290.0,0.9939327945020775
5112.0,1265360.0,0.997916152274484
5113.0,1267910.0,0.9999122215834564
5114.0,1268300.0,1.0002049955235446
5115.0,1268250.0,1.0001509541013207
5116.0,1268300.0,1.0001759542460287
5117.0,1268440.0,1.0002721067751983
5118.0,1268500.0,1.000305351292673
5119.0,1268470.0,1.000267804916499
5120.0,1268400.0,1.0001988982269854
5121.0,1268190.0,1.0000197784485536
5122.0,1267220.0,0.9992415611442047
5123.0,1265120.0,0.997572517513832
5124.0,1264210.0,0.9968420247232244
5125.0,1265480.0,0.9978306606480538
5126.0,1265990.0,0.9982201998783462
5127.0,1264990.0,0.9974193053791041
5128.0,1264420.0,0.9969576536377719
5129.0,1264710.0,0.9971742701486745
5130.0,1266020.0,0.9981952827609506
5131.0,1267250.0,0.9991533767711855
5132.0,1267230.0,0.9991260871864417
5133.0,1266270.0,0.9983578583695493
5134.0,1266140.0,0.9982442091107243
5135.0,1267400.0,0.9992266239491359
5136.0,1267700.0,0.9994523304001734
5137.0,1266340.0,0.9983694791231473
5138.0,1262550.0,0.9953710564026748
5139.0,1257190.0,0.9911351207852886
5140.0,1258200.0,0.9919213283143458
5141.0,1263050.0,0.9957349809976527
5142.0,1263470.0,0.9960563361549214
5143.0,1263120.0,0.9957708278959005
5144.0,1265590.0,0.9977085942132603
5145.0,1267560.0,0.9992523246820713
5146.0,1267810.0,0.999440279164566
5147.0,1267660.0,0.999313067077745
5148.0,1267650.0,0.9992963810020762
5149.0,1267270.0,0.9989881841144859
5150.0,1265150.0,0.9973085216214119
5151.0,1263030.0,0.9956290443492284
5152.0,1263840.0,0.9962594098146842
5153.0,1265270.0,0.9973786489650094
5154.0,1265620.0,0.9976466951692715
5155.0,1266700.0,0.9984903200155162
5156.0,1268080.0,0.9995705596644422
5157.0,1268750.0,1.0000912762624543
5158.0,1268910.0,1.0002101299999562
5159.0,1268910.0,1.0002030117698073
5160.0,1268860.0,1.000156628628582
5161.0,1268410.0,0.9997951007021788
5162.0,1267790.0,0.9992997241023562
5163.0,1267850.0,0.9993404842551268
5164.0,1267270.0,0.9988769301354721
5165.0,1260100.0,0.9932192402662989
5166.0,1233020.0,0.9718686597500504
5167.0,1192790.0,0.9401536791866468
5168.0,1185060.0,0.9340554599854987
5169.0,1210670.0,0.9542356276310348
5170.0,1235890.0,0.9741083045500087
5171.0,1233820.0,0.9724714775019196
5172.0,1209250.0,0.9531008546852813
5173.0,1209390.0,0.9532062679790712
5174.0,1241020.0,0.9781311872206564
5175.0,1263080.0,0.9955132615370087
5176.0,1268470.0,0.9997566752253699
5177.0,1269070.0,1.00022490858226
5178.0,1269190.0,1.0003149495623571
5179.0,1269220.0,1.000334180166642
5180.0,1269000.0,1.0001564968779948
5181.0,1266140.0,0.9978982413419127
5182.0,1249950.0,0.9851342325975007
5183.0,1218340.0,0.960217388626324
5184.0,1212960.0,0.9559735742545562
5185.0,1242020.0,0.9788730969020152
5186.0,1261430.0,0.9941671396149012
5187.0,1264170.0,0.9963231552434975
5188.0,1259620.0,0.992733861514514
5189.0,1257810.0,0.9913041488929967
5190.0,1260880.0,0.9937205644190951
5191.0,1258800.0,0.9920782851181856
5192.0,1254640.0,0.9887968499114891
5193.0,1256590.0,0.9903308901147656
5194.0,1259000.0,0.992227556164424
5195.0,1258930.0,0.9921698139966836
5196.0,1262140.0,0.994697154708165
5197.0,1265180.0,0.9970906074273274
5198.0,1265900.0,0.9976557577040811
5199.0,1266770.0,0.9983392197429279
5200.0,1267550.0,0.9989518485889156
5201.0,1267090.0,0.9985873343817362
5202.0,1265220.0,0.9971117057587161
5203.0,1261010.0,0.9937920417529624
5204.0,1252060.0,0.9867369323449265
5205.0,1243960.0,0.9803518138173216
5206.0,1243730.0,0.9801690598390784
5207.0,1247230.0,0.9829259599474854
5208.0,1244900.0,0.9810883978539551
5209.0,1248170.0,0.9836642033431359
5210.0,1258970.0,0.9921743617684404
5211.0,1265350.0,0.9972012573615423
5212.0,1267930.0,0.9992335127301708
5213.0,1268750.0,0.999878823113567
5214.0,1267680.0,0.9990347407391078
5215.0,1264200.0,0.9962914660378818
5216.0,1260880.0,0.9936743671749385
5217.0,1262260.0,0.9947613233495032
5218.0,1266210.0,0.9978737183598729
5219.0,1268460.0,0.999646452025581
5220.0,1269040.0,1.0001031676930696
5221.0,1269150.0,1.0001895596731567
5222.0,1269150.0,1.0001893352354982
5223.0,1268960.0,1.000039446999837
5224.0,1267760.0,0.9990936699059705
5225.0,1261040.0,0.9937977713719311
5226.0,1242710.0,0.9793523545812929
5227.0,1228850.0,0.9684297090359689
5228.0,1241800.0,0.9786354994890915
5229.0,1260100.0,0.9930575761642098
5230.0,1266130.0,0.9978099982446704
5231.0,1265140.0,0.9970301707920206
5232.0,1257990.0,0.9913958344767654
5233.0,1252310.0,0.9869200292282865
5234.0,1257240.0,0.9908058101114658
5235.0,1264190.0,0.9962835824593083
5236.0,1267540.0,0.9989243372928305
5237.0,1268620.0,0.9997762208502586
5238.0,1268790.0,0.9999110241327147
5239.0,1268640.0,0.9997937172656194
5240.0,1268550.0,0.9997237742659111
5241.0,1268680.0,0.9998272916728677
5242.0,1268640.0,0.9997969195476049
5243.0,1268640.0,0.999798158466063
5244.0,1268840.0,0.9999571054315276
5245.0,1268800.0,0.9999270049329553
5246.0,1268330.0,0.9995581219296361
5247.0,1267830.0,0.999165694121882
5248.0,1267930.0,0.9992462224647664
5249.0,1267960.0,0.9992716892979586
5250.0,1267290.0,0.9987455970010535
5251.0,1267300.0,0.9987555191322014
5252.0,1268130.0,0.99941179568376
5253.0,1268410.0,0.9996347360493302
5254.0,1268010.0,0.9993218868863452
5255.0,1267730.0,0.9991037307062888
5256.0,1268190.0,0.9994688970924847
5257.0,1268760.0,0.9999208851418592
5258.0,1268910.0,1.0000419997558996
5259.0,1268810.0,0.9999662202560602
5260.0,1268380.0,0.9996304984105789
5261.0,1267010.0,0.9985540821597557
5262.0,1265080.0,0.9970364526423894
5263.0,1263820.0,0.9960470001400924
5264.0,1262840.0,0.9952783632218185
5265.0,1260650.0,0.9935562330008137
5266.0,1257490.0,0.9910697523954164
5267.0,1256910.0,0.9906167988116961
5268.0,1248470.0,0.9839692183160197
5269.0,1220740.0,0.9621184478162883
5270.0,1207310.0,0.9515381414535562
5271.0,1231530.0,0.9706317846183005
5272.0,1257260.0,0.9909158965385945
5273.0,1265090.0,0.9970923381527902
5274.0,1265920.0,0.9977518769628669
5275.0,1264970.0,0.997008663226599
5276.0,1263970.0,0.9962262141823949
5277.0,1265800.0,0.9976744814186346
5278.0,1267970.0,0.9993909354679301
5279.0,1268510.0,0.9998228570608332
5280.0,1267810.0,0.9992776198677161
5281.0,1265940.0,0.9978103811863845
5282.0,1264000.0,0.9962881473990215
5283.0,1262840.0,0.995380896313759
5284.0,1263480.0,0.9958926216026541
5285.0,1266290.0,0.9981149988943931
5286.0,1268190.0,0.9996203349005645
5287.0,1268590.0,0.9999435597995837
5288.0,1268520.0,0.9998965343654402
5289.0,1268490.0,0.9998812574712377
5290.0,1268530.0,0.999921380331742
5291.0,1268550.0,0.9999459639575249
5292.0,1268490.0,0.9999077148517478
5293.0,1268410.0,0.9998539305556206
5294.0,1268380.0,0.9998397931316308
5295.0,1268120.0,0.9996445857489089
5296.0,1267250.0,0.9989687531629977
5297.0,1266130.0,0.9980960729925896
5298.0,1265680.0,0.9977517892268308
5299.0,1266530.0,0.9984325634936299
5300.0,1267430.0,0.9991530197203716
5301.0,1266990.0,0.9988173716955923
5302.0,1266070.0,0.9981035646643751
5303.0,1266520.0,0.9984700439139345
5304.0,1267710.0,0.9994201741220043
5305.0,1268150.0,0.999779293725687
5306.0,1267790.0,0.9995079592682666
5307.0,1267170.0,0.9990318781068812
5308.0,1267260.0,0.9991157934906894
5309.0,1267870.0,0.9996099253745084
5310.0,1268170.0,0.9998598929591388
5311.0,1268190.0,0.999889336997624
5312.0,1268140.0,0.9998638200512024
5313.0,1268050.0,0.9998069908976136
5314.0,1267770.0,0.9996005747199042
5315.0,1266200.0,0.9983772308696092
5316.0,1262950.0,0.9958293984047023
5317.0,1262300.0,0.9953318221977909
5318.0,1265330.0,0.997736191621527
5319.0,1267400.0,0.9993838554556733
5320.0,1267760.0,0.9996833696631522
5321.0,1267610.0,0.9995809351178054
5322.0,1266530.0,0.9987453312619063
5323.0,1262710.0,0.9957491878438073
5324.0,1258530.0,0.9924692488022446
5325.0,1260030.0,0.9936686827602799
5326.0,1258880.0,0.992778503139765
5327.0,1240290.0,0.9781347061849759
5328.0,1220210.0,0.9623155051703797
5329.0,1232170.0,0.9717646370975385
5330.0,1256170.0,0.9907099226984
5331.0,1265710.0,0.9982516106605948
5332.0,1266340.0,0.9987663974356256
5333.0,1265860.0,0.9984058987832087
5334.0,1266430.0,0.9988737251327757
5335.0,1266440.0,0.9989000376607624
5336.0,1264820.0,0.9976408348375013
5337.0,1263970.0,0.9969891037766294
5338.0,1264960.0,0.9977888818789382
5339.0,1263720.0,0.9968298091793873
5340.0,1259020.0,0.9931415318549949
5341.0,1256870.0,0.9914647946756576
5342.0,1261210.0,0.9949077873415407
5343.0,1265780.0,0.9985324992812405
5344.0,1266690.0,0.9992701852806933
5345.0,1265520.0,0.998367131183113
5346.0,1264790.0,0.9978113003902619
5347.0,1265320.0,0.9982496339779076
5348.0,1265310.0,0.9982620858139479
5349.0,1265200.0,0.998195770797946
5350.0,1265950.0,0.998808101286217
5351.0,1266780.0,0.9994837003208219
5352.0,1266970.0,0.9996544807610083
5353.0,1266780.0,0.9995255557454092
5354.0,1266820.0,0.999578221192786
5355.0,1267050.0,0.9997809234258213
5356.0,1267150.0,0.9998811641397086
5357.0,1267120.0,0.9998789340877269
5358.0,1267090.0,0.9998768086065487
5359.0,1267060.0,0.9998747849812859
5360.0,1266980.0,0.9998334031493856
5361.0,1266700.0,0.9996342831803294
5362.0,1266100.0,0.9991827101758963
5363.0,1265580.0,0.9987943442319064
5364.0,1265290.0,0.9985875691573918
5365.0,1265010.0,0.9983887627770464
5366.0,1265010.0,0.9984110212611476
5367.0,1264730.0,0.9982123684928869
5368.0,1264460.0,0.9980216831059386
5369.0,1262250.0,0.9962998218000578
5370.0,1251860.0,0.9881213082734056
5371.0,1235910.0,0.9755537744130043
5372.0,1237350.0,0.9767126949643525
5373.0,1254720.0,0.9904465197913536
5374.0,1264530.0,0.9982132354975783
5375.0,1266420.0,0.9997282444979964
5376.0,1266560.0,0.9998619051374092
5377.0,1266500.0,0.9998377685450015
5378.0,1266370.0,0.9997584548627135
5379.0,1266000.0,0.9994897478471318
5380.0,1265120.0,0.9988184681190694
5381.0,1264240.0,0.9981472444520446
5382.0,1263540.0,0.9976181945958013
5383.0,1262470.0,0.9967970702806872
5384.0,1263140.0,0.9973498642244596
5385.0,1265120.0,0.9989371477543691
5386.0,1266030.0,0.9996797057766835
5387.0,1266120.0,0.9997748870987287
5388.0,1266020.0,0.9997201284184349
5389.0,1265830.0,0.9995943866570507
5390.0,1265710.0,0.9995240080185359
5391.0,1265440.0,0.99933525985038
5392.0,1264410.0,0.9985463965511693
5393.0,1263270.0,0.997670713137228
5394.0,1263440.0,0.9978296796640096
5395.0,1261490.0,0.9963143876778123
5396.0,1250840.0,0.9879277528950402
5397.0,1240070.0,0.9794460109197644
5398.0,1247230.0,0.9851259645774129
5399.0,1260010.0,0.9952453716005737
5400.0,1264540.0,0.9988487828323623
5401.0,1265100.0,0.9993165240147737
5402.0,1264840.0,0.9991366398974463
5403.0,1262470.0,0.9972900437675453
5404.0,1255120.0,0.9915093883305697
5405.0,1242190.0,0.9813203735441753
5406.0,1238330.0,0.978296340577558
5407.0,1251300.0,0.9885685029841935
5408.0,1261240.0,0.996447432916816
5409.0,1261460.0,0.9966473473908014
5410.0,1260040.0,0.9955516129825185
5411.0,1261590.0,0.9968025626973807
5412.0,1263890.0,0.9986462788091478
5413.0,1264600.0,0.9992338395007225
5414.0,1263480.0,0.99837550209422
5415.0,1262080.0,0.9972959613318416
5416.0,1262790.0,0.9978838288643368
5417.0,1264150.0,0.9989854851209994
5418.0,1264170.0,0.999028346502951
5419.0,1263940.0,0.9988737387534888
5420.0,1264340.0,0.9992171164559444
5421.0,1264700.0,0.9995290004152456
5422.0,1264450.0,0.9993588885848076
5423.0,1263140.0,0.9983510738759424
5424.0,1261850.0,0.9973591128616741
5425.0,1262600.0,0.9979796478468461
5426.0,1263970.0,0.9990903913195021
5427.0,1263550.0,0.9987863751481851
5428.0,1257090.0,0.9937079291227637
5429.0,1242660.0,0.9823289747029512
5430.0,1238440.0,0.9790207637192008
5431.0,1251610.0,0.9894601291520163
5432.0,1260540.0,0.9965481651648403
5433.0,1256880.0,0.9936831187505216
5434.0,1246680.0,0.9856473719799569
5435.0,1246300.0,0.9853753567801566
5436.0,1256540.0,0.9935002759484796
5437.0,1262780.0,0.9984630258540004
5438.0,1264140.0,0.9995675083926951
5439.0,1264300.0,0.9997232828107078
5440.0,1264280.0,0.9997368371631847
5441.0,1264230.0,0.999726776119994
5442.0,1264180.0,0.9997168219882707
5443.0,1264010.0,0.9996120759660554
5444.0,1263070.0,0.9988984776162169
5445.0,1258240.0,0.9951084478108327
5446.0,1245660.0,0.9851888467751749
5447.0,1238020.0,0.9791759056884898
5448.0,1248550.0,0.9875341763544355
5449.0,1260140.0,0.9967314890782127
5450.0,1263500.0,0.9994195990863898
5451.0,1263810.0,0.9996953813236721
5452.0,1263700.0,0.9996390538131327
5453.0,1262590.0,0.998791768109089
5454.0,1256480.0,0.9939890901024457
5455.0,1244690.0,0.9846926935099117
5456.0,1242960.0,0.9833546921054723
5457.0,1254300.0,0.9923572336004103
5458.0,1261820.0,0.9983381088478668
5459.0,1263360.0,0.9995880137213591
5460.0,1263410.0,0.9996591648021531
5461.0,1263180.0,0.9995088801385924
5462.0,1262540.0,0.9990342713341094
5463.0,1261930.0,0.9985834859477529
5464.0,1262220.0,0.9988449921036008
5465.0,1262810.0,0.9993440395384425
5466.0,1262950.0,0.9994871085207466
5467.0,1262950.0,0.9995195040548461
5468.0,1263020.0,0.9996074185890617
5469.0,1263020.0,0.9996400523586035
5470.0,1262970.0,0.9996332301631853
5471.0,1262900.0,0.9996106940459432
5472.0,1262770.0,0.9995407809230861
5473.0,1262540.0,0.9993918235050693
5474.0,1262180.0,0.9991400662456487
5475.0,1260440.0,0.9977959677248361
5476.0,1255620.0,0.9940136107091492
5477.0,1252900.0,0.9918936424637841
5478.0,1256970.0,0.9951493261625374
5479.0,1261180.0,0.9985161912452315
5480.0,1262250.0,0.9993972823488254
5481.0,1262190.0,0.9993838358611193
5482.0,1262140.0,0.9993784270641566
5483.0,1262160.0,0.9994285674202106
5484.0,1262210.0,0.9995025879421753
5485.0,1262240.0,0.999560896286663
5486.0,1262060.0,0.999453025559595
5487.0,1261610.0,0.9991314413415878
5488.0,1261390.0,0.998992109678324
5489.0,1261530.0,0.9991380101507704
5490.0,1261430.0,0.9990939530067422
5491.0,1261350.0,0.9990658538703718
5492.0,1261550.0,0.9992596574022559
5493.0,1261610.0,0.9993426980078535
5494.0,1261630.0,0.9993941783156527
5495.0,1261380.0,0.9992318949332344
5496.0,1259540.0,0.9978101180898172
5497.0,1256250.0,0.9952396237775131
5498.0,1256110.0,0.9951646790472267
5499.0,1259030.0,0.9975142484509113
5500.0,1259480.0,0.9979070849318199
5501.0,1257420.0,0.99631128109891
5502.0,1257500.0,0.9964111607424955
5503.0,1259800.0,0.9982703024070687
5504.0,1260850.0,0.9991391580414057
5505.0,1259540.0,0.9981379851464056
5506.0,1255900.0,0.9952903505101063
5507.0,1254400.0,0.9941386173153967
5508.0,1257550.0,0.9966722769766698
5509.0,1260200.0,0.9988099535638657
5510.0,1260770.0,0.9992992789515298
5511.0,1260710.0,0.9992893956002559
5512.0,1260400.0,0.9990814615862704
5513.0,1260180.0,0.9989449723275737
5514.0,1260300.0,0.9990781183933395
5515.0,1260530.0,0.9992985955516513
5516.0,1260680.0,0.9994557834749975
5517.0,1260710.0,0.9995179619742958
5518.0,1260690.0,0.999540619649555
5519.0,1260660.0,0.9995554671328614
5520.0,1260550.0,0.9995069994711157
5521.0,1260390.0,0.9994189974963142
5522.0,1260330.0,0.9994104027276071
5523.0,1260340.0,0.9994574341546012
5524.0,1260240.0,0.9994173514915864
5525.0,1259730.0,0.9990522237944985
5526.0,1258240.0,0.9979099455290503
5527.0,1255240.0,0.9955700645789759
5528.0,1252090.0,0.9931111390822837
5529.0,1253340.0,0.9941421881124834
5530.0,1257550.0,0.9975213834818644
5531.0,1259620.0,0.999203392879158
5532.0,1259900.0,0.9994656641591675
5533.0,1259760.0,0.999394876802605
5534.0,1259450.0,0.9991893288306823
5535.0,1259240.0,0.9990632179020476
5536.0,1259410.0,0.9992387105917726
5537.0,1259600.0,0.9994302014620357
5538.0,1259610.0,0.9994789958414968
5539.0,1259570.0,0.9994882331369643
5540.0,1259550.0,0.9995134567360674
5541.0,1259510.0,0.9995229252743074
5542.0,1259380.0,0.999461083740677
5543.0,1259200.0,0.9993596690138898
5544.0,1259110.0,0.9993297911519347
5545.0,1259120.0,0.9993793960803297
5546.0,1259110.0,0.9994132441515946
5547.0,1259080.0,0.9994313332867468
5548.0,1259060.0,0.9994574757685198
5549.0,1259020.0,0.9994678571307806
5550.0,1258980.0,0.999478352858616
5551.0,1258930.0,0.9994810237250197
5552.0,1258850.0,0.9994599896847902
5553.0,1258730.0,0.9994073077871026
5554.0,1258560.0,0.9993150337073162
5555.0,1258440.0,0.9992625670878288
5556.0,1258500.0,0.9993531436718952
5557.0,1258530.0,0.9994200172521925
5558.0,1258500.0,0.9994393601361217
5559.0,1258450.0,0.9994429334830424
5560.0,1258340.0,0.9993989663257448
5561.0,1258120.0,0.9992677396065917
5562.0,1257820.0,0.9990730704516008
5563.0,1257680.0,0.9990055881674318
5564.0,1257740.0,0.9990970836763844
5565.0,1257730.0,0.9991330914586397
5566.0,1257660.0,0.9991215483787097
5567.0,1257580.0,0.9991021712319788
5568.0,1256970.0,0.9986618192084814
5569.0,1255650.0,0.9976574198208591
5570.0,1255290.0,0.9974158293794141
5571.0,1255710.0,0.997794120667469
5572.0,1254250.0,0.9966786313825101
5573.0,1253180.0,0.9958730766747373
5574.0,1254980.0,0.9973483850923608
5575.0,1256380.0,0.9985060376418978
5576.0,1256390.0,0.9985591550476522
5577.0,1256690.0,0.9988428856301376
5578.0,1257100.0,0.9992141865640247
5579.0,1257190.0,0.9993312659027495
5580.0,1257070.0,0.9992815310126768
5581.0,1256610.0,0.9989616133816519
5582.0,1256230.0,0.9987053765102275
5583.0,1256450.0,0.9989262490431856
5584.0,1256520.0,0.999027990357381
5585.0,1255080.0,0.9979292314950837
5586.0,1251280.0,0.9949539288388966
5587.0,1248340.0,0.9926623187749724
5588.0,1247940.0,0.9923904702348918
5589.0,1249030.0,0.9933036422478047
5590.0,1252410.0,0.9960382388131329
5591.0,1255180.0,0.9982880462264572
5592.0,1255850.0,0.9988678926324057
5593.0,1254760.0,0.9980479817105976
5594.0,1252730.0,0.9964803817017693
5595.0,1252830.0,0.9966071240875953
5596.0,1254740.0,0.9981738823468178
5597.0,1254960.0,0.9983964007832223
5598.0,1253630.0,0.997385871220067
5599.0,1253530.0,0.9973539857312244
5600.0,1254500.0,0.9981735766362465
5601.0,1254410.0,0.9981498985509807
5602.0,1253620.0,0.9975693001973454
5603.0,1253470.0,0.9974980585590598
5604.0,1254550.0,0.9984057856337739
5605.0,1255490.0,0.9992022866719922
5606.0,1255700.0,0.9994179616692106
5607.0,1255660.0,0.9994347789569974
5608.0,1255580.0,0.9994198657333292
5609.0,1255510.0,0.9994130183117492
5610.0,1255450.0,0.9994142377590801
5611.0,1255400.0,0.9994235251475331
5612.0,1255320.0,0.99940903600023
5613.0,1254800.0,0.999044333647847
5614.0,1252090.0,0.9969359853718124
5615.0,1246670.0,0.992669678084977
5616.0,1245550.0,0.9918271280594239
5617.0,1250570.0,0.9958741035949863
5618.0,1254040.0,0.9986872055304216
5619.0,1254730.0,0.9992866586893459
5620.0,1254740.0,0.9993446878781204
5621.0,1254710.0,0.9993709687911241
5622.0,1254580.0,0.999317704400518
5623.0,1254060.0,0.9989538755785576
5624.0,1253160.0,0.998287401273441
5625.0,1253020.0,0.9982264235923336
5626.0,1253770.0,0.9988746049850464
5627.0,1254210.0,0.9992759686778433
5628.0,1254260.0,0.9993667347866337
5629.0,1254230.0,0.9993938695201717
5630.0,1254180.0,0.9994051745892707
5631.0,1254110.0,0.9994006474524515
5632.0,1254020.0,0.999380285557766
5633.0,1253910.0,0.9993440863428098
5634.0,1253810.0,0.9993159579379023
5635.0,1253760.0,0.9993277840556416
5636.0,1253690.0,0.9993237733669326
5637.0,1253540.0,0.9992560944525837
5638.0,1253380.0,0.9991805404762895
5639.0,1253330.0,0.999192777718658
5640.0,1253230.0,0.9991652562737597
5641.0,1253060.0,0.9990820235103918
5642.0,1253070.0,0.9991424094431
5643.0,1253090.0,0.9992108789990284
5644.0,1253000.0,0.9991917406152285
5645.0,1252950.0,0.9992046025706863
5646.0,1252950.0,0.99925744505992
5647.0,1252960.0,0.9993183716856688
5648.0,1252930.0,0.9993475032169734
5649.0,1252860.0,0.9993448344834103
5650.0,1252790.0,0.9993422680283597
5651.0,1252740.0,0.9993557584721993
5652.0,1252700.0,0.9993773304909112
5653.0,1252620.0,0.9993670942020318
5654.0,1252480.0,0.999309087084458
5655.0,1252300.0,0.9992192594506872
5656.0,1252020.0,0.9990497290016477
5657.0,1251170.0,0.9984254257664268
5658.0,1249850.0,0.997426079367421
5659.0,1249760.0,0.9974083643281373
5660.0,1250960.0,0.9984203277013272
5661.0,1251550.0,0.9989456207354973
5662.0,1251210.0,0.9987287366554176
5663.0,1251030.0,0.998639650598994
5664.0,1251390.0,0.9989817365047975
5665.0,1251610.0,0.9992121930022512
5666.0,1251510.0,0.9991872922985809
5667.0,1251320.0,0.9990906309033665
5668.0,1251190.0,0.9990419678274212
5669.0,1251170.0,0.9990812367675654
5670.0,1251240.0,0.9991924809714228
5671.0,1251310.0,0.9993038377680578
5672.0,1251290.0,0.9993434285468261
5673.0,1251250.0,0.9993671498848841
5674.0,1251150.0,0.999343049438459
5675.0,1251030.0,0.9993030704488416
5676.0,1250960.0,0.9993031281559063
5677.0,1250930.0,0.999335240434942
5678.0,1250860.0,0.9993354990781227
5679.0,1250770.0,0.9993198778728171
5680.0,1250700.0,0.9993203343691573
5681.0,1250600.0,0.9992969184747983
5682.0,1250400.0,0.9991936890726373
5683.0,1250160.0,0.9990585811313418
5684.0,1249940.0,0.9989395404696884
5685.0,1249940.0,0.9989964167766466
5686.0,1250000.0,0.9991013550309461
5687.0,1249950.0,0.9991184778250872
5688.0,1249880.0,0.9991197135209917
5689.0,1249860.0,0.999161018560313
5690.0,1249850.0,0.9992104211631101
5691.0,1249830.0,0.9992519324191188
5692.0,1249830.0,0.999309537554372
5693.0,1249800.0,0.9993432591272892
5694.0,1249710.0,0.9993291034308509
5695.0,1249600.0,0.9992990498420623
5696.0,1249550.0,0.9993170747985055
5697.0,1249470.0,0.9993112056376197
5698.0,1249360.0,0.9992814380739828
5699.0,1249230.0,0.9992357666206211
5700.0,1248970.0,0.9990861962741945
5701.0,1248590.0,0.9988407084041476
5702.0,1248520.0,0.9988432953742613
5703.0,1248760.0,0.9990940007265716
5704.0,1248860.0,0.9992328159761192
5705.0,1248760.0,0.9992117115027037
5706.0,1248590.0,0.9991346862486624
5707.0,1248350.0,0.9990017301686508
5708.0,1247710.0,0.9985487324847901
5709.0,1246870.0,0.9979357065838261
5710.0,1246740.0,0.997890987889373
5711.0,1247120.0,0.9982545880671709
5712.0,1247500.0,0.9986183272812207
5713.0,1247910.0,0.9990062218506571
5714.0,1248040.0,0.9991700927678516
5715.0,1247950.0,0.9991579381005775
5716.0,1247930.0,0.9992019254377528
5717.0,1247910.0,0.9992460132969886
5718.0,1247840.0,0.9992501623997958
5719.0,1247800.0,0.999278431989878
5720.0,1247720.0,0.9992747646841528
5721.0,1247610.0,0.9992471638658268
5722.0,1247580.0,0.9992837326092423
5723.0,1247560.0,0.9993284106416582
5724.0,1247500.0,0.9993411455851827
5725.0,1247410.0,0.9993299427365547
5726.0,1247290.0,0.999294797601068
5727.0,1247180.0,0.9992677545397778
5728.0,1247120.0,0.9992808657488225
5729.0,1247080.0,0.999310098894601
5730.0,1247000.0,0.9993073746855652
5731.0,1246870.0,0.9992646729313811
5732.0,1246770.0,0.9992461035556608
5733.0,1246740.0,0.9992837315933576
5734.0,1246700.0,0.999313441994855
5735.0,1246640.0,0.9993272170197246
5736.0,1246560.0,0.9993250535966043
5737.0,1246480.0,0.9993229829648244
5738.0,1246390.0,0.9993129873670421
5739.0,1246300.0,0.9993030833647026
5740.0,1246190.0,0.999277233539518
5741.0,1246110.0,0.9992755305832819
5742.0,1246040.0,0.9992819395842218
5743.0,1245970.0,0.999288441787709
5744.0,1245900.0,0.9992950370978797
5745.0,1245840.0,0.9993097465913289
5746.0,1245760.0,0.9993085066549378
5747.0,1245630.0,0.9992672476090119
5748.0,1245500.0,0.9992260752055304
5749.0,1245450.0,0.9992491749170556
5750.0,1245430.0,0.999296440302976
5751.0,1245320.0,0.9992715852706364
5752.0,1245090.0,0.9991505217917913
5753.0,1244780.0,0.9989653323184299
5754.0,1244590.0,0.998876519391353
5755.0,1244650.0,0.9989884426810992
5756.0,1244800.0,0.9991727121797384
5757.0,1244810.0,0.9992447140978278
5758.0,1244700.0,0.9992204823771448
5759.0,1244590.0,0.9991963381895315
5760.0,1244490.0,0.9991803102635618
5761.0,1244340.0,0.9991242239414446
5762.0,1244010.0,0.9989236830603319
5763.0,1243780.0,0.9988035103403904
5764.0,1243940.0,0.9989966175056205
5765.0,1244140.0,0.9992219653482572
5766.0,1244150.0,0.999294825273536
5767.0,1244070.0,0.9992954922040435
5768.0,1243980.0,0.9992882158929557
5769.0,1243880.0,0.9992729946723173
5770.0,1243780.0,0.9992578609097442
5771.0,1243670.0,0.9992347799376253
5772.0,1243540.0,0.9991957149852075
5773.0,1243470.0,0.9992049477295757
5774.0,1243400.0,0.9992142706838779
5775.0,1243300.0,0.9991995737334742
5776.0,1243260.0,0.9992331868416409
5777.0,1243210.0,0.9992588553184313
5778.0,1243120.0,0.9992524626973989
5779.0,1242990.0,0.9992140025128172
5780.0,1242790.0,0.9991193503033282
5781.0,1242590.0,0.9990247737795193
5782.0,1242480.0,0.9990026363447524
5783.0,1242490.0,0.9990770750818257
5784.0,1242480.0,0.9991355286894672
5785.0,1242400.0,0.9991377838875761
5786.0,1242330.0,0.9991481695986221
5787.0,1242280.0,0.9991747304097149
5788.0,1242200.0,0.9991772514049423
5789.0,1242110.0,0.9991718159409171
5790.0,1241970.0,0.9991262435448028
5791.0,1241830.0,0.9990807521561608
5792.0,1241780.0,0.9991077536030657
5793.0,1241740.0,0.9991428919072213
5794.0,1241690.0,0.9991700748950242
5795.0,1241650.0,0.9992053956471172
5796.0,1241570.0,0.9992086159854218
5797.0,1241420.0,0.9991555838107263
5798.0,1241310.0,0.9991348269504077
5799.0,1241290.0,0.9991865997640254
5800.0,1241260.0,0.9992304156330287
5801.0,1241200.0,0.9992501714729921
5802.0,1241100.0,0.999237811029474
5803.0,1240960.0,0.999193327611927
5804.0,1240810.0,0.9991408714944899
5805.0,1240700.0,0.9991207053076158
5806.0,1240630.0,0.9991328355640198
5807.0,1240580.0,0.9991611608265628
5808.0,1240530.0,0.9991895752470927
5809.0,1240440.0,0.9991858583667411
5810.0,1240360.0,0.999190281670201
5811.0,1240280.0,0.9991947905228358
5812.0,1240180.0,0.9991832713076494
5813.0,1240080.0,0.9991718352180664
5814.0,1240000.0,0.9991765979042972
5815.0,1239890.0,0.9991572704450398
5816.0,1239750.0,0.9991138477057382
5817.0,1239700.0,0.9991430391987809
5818.0,1239690.0,0.9992045593864365
5819.0,1239630.0,0.9992258688180187
5820.0,1239540.0,0.9992230814532198
5821.0,1239460.0,0.9992284393466551
5822.0,1239370.0,0.9992258193543455
5823.0,1239280.0,0.999223282618458
5824.0,1239190.0,0.9992208290400595
5825.0,1239100.0,0.9992184585202288
5826.0,1239010.0,0.9992161709600629
5827.0,1238920.0,0.9992139662606714
5828.0,1238840.0,0.9992199100936587
5829.0,1238750.0,0.9992178713887571
5830.0,1238640.0,0.9991997814281318
5831.0,1238520.0,0.9991737041680336
5832.0,1238430.0,0.9991719100024817
5833.0,1238360.0,0.9991863353531282
5834.0,1238260.0,0.9991766375658481
5835.0,1238190.0,0.9991912300183345
5836.0,1238120.0,0.9992059067391226
5837.0,1238030.0,0.9992045257871945
5838.0,1237930.0,0.9991951551102819
5839.0,1237850.0,0.999202009108582
5840.0,1237770.0,0.9992089458388742
5841.0,1237670.0,0.9991998187388453
5842.0,1237580.0,0.9991988456730582
5843.0,1237500.0,0.9992060282805654
5844.0,1237420.0,0.9992132932320041
5845.0,1237310.0,0.9991964137679257
5846.0,1237180.0,0.9991634606886094
5847.0,1237060.0,0.9991386605517891
5848.0,1236970.0,0.9991381695920795
5849.0,1236910.0,0.9991619928875732
5850.0,1236850.0,0.9991859000961151
5851.0,1236660.0,0.9991048632719134
5852.0,1235920.0,0.9985795142530942
5853.0,1234470.0,0.9974804721933314
5854.0,1234040.0,0.9972055934743969
5855.0,1235080.0,0.9981187212101208
5856.0,1235250.0,0.9983289273530335
5857.0,1234300.0,0.9976339931695857
5858.0,1234240.0,0.9976584391857696
5859.0,1235130.0,0.9984509256420931
5860.0,1235600.0,0.9989040632760727
5861.0,1235590.0,0.998969267627333
5862.0,1235380.0,0.998872848548589
5863.0,1235350.0,0.9989220437388115
5864.0,1235450.0,0.9990764514214365
5865.0,1235380.0,0.9990934745444974
5866.0,1235170.0,0.9989973463270663
5867.0,1235070.0,0.9989902547768335
5868.0,1235110.0,0.9990964868052942
5869.0,1235110.0,0.999170452259326
5870.0,1235040.0,0.9991878727969821
5871.0,1234950.0,0.9991891902824189
5872.0,1234840.0,0.9991744009232594
5873.0,1234740.0,0.9991677773115132
5874.0,1234660.0,0.9991774137926425
5875.0,1234580.0,0.9991871271193811
5876.0,1234480.0,0.9991807292225916
5877.0,1234380.0,0.9991744053759745
5878.0,1234280.0,0.9991681553865455
5879.0,1234180.0,0.9991619790613
5880.0,1234070.0,0.9991477798449346
5881.0,1233980.0,0.9991498466312436
5882.0,1233880.0,0.9991438901403248
5883.0,1233730.0,0.9990975156107956
5884.0,1233610.0,0.999075504073213
5885.0,1233570.0,0.9991183578414782
5886.0,1233490.0,0.9991288911813009
5887.0,1232650.0,0.998523851393764
5888.0,1226340.0,0.9934874148967878
5889.0,1207970.0,0.978679455155329
5890.0,1195460.0,0.9686173699670644
5891.0,1209820.0,0.9803268057632494
5892.0,1226870.0,0.9942179819526789
5893.0,1231320.0,0.997899907845592
5894.0,1226620.0,0.9941664573031087
5895.0,1211470.0,0.9819622173505018
5896.0,1201750.0,0.9741578339213883
5897.0,1213960.0,0.9841304954447948
5898.0,1227750.0,0.9953857172019972
5899.0,1231720.0,0.9986806558478171
5900.0,1232100.0,0.9990651678998501
5901.0,1232080.0,0.99912543861793
5902.0,1232000.0,0.9991371292240936
5903.0,1231900.0,0.9991326703480464
5904.0,1231780.0,0.9991120580634235
5905.0,1231660.0,0.9990915119312358
5906.0,1231550.0,0.9990791441256456
5907.0,1231500.0,0.9991155213059109
5908.0,1231420.0,0.99912763193641
5909.0,1231270.0,0.9990830132066216
5910.0,1231120.0,0.9990384558886298
5911.0,1231060.0,0.9990669992976244
5912.0,1230960.0,0.9990631504952108
5913.0,1230670.0,0.9989051503699516
5914.0,1230350.0,0.9987228410664858
5915.0,1230330.0,0.9987841112793246
5916.0,1230430.0,0.9989428818506269
5917.0,1230460.0,0.9990449090091758
5918.0,1230430.0,0.9990982992417327
5919.0,1230360.0,0.9991192820824019
5920.0,1230270.0,0.9991240921074687
5921.0,1230150.0,0.9991046035146292
5922.0,1230030.0,0.9990851777386777
5923.0,1229950.0,0.9990983069043212
5924.0,1229880.0,0.9991196272927496
5925.0,1229800.0,0.9991328919171165
5926.0,1229700.0,0.9991299736883515
5927.0,1229570.0,0.9991027429632774
5928.0,1229420.0,0.9990593200691514
5929.0,1229230.0,0.9989834471646009
5930.0,1229060.0,0.9989238816345032
5931.0,1229040.0,0.9989862934965815
5932.0,1229060.0,0.9990812943057032
5933.0,1228950.0,0.9990706906605431
5934.0,1228740.0,0.9989788476767083
5935.0,1228610.0,0.9989520993850373
5936.0,1228620.0,0.9990392493664288
5937.0,1228590.0,0.9990939477909081
5938.0,1228510.0,0.9991080540699531
5939.0,1228420.0,0.9991140916527522
5940.0,1228310.0,0.9991039244393237
5941.0,1228180.0,0.9990775483594582
5942.0,1228070.0,0.9990675003960112
5943.0,1227990.0,0.9990819201456635
5944.0,1227920.0,0.9991045401228004
5945.0,1227830.0,0.9991109504545039
5946.0,1227720.0,0.9991011470558729
5947.0,1227510.0,0.9990100177693159
5948.0,1227200.0,0.9988375428855333
5949.0,1227060.0,0.9988034775188183
5950.0,1227150.0,0.9989566974356875
5951.0,1227160.0,0.9990448729198544
5952.0,1227010.0,0.999002854013357
5953.0,1226850.0,0.9989527454718725
5954.0,1226820.0,0.9990085481589488
5955.0,1226760.0,0.9990399877467654
5956.0,1226580.0,0.9989737587068944
5957.0,1226450.0,0.9989483029071613
5958.0,1226430.0,0.9990125041542869
5959.0,1226410.0,0.9990767740511673
5960.0,1226330.0,0.9990922303584826
5961.0,1226240.0,0.9990995993880245
5962.0,1226140.0,0.9990988789717485
5963.0,1226030.0,0.9990900669381036
5964.0,1225920.0,0.9990813107573
5965.0,1225770.0,0.9990400090094637
5966.0,1225650.0,0.9990232103316646
5967.0,1225590.0,0.9990553753568434
5968.0,1225520.0,0.9990794497723104
5969.0,1225430.0,0.9990872784484086
5970.0,1225330.0,0.9990870108309853
5971.0,1225220.0,0.9990786447344552
5972.0,1225110.0,0.9990703329137145
5973.0,1225000.0,0.9990620751709552
5974.0,1224850.0,0.9990212462115036
5975.0,1224650.0,0.9989396809054262
5976.0,1224490.0,0.9988907875106048
5977.0,1224420.0,0.9989153651884682
5978.0,1224380.0,0.9989644781104035
5979.0,1224340.0,0.999013653269767
5980.0,1224290.0,0.9990547302016022
5981.0,1224200.0,0.9990632238681488
5982.0,1224090.0,0.9990554492780822
5983.0,1223930.0,0.999006915350067
5984.0,1223720.0,0.9989176118217054
5985.0,1223570.0,0.9988773283489779
5986.0,1223520.0,0.9989187340235939
5987.0,1223450.0,0.9989438691174408
5988.0,1223350.0,0.9989445637550429
5989.0,1223260.0,0.9989534769686842
5990.0,1223170.0,0.9989624435880473
5991.0,1223050.0,0.9989469604057947
5992.0,1222970.0,0.9989641995706678
5993.0,1222930.0,0.9990141689917493
5994.0,1222860.0,0.9990396887048509
5995.0,1222750.0,0.9990325820559829
5996.0,1222640.0,0.9990255249330855
5997.0,1222520.0,0.9990103454072355
5998.0,1222410.0,0.9990033860612841
5999.0,1222310.0,0.999004648731529
6000.0,1222200.0,0.9989977877235988
6001.0,1222060.0,0.9989664519064008
6002.0,1221860.0,0.9988861095744015
6003.0,1221690.0,0.9988303305408458
6004.0,1221660.0,0.9988890621150086
6005.0,1221650.0,0.9989642066710562
6006.0,1221530.0,0.9989494560093392
6007.0,1221280.0,0.9988284303298778
6008.0,1221000.0,0.9986828949835131
6009.0,1220940.0,0.998717341221973
6010.0,1221040.0,0.9988827304639483
6011.0,1221020.0,0.9989500197063708
6012.0,1220870.0,0.9989110021397813
6013.0,1220670.0,0.9988311119926998
6014.0,1220560.0,0.9988249054240792
6015.0,1220450.0,0.9988187445904387
6016.0,1220200.0,0.9986980433831243
6017.0,1220060.0,0.9986674075994826
6018.0,1220110.0,0.9987923484174546
6019.0,1220020.0,0.998802741383929
6020.0,1219780.0,0.9986903698980136
6021.0,1219570.0,0.9986025894665459
6022.0,1219450.0,0.9985885391472139
6023.0,1219350.0,0.9985909106402694
6024.0,1219230.0,0.998576946988481
6025.0,1219260.0,0.9986858894501888
6026.0,1219280.0,0.9987867032146838
6027.0,1219170.0,0.9987810783798005
6028.0,1219100.0,0.9988082686696274
6029.0,1219060.0,0.9988600885197557
6030.0,1218990.0,0.9988873776729362
6031.0,1218890.0,0.9988901296848878
6032.0,1218780.0,0.9988847296537768
6033.0,1218670.0,0.9988793717643156
6034.0,1218560.0,0.9988740558158316
6035.0,1218450.0,0.9988687816075984
6036.0,1218340.0,0.9988635489388377
6037.0,1218220.0,0.9988501583494834
6038.0,1218110.0,0.9988450074589786
6039.0,1218000.0,0.9988398975048265
6040.0,1217890.0,0.9988348282860361
6041.0,1217770.0,0.9988215975470058
6042.0,1217640.0,0.9988002029867021
6043.0,1217530.0,0.9987952526662012
6044.0,1217440.0,0.9988067505869022
6045.0,1217330.0,0.9988018813268037
6046.0,1217180.0,0.9987642293585568
6047.0,1217040.0,0.998734817360044
6048.0,1216960.0,0.9987546820521666
6049.0,1216890.0,0.998782797550594
6050.0,1216800.0,0.9987945406566086
6051.0,1216680.0,0.9987816978751028
6052.0,1216560.0,0.9987688920042912
6053.0,1216440.0,0.9987561228411406
6054.0,1216310.0,0.9987351789931591
6055.0,1216140.0,0.9986814224542595
6056.0,1215970.0,0.9986276949509442
6057.0,1215910.0,0.9986643426623323
6058.0,1215870.0,0.9987174625761366
6059.0,1215790.0,0.9987377704057783
6060.0,1215670.0,0.998725257462759
6061.0,1215560.0,0.998720995743339
6062.0,1215420.0,0.9986921197790933
6063.0,1215160.0,0.9985646649710059
6064.0,1214380.0,0.9980098748961459
6065.0,1213170.0,0.9971016093519676
6066.0,1213110.0,0.9971384869915801
6067.0,1214130.0,0.9980632099538993
6068.0,1214670.0,0.9985935154240901
6069.0,1214680.0,0.9986881917418308
6070.0,1214570.0,0.9986842494236133
6071.0,1214460.0,0.9986803415814577
6072.0,1214350.0,0.9986764680125536
6073.0,1214240.0,0.9986726285140318
6074.0,1214130.0,0.9986688228829624
6075.0,1214010.0,0.9986568248158725
6076.0,1213880.0,0.9986366319658474
6077.0,1213720.0,0.9985917869232319
6078.0,1213520.0,0.9985140547980459
6079.0,1213400.0,0.9985021743277371
6080.0,1213360.0,0.9985561624876815
6081.0,1213270.0,0.9985690411472864
6082.0,1213130.0,0.9985407993561888
6083.0,1212980.0,0.9985043534667579
6084.0,1212840.0,0.9984761662114618
6085.0,1212690.0,0.9984397730072812
6086.0,1212600.0,0.9984528093740934
6087.0,1212560.0,0.9985070533428522
6088.0,1212490.0,0.9985366321298226
6089.0,1212380.0,0.99853330292023
6090.0,1212230.0,0.998497056873246
6091.0,1212100.0,0.9984773106306196
6092.0,1212010.0,0.998490544914826
6093.0,1211920.0,0.9985038120782197
6094.0,1211820.0,0.99850887217315
6095.0,1211720.0,0.9985139632993957
6096.0,1211590.0,0.9984943616832491
6097.0,1211460.0,0.9984747863554524
6098.0,1211360.0,0.9984799650176412
6099.0,1211240.0,0.9984686871767237
6100.0,1211040.0,0.9983914837852627
6101.0,1210350.0,0.9979103001401071
6102.0,1208930.0,0.9968271367350281
6103.0,1208390.0,0.9964694819551358
6104.0,1209470.0,0.9974478036516475
6105.0,1210300.0,0.9982201328085079
6106.0,1210370.0,0.9983657447454233
6107.0,1210140.0,0.998263935132232
6108.0,1209940.0,0.9981868846618593
6109.0,1209930.0,0.998266609493689
6110.0,1209940.0,0.998362878063578
6111.0,1209850.0,0.9983766697055791
6112.0,1209730.0,0.9983657319682738
6113.0,1209620.0,0.9983630721978597
6114.0,1209510.0,0.9983604381190718
6115.0,1209380.0,0.998341319557351
6116.0,1209240.0,0.9983139676440164
6117.0,1209150.0,0.9983279186454111
6118.0,1209060.0,0.9983418974352167
6119.0,1208870.0,0.9982733247627644
6120.0,1208110.0,0.9977340226256843
6121.0,1205490.0,0.9956584074559337
6122.0,1202540.0,0.9933098658251153
6123.0,1203780.0,0.9944222200814471
6124.0,1206840.0,0.9970383998287442
6125.0,1208000.0,0.9980852312328427
6126.0,1208050.0,0.9982150758655133
6127.0,1207940.0,0.998212746789306
6128.0,1207800.0,0.9981856470337137
6129.0,1207650.0,0.9981503002445592
6130.0,1207550.0,0.998156299784959
6131.0,1207470.0,0.9981788563706733
6132.0,1207390.0,0.9982014393412677
6133.0,1207290.0,0.998207512159254
6134.0,1207000.0,0.998056498870391
6135.0,1205640.0,0.9970206291937463
6136.0,1202500.0,0.9945124700891685
6137.0,1200340.0,0.9928144544762245
6138.0,1201940.0,0.994226371893332
6139.0,1204430.0,0.9963748216439268
6140.0,1203090.0,0.9953549929446682
6141.0,1197200.0,0.9905703061547235
6142.0,1195150.0,0.9889623080877209
6143.0,1200580.0,0.9935441429896041
6144.0,1204860.0,0.9971750438397985
6145.0,1205760.0,0.9980089824124335
6146.0,1205720.0,0.9980649807279814
6147.0,1205560.0,0.9980216663761954
6148.0,1205390.0,0.9979700840575474
6149.0,1205270.0,0.9979599111585977
6150.0,1205180.0,0.9979745971493164
6151.0,1205070.0,0.9979727412332732
6152.0,1204970.0,0.9979791853330845
6153.0,1204900.0,0.9980104973281557
6154.0,1204730.0,0.997958995927725
6155.0,1204510.0,0.9978660807545455
6156.0,1204430.0,0.9978891584493678
6157.0,1204350.0,0.997912257377553
6158.0,1204220.0,0.9978939441256227
6159.0,1203980.0,0.9977844830420185
6160.0,1202830.0,0.9969207992261082
6161.0,1198910.0,0.9937609596655925
6162.0,1194820.0,0.9904596458343725
6163.0,1196900.0,0.9922729060336932
6164.0,1201340.0,0.9960432071927542
6165.0,1203040.0,0.9975422347960473
6166.0,1203140.0,0.9977147322915118
6167.0,1202960.0,0.9976550623643883
6168.0,1202420.0,0.9972968095940726
6169.0,1201550.0,0.996664777749203
6170.0,1201510.0,0.9967211790396503
6171.0,1202200.0,0.9973832357371203
6172.0,1202480.0,0.9977052458311898
6173.0,1202340.0,0.9976788195658359
6174.0,1202240.0,0.9976855962694124
6175.0,1202200.0,0.9977421832974412
6176.0,1202090.0,0.9977406932397853
6177.0,1201980.0,0.9977392157786924
6178.0,1201920.0,0.9977792584277648
6179.0,1201800.0,0.9977695069766992
6180.0,1201640.0,0.9977265538358784
6181.0,1201550.0,0.9977417314913776
6182.0,1201510.0,0.997798446373214
6183.0,1201410.0,0.9978053513584789
6184.0,1201290.0,0.9977956569001714
6185.0,1201170.0,0.9977859718616199
6186.0,1201030.0,0.9977596809649815
6187.0,1200880.0,0.9977250877843942
6188.0,1200710.0,0.9976738808249486
6189.0,1200340.0,0.9974564792810034
6190.0,1198920.0,0.9963664426018533
6191.0,1196460.0,0.9944118454367732
6192.0,1196240.0,0.994318800543686
6193.0,1198470.0,0.9962623806757646
6194.0,1199780.0,0.9974414759212815
6195.0,1199930.0,0.9976563359377499
6196.0,1199840.0,0.9976716826814
6197.0,1199720.0,0.9976620934436313
6198.0,1199570.0,0.9976275612466244
6199.0,1199330.0,0.9975181753370879
6200.0,1199080.0,0.9974004595681774
