wave,flux,norm
3800.0,1252250.0,0.8764859840834566
3801.0,1352420.0,0.9457949964626257
3802.0,1394640.0,0.9745104053315626
3803.0,1411130.0,0.9852300842485973
3804.0,1415460.0,0.9874650983594728
3805.0,1409550.0,0.9825740466360239
3806.0,1396100.0,0.9724538786919439
3807.0,1387120.0,0.9654752285253757
3808.0,1401020.0,0.9744350248048688
3809.0,1422370.0,0.9885743012887082
3810.0,1432020.0,0.9945820851252035
3811.0,1428500.0,0.9914553146090344
3812.0,1407420.0,0.9761676426993151
3813.0,1383390.0,0.9588693817075549
3814.0,1378500.0,0.9548649724496386
3815.0,1375250.0,0.9520140660407035
3816.0,1379820.0,0.9545896423550375
3817.0,1408960.0,0.9741626450805545
3818.0,1429740.0,0.9879484017739321
3819.0,1416830.0,0.9784645425580226
3820.0,1383480.0,0.9548959659122942
3821.0,1382070.0,0.9533988348392952
3822.0,1411960.0,0.973495299697737
3823.0,1415530.0,0.9754450839207832
3824.0,1384370.0,0.9534842122429665
3825.0,1360110.0,0.9363067393389921
3826.0,1362880.0,0.9377555404280419
3827.0,1372930.0,0.9442203249907546
3828.0,1368590.0,0.9407975446719984
3829.0,1364970.0,0.9378829169791992
3830.0,1377280.0,0.9459217665080705
3831.0,1371740.0,0.941709393716289
3832.0,1323640.0,0.9083049421822539
3833.0,1257940.0,0.862865091696452
3834.0,1142810.0,0.7835786181745928
3835.0,1025700.0,0.7030055895975142
3836.0,1065090.0,0.7297243265677398
3837.0,1204640.0,0.8250267313337039
3838.0,1287440.0,0.8814141171473495
3839.0,1327840.0,0.9087511364350224
3840.0,1344690.0,0.9199653615387011
3841.0,1359810.0,0.9299966607503191
3842.0,1402750.0,0.959049413713587
3843.0,1435120.0,0.9808668906553553
3844.0,1445310.0,0.9875237143675094
3845.0,1445460.0,0.987326290518223
3846.0,1445220.0,0.9868701827756993
3847.0,1450280.0,0.9900397235935261
3848.0,1451720.0,0.990744092205055
3849.0,1433950.0,0.978348522812981
3850.0,1412070.0,0.9631629429490144
3851.0,1420910.0,0.9689402043835266
3852.0,1445400.0,0.9853900022434353
3853.0,1459320.0,0.9946334809257356
3854.0,1462010.0,0.9962262456523154
3855.0,1447410.0,0.9860453144753727
3856.0,1421350.0,0.9680694069301565
3857.0,1413290.0,0.9623638655076063
3858.0,1409630.0,0.9596614164630697
3859.0,1393340.0,0.948368493639859
3860.0,1396010.0,0.9499873088927456
3861.0,1432690.0,0.9747490722255117
3862.0,1463330.0,0.9953966725693787
3863.0,1470500.0,1.0000786164681952
3864.0,1461350.0,0.9936658699176186
3865.0,1443080.0,0.9810593522015078
3866.0,1441360.0,0.9797104261568289
3867.0,1458430.0,0.9911349809141256
3868.0,1470810.0,0.9993720910441102
3869.0,1473950.0,1.001332277700905
3870.0,1465170.0,0.9951982719310588
3871.0,1433620.0,0.9736054675252513
3872.0,1393690.0,0.9463322428263833
3873.0,1390900.0,0.9442846292405037
3874.0,1421710.0,0.9650472277632016
3875.0,1447000.0,0.9820588400953331
3876.0,1449050.0,0.9832967143464528
3877.0,1416840.0,0.9612912541230413
3878.0,1374640.0,0.9325170203920994
3879.0,1387870.0,0.941349177026253
3880.0,1435870.0,0.9737595432315567
3881.0,1459760.0,0.9898128890856748
3882.0,1462150.0,0.9912858944323808
3883.0,1456280.0,0.9871598053201104
3884.0,1441040.0,0.9766846026884951
3885.0,1403400.0,0.9510329568069671
3886.0,1334480.0,0.9041946529407455
3887.0,1243510.0,0.84243192223604
3888.0,1111580.0,0.7529423764734111
3889.0,1026950.0,0.6955134474673198
3890.0,1129470.0,0.7648315560095691
3891.0,1295720.0,0.8772769003007843
3892.0,1386800.0,0.9388004382098951
3893.0,1416660.0,0.9588670701934227
3894.0,1419140.0,0.9603966940808376
3895.0,1406390.0,0.9516189152570294
3896.0,1411970.0,0.9552428656656475
3897.0,1430720.0,0.9677720895476639
3898.0,1427860.0,0.9656798637048339
3899.0,1413030.0,0.9554917554056047
3900.0,1402960.0,0.9485226197062037
3901.0,1410710.0,0.9535988876061134
3902.0,1418240.0,0.9585217523763772
3903.0,1424760.0,0.962757236542819
3904.0,1430320.0,0.9663392616779821
3905.0,1405860.0,0.9496383465464292
3906.0,1392120.0,0.9401798402777922
3907.0,1428180.0,0.9643474984158519
3908.0,1466060.0,0.9897303324156411
3909.0,1476400.0,0.9965102968115298
3910.0,1470270.0,0.992168605302567
3911.0,1471790.0,0.9929852448636961
3912.0,1475230.0,0.9950916818132868
3913.0,1460960.0,0.9852486952710307
3914.0,1453270.0,0.9798412594878295
3915.0,1461020.0,0.9848385843624805
3916.0,1467440.0,0.9889316002005575
3917.0,1473750.0,0.9929427179160051
3918.0,1476980.0,0.9948714320826333
3919.0,1464330.0,0.9860996698180053
3920.0,1437750.0,0.967948658976363
3921.0,1427490.0,0.9607861732694327
3922.0,1433560.0,0.964610411266205
3923.0,1445900.0,0.9726452082605903
3924.0,1471630.0,0.989675270531643
3925.0,1487980.0,1.000384343961642
3926.0,1481120.0,0.9954824453534818
3927.0,1449180.0,0.9737268926611518
3928.0,1417010.0,0.9518251445435061
3929.0,1413610.0,0.9492514963669644
3930.0,1400270.0,0.9400023364847668
3931.0,1341930.0,0.9005556746272442
3932.0,1164310.0,0.7811078892878321
3933.0,892433.0,0.5985189290717061
3934.0,830975.0,0.557119457007462
3935.0,1066010.0,0.7144601618815564
3936.0,1308880.0,0.8769427846599803
3937.0,1430050.0,0.9578019162446719
3938.0,1474960.0,0.9875433807248262
3939.0,1490540.0,0.9976299747199866
3940.0,1495090.0,1.000326110687809
3941.0,1494360.0,0.9994854157209967
3942.0,1486190.0,0.9936675585228913
3943.0,1458130.0,0.9745569124258185
3944.0,1438430.0,0.9610424212553159
3945.0,1464830.0,0.978323854079192
3946.0,1496690.0,0.9992349962129071
3947.0,1503950.0,1.0037102398515958
3948.0,1499900.0,1.0006341043104938
3949.0,1497300.0,0.9985245910098406
3950.0,1497940.0,0.9985739992091572
3951.0,1496520.0,0.9972481790476782
3952.0,1487190.0,0.9906519861015308
3953.0,1483140.0,0.9875743970478486
3954.0,1496330.0,0.9959721707454062
3955.0,1504100.0,1.000755191962113
3956.0,1496620.0,0.9953898874390561
3957.0,1492430.0,0.9922142323009838
3958.0,1498790.0,0.996050547223774
3959.0,1504030.0,0.9991381736764057
3960.0,1491870.0,0.9906674455725994
3961.0,1458640.0,0.9682161624549522
3962.0,1442210.0,0.956928510709209
3963.0,1457140.0,0.9664482026910618
3964.0,1470290.0,0.9747790559937847
3965.0,1454500.0,0.9639231515686059
3966.0,1378560.0,0.9132286306904058
3967.0,1183130.0,0.7834498040495025
3968.0,899436.0,0.5953516854040704
3969.0,758276.0,0.5017126305858429
3970.0,862939.0,0.5707317837759519
3971.0,1099620.0,0.7269737143238145
3972.0,1305170.0,0.8625160759881701
3973.0,1409600.0,0.9311507762914323
3974.0,1453650.0,0.959860196164581
3975.0,1479650.0,0.9766325424541906
3976.0,1497090.0,0.9877436810147469
3977.0,1503990.0,0.9918947571242708
3978.0,1508790.0,0.9946583191466509
3979.0,1515940.0,0.9989685940970113
3980.0,1519210.0,1.000720046094923
3981.0,1514160.0,0.9969923691080881
3982.0,1505950.0,0.9911884807130766
3983.0,1505620.0,0.9905743802692966
3984.0,1513880.0,0.99561086681594
3985.0,1519700.0,0.9990402376332177
3986.0,1516980.0,0.9968560167700138
3987.0,1514630.0,0.9949177094309865
3988.0,1519500.0,0.9977229118887915
3989.0,1522880.0,0.9995492737220039
3990.0,1523660.0,0.999669786377187
3991.0,1527300.0,1.0016674485166217
3992.0,1530340.0,1.0032718418677358
3993.0,1528310.0,1.0015541860321895
3994.0,1521240.0,0.9965380690196946
3995.0,1517190.0,0.9935053099110402
3996.0,1518970.0,0.9942930973005166
3997.0,1517030.0,0.9926482679005069
3998.0,1514210.0,0.9904312818046765
3999.0,1518930.0,0.9931482594899512
4000.0,1524390.0,0.9963492874669576
4001.0,1525850.0,0.9969369998640201
4002.0,1529440.0,0.9989180459370391
4003.0,1530950.0,0.9995423475031094
4004.0,1518680.0,0.9911754069621959
4005.0,1499970.0,0.9786157188942312
4006.0,1501750.0,0.9794313104840676
4007.0,1518060.0,0.9897224198074434
4008.0,1529530.0,0.9968551120795915
4009.0,1532520.0,0.9984613159683096
4010.0,1532580.0,0.9981614944596185
4011.0,1531340.0,0.9970188347884866
4012.0,1526710.0,0.9936738538082741
4013.0,1526690.0,0.9933338533698486
4014.0,1530260.0,0.9953323981066596
4015.0,1532790.0,0.996656662779451
4016.0,1534310.0,0.9973267883672295
4017.0,1533810.0,0.9966870734748893
4018.0,1534320.0,0.9967070409721074
4019.0,1534430.0,0.9964703842254771
4020.0,1532980.0,0.9952242324124619
4021.0,1533750.0,0.9954227425910853
4022.0,1536420.0,0.9968569592671166
4023.0,1538490.0,0.9979041972042808
4024.0,1536160.0,0.9961007307145469
4025.0,1532590.0,0.9934974881186037
4026.0,1534740.0,0.9946056246004646
4027.0,1538180.0,0.9965518343565735
4028.0,1537520.0,0.9958443194633645
4029.0,1530380.0,0.9909442001681309
4030.0,1512300.0,0.9789677826838729
4031.0,1501180.0,0.9715049572706477
4032.0,1501470.0,0.9714310433426545
4033.0,1493000.0,0.9656938054734474
4034.0,1490500.0,0.9638227608868892
4035.0,1507490.0,0.974555162548303
4036.0,1530590.0,0.9892336124657667
4037.0,1542330.0,0.9965670223262186
4038.0,1545480.0,0.9983504134776304
4039.0,1545230.0,0.9979397798601617
4040.0,1542600.0,0.9959953099122207
4041.0,1541110.0,0.9947902686999387
4042.0,1542810.0,0.9956470415059946
4043.0,1542180.0,0.9950026555221556
4044.0,1530370.0,0.987149555512382
4045.0,1503510.0,0.9695970482587959
4046.0,1492500.0,0.9622742418508888
4047.0,1516970.0,0.9778273116466496
4048.0,1537860.0,0.99106857181659
4049.0,1542540.0,0.993862125320545
4050.0,1544640.0,0.9949948781010516
4051.0,1547800.0,0.996812144968494
4052.0,1548310.0,0.9969246732750212
4053.0,1546210.0,0.995359296703092
4054.0,1544750.0,0.9942087745361529
4055.0,1544970.0,0.9941420202867302
4056.0,1546320.0,0.9948044932379589
4057.0,1546770.0,0.9948900146814504
4058.0,1546190.0,0.9943153163225228
4059.0,1547440.0,0.9949195961587635
4060.0,1550440.0,0.9966506995624373
4061.0,1550030.0,0.9961916532711256
4062.0,1535680.0,0.9867774875049773
4063.0,1509110.0,0.9695183358118988
4064.0,1505950.0,0.9673045108351372
4065.0,1528240.0,0.9814374971905476
4066.0,1538720.0,0.9879841777428505
4067.0,1540670.0,0.9890544369445254
4068.0,1546750.0,0.9927770610659822
4069.0,1551470.0,0.9956274944994412
4070.0,1543330.0,0.9902275985295131
4071.0,1519740.0,0.9749202246021177
4072.0,1511940.0,0.9697476088186379
4073.0,1533010.0,0.9830923802693107
4074.0,1548220.0,0.9926770768289861
4075.0,1549110.0,0.9930802384436827
4076.0,1539010.0,0.9864408778695033
4077.0,1516280.0,0.9717114634649037
4078.0,1510310.0,0.9677274732358103
4079.0,1533390.0,0.9823571134138519
4080.0,1552160.0,0.9942229433027447
4081.0,1557800.0,0.9976776419382479
4082.0,1557620.0,0.9974060801933522
4083.0,1553830.0,0.9948249155539209
4084.0,1548760.0,0.9914267176908297
4085.0,1548430.0,0.9910648941429101
4086.0,1553770.0,0.9943331882440674
4087.0,1558310.0,0.9970901013435141
4088.0,1560010.0,0.9980307414317356
4089.0,1560150.0,0.9979746639942079
4090.0,1559440.0,0.9973763783319076
4091.0,1558020.0,0.9963256205346399
4092.0,1555990.0,0.994886495740305
4093.0,1554110.0,0.9935450085719942
4094.0,1551110.0,0.9914892886190378
4095.0,1545610.0,0.9878376097068827
4096.0,1538620.0,0.9832360211680604
4097.0,1528900.0,0.9768925711214194
4098.0,1509430.0,0.9643230812785027
4099.0,1461970.0,0.9338786180698495
4100.0,1344490.0,0.8587217284276899
4101.0,1165240.0,0.7441383246977372
4102.0,1109720.0,0.7085909635911465
4103.0,1257500.0,0.8028503206458345
4104.0,1416000.0,0.9039298237183071
4105.0,1492460.0,0.9526195680248922
4106.0,1522900.0,0.9719277344004563
4107.0,1536730.0,0.9806327486004371
4108.0,1545140.0,0.9858783431282349
4109.0,1550080.0,0.9889098322809846
4110.0,1553530.0,0.9909910449217668
4111.0,1558020.0,0.99373599183823
4112.0,1561630.0,0.9959199497301797
4113.0,1563570.0,0.9970393428281316
4114.0,1564640.0,0.9976046025584613
4115.0,1565810.0,0.9982342954063711
4116.0,1566970.0,0.9988582575637892
4117.0,1565510.0,0.9978129266153529
4118.0,1560520.0,0.9945189090573581
4119.0,1558320.0,0.993004221144558
4120.0,1560680.0,0.9943959960401464
4121.0,1561830.0,0.9950172543113965
4122.0,1563260.0,0.9958173822052782
4123.0,1566180.0,0.9975669985181689
4124.0,1568320.0,0.9988200665126751
4125.0,1569050.0,0.9991755428384514
4126.0,1568430.0,0.9986719032211627
4127.0,1566980.0,0.9976404693853356
4128.0,1566660.0,0.9973291153207048
4129.0,1567970.0,0.9980558474422075
4130.0,1565310.0,0.9962561363654553
4131.0,1550600.0,0.9867887227981146
4132.0,1536060.0,0.9774319005064653
4133.0,1543960.0,0.982355038568086
4134.0,1557660.0,0.9909673940336797
4135.0,1564260.0,0.9950618000520116
4136.0,1568660.0,0.997756336181114
4137.0,1570450.0,0.998790664611542
4138.0,1571550.0,0.9993862560233486
4139.0,1572790.0,1.0000709861439576
4140.0,1573290.0,1.0002853069017685
4141.0,1571670.0,0.9991520384405759
4142.0,1561430.0,0.9925397792999734
4143.0,1538580.0,0.9779141734486366
4144.0,1529310.0,0.9719221955980873
4145.0,1549420.0,0.9846014957666624
4146.0,1567220.0,0.9958104933559884
4147.0,1570820.0,0.9979954976025294
4148.0,1569780.0,0.9972324381988444
4149.0,1568990.0,0.9966283651063748
4150.0,1570400.0,0.9974217501565992
4151.0,1573720.0,0.9994279927869034
4152.0,1574250.0,0.9996621806935214
4153.0,1570190.0,0.9969819604256919
4154.0,1564940.0,0.9935468142342503
4155.0,1566070.0,0.9941625128081322
4156.0,1570000.0,0.9965554132796339
4157.0,1570510.0,0.9967772379650026
4158.0,1570890.0,0.9969165492957596
4159.0,1573210.0,0.9982869000241402
4160.0,1575850.0,0.9998600408066896
4161.0,1576060.0,0.9998912424439149
4162.0,1574130.0,0.9985649416915454
4163.0,1571920.0,0.9970613432695957
4164.0,1572140.0,0.9970992665235106
4165.0,1575740.0,0.9992806983135092
4166.0,1576870.0,0.9998954910718398
4167.0,1574040.0,0.9979994087930183
4168.0,1573950.0,0.9978408331499083
4169.0,1576070.0,0.999083263157288
4170.0,1576530.0,0.9992732977063863
4171.0,1574340.0,0.9977838167172258
4172.0,1568850.0,0.9942034175789359
4173.0,1565300.0,0.991853065501952
4174.0,1566220.0,0.9923353592286057
4175.0,1568230.0,0.9935081331403753
4176.0,1570760.0,0.9950101068705703
4177.0,1570770.0,0.9949156643932676
4178.0,1570140.0,0.9944159505366683
4179.0,1573710.0,0.9965760932451145
4180.0,1574790.0,0.9971591688050397
4181.0,1569820.0,0.9939116871068528
4182.0,1567420.0,0.992291902232162
4183.0,1570390.0,0.9940717476453944
4184.0,1573100.0,0.9956867106067915
4185.0,1571960.0,0.9948647961576544
4186.0,1561700.0,0.9882717913068021
4187.0,1549080.0,0.9801868590819164
4188.0,1551550.0,0.9816508984185859
4189.0,1564530.0,0.9897635947144511
4190.0,1572220.0,0.9945284443278735
4191.0,1569730.0,0.9928535356424919
4192.0,1567690.0,0.9914636056583536
4193.0,1573050.0,0.9947535575478607
4194.0,1575460.0,0.9961775839707431
4195.0,1573730.0,0.9949838750241935
4196.0,1575950.0,0.9962875727709453
4197.0,1572200.0,0.9938173074672586
4198.0,1555380.0,0.9830866187307569
4199.0,1548030.0,0.9783430937810486
4200.0,1555330.0,0.9828583278942614
4201.0,1550960.0,0.9799988322705285
4202.0,1544010.0,0.9755099059041705
4203.0,1556830.0,0.9835114205556942
4204.0,1569500.0,0.9914166367250427
4205.0,1571190.0,0.9923852079314939
4206.0,1570780.0,0.9920273807024629
4207.0,1573410.0,0.9935893997510253
4208.0,1579860.0,0.9975632037497204
4209.0,1580480.0,0.9978554278690122
4210.0,1573460.0,0.9933245188844919
4211.0,1568990.0,0.990404217509304
4212.0,1570430.0,0.9912147888213612
4213.0,1572640.0,0.9925112091750767
4214.0,1565780.0,0.9880838130045599
4215.0,1543110.0,0.9736814537653757
4216.0,1533120.0,0.967282117214583
4217.0,1548440.0,0.9768512066710792
4218.0,1562560.0,0.985661499447789
4219.0,1570980.0,0.99087490688043
4220.0,1579920.0,0.9964152919451343
4221.0,1582160.0,0.9977295384208418
4222.0,1576190.0,0.9938667672469201
4223.0,1569070.0,0.9892797545753795
4224.0,1564320.0,0.9861878131813211
4225.0,1552140.0,0.9784129356170872
4226.0,1520180.0,0.9581722753071665
4227.0,1507360.0,0.9499984437692818
4228.0,1541560.0,0.971457246508416
4229.0,1569670.0,0.989074488148992
4230.0,1571400.0,0.9900674990958717
4231.0,1568760.0,0.9883073084565528
4232.0,1566720.0,0.9869254825506055
4233.0,1562350.0,0.9840763931671588
4234.0,1565180.0,0.9857625389232741
4235.0,1562020.0,0.9836762374382318
4236.0,1546690.0,0.9739271423402668
4237.0,1547140.0,0.9741154686976937
4238.0,1563140.0,0.984093509859275
4239.0,1577160.0,0.9928232591714448
4240.0,1584220.0,0.997170475269107
4241.0,1581390.0,0.9952923607938773
4242.0,1566680.0,0.9859383909526087
4243.0,1558080.0,0.9804310573710064
4244.0,1568870.0,0.9871249467487406
4245.0,1577900.0,0.992710328536847
4246.0,1566550.0,0.9854741887829785
4247.0,1550430.0,0.9752391299113021
4248.0,1545760.0,0.9722076094300776
4249.0,1537420.0,0.9668687140870386
4250.0,1527310.0,0.9604178884491911
4251.0,1539740.0,0.9681408287803698
4252.0,1564600.0,0.9836771930159246
4253.0,1562930.0,0.9825326046911997
4254.0,1539700.0,0.9678359627388721
4255.0,1535520.0,0.9651156549171744
4256.0,1559300.0,0.9799678633023758
4257.0,1581780.0,0.9940003615543519
4258.0,1583080.0,0.9947218720965454
4259.0,1568680.0,0.9855792309700202
4260.0,1549410.0,0.973378954965813
4261.0,1542590.0,0.9690017456573465
4262.0,1557560.0,0.9783118619662929
4263.0,1575160.0,0.9892720314982204
4264.0,1580230.0,0.9923615242402767
4265.0,1582440.0,0.9936546349118321
4266.0,1581710.0,0.9931016486520502
4267.0,1569290.0,0.9852097900706874
4268.0,1561730.0,0.9803703553451222
4269.0,1564210.0,0.9818338905476723
4270.0,1551390.0,0.9736945276846782
4271.0,1523400.0,0.9560365829278407
4272.0,1518430.0,0.9528272986723368
4273.0,1531780.0,0.9611135591675309
4274.0,1525650.0,0.9571767801972434
4275.0,1526340.0,0.957519213130403
4276.0,1553840.0,0.9746787933529509
4277.0,1577580.0,0.9894768973153873
4278.0,1580400.0,0.9911522551909471
4279.0,1564360.0,0.9810003892216087
4280.0,1547240.0,0.9701733150148997
4281.0,1548360.0,0.970784395034855
4282.0,1554230.0,0.9743732957228038
4283.0,1559900.0,0.9778362315893462
4284.0,1562440.0,0.9793367165728574
4285.0,1551030.0,0.9720939660722729
4286.0,1541680.0,0.9661436168821703
4287.0,1549670.0,0.9710601172936302
4288.0,1550660.0,0.9715898242049152
4289.0,1524690.0,0.955228886996609
4290.0,1503450.0,0.941834180878676
4291.0,1511600.0,0.9468516605208493
4292.0,1529840.0,0.9581879798781183
4293.0,1531990.0,0.9594455273289616
4294.0,1523540.0,0.954065035455744
4295.0,1526450.0,0.9557987778820597
4296.0,1527170.0,0.9561611237241792
4297.0,1510800.0,0.9458244266292579
4298.0,1490430.0,0.9329857855718582
4299.0,1460900.0,0.9144161095360301
4300.0,1442580.0,0.9028659288950642
4301.0,1452130.0,0.9087593163062021
4302.0,1459690.0,0.9134064508928654
4303.0,1460300.0,0.9137042246620952
4304.0,1467350.0,0.9180311404424194
4305.0,1472760.0,0.9213313923596199
4306.0,1464430.0,0.9160364209994437
4307.0,1435960.0,0.8981455971090567
4308.0,1413250.0,0.8838604871772142
4309.0,1425560.0,0.8914779220893588
4310.0,1442240.0,0.9018265928209911
4311.0,1448100.0,0.9054083776637534
4312.0,1460890.0,0.9133221064539752
4313.0,1490280.0,0.9316115604281718
4314.0,1523780.0,0.9524668124586729
4315.0,1553510.0,0.9709620774168265
4316.0,1583130.0,0.989385338713349
4317.0,1599130.0,0.9992942402756122
4318.0,1599380.0,0.9993601812121556
4319.0,1597110.0,0.9978517460774612
4320.0,1594550.0,0.996162507859209
4321.0,1589090.0,0.992662117992026
4322.0,1573610.0,0.9829037908246342
4323.0,1541210.0,0.9625797404919757
4324.0,1519290.0,0.9488042455883237
4325.0,1515620.0,0.9464275096725236
4326.0,1529950.0,0.9552903705933655
4327.0,1564720.0,0.9769131974519075
4328.0,1587640.0,0.9911345214039311
4329.0,1592230.0,0.9939113447774222
4330.0,1591520.0,0.9933796701246792
4331.0,1591480.0,0.9932663473514028
4332.0,1590630.0,0.9926476572335095
4333.0,1586520.0,0.9899949247008694
4334.0,1580060.0,0.9858764840945657
4335.0,1570450.0,0.9797936093426789
4336.0,1548800.0,0.9662008972392347
4337.0,1503250.0,0.9377022652424827
4338.0,1425140.0,0.8889001653126711
4339.0,1278790.0,0.7975472865430228
4340.0,1107670.0,0.6907635386765555
4341.0,1121220.0,0.6991521522186284
4342.0,1308970.0,0.816154643477449
4343.0,1456000.0,0.907749642786937
4344.0,1521190.0,0.9483096541450258
4345.0,1554440.0,0.9689530214451334
4346.0,1572500.0,0.9801250966417607
4347.0,1579270.0,0.9842589861974559
4348.0,1583950.0,0.9870898102669481
4349.0,1591160.0,0.9914967629463933
4350.0,1590520.0,0.9910119252228827
4351.0,1575980.0,0.98186729924611
4352.0,1564540.0,0.9746555600631871
4353.0,1573070.0,0.9798847351153412
4354.0,1585300.0,0.9874176909911908
4355.0,1586270.0,0.9879366731086272
4356.0,1585500.0,0.9873720879677209
4357.0,1590690.0,0.9905189878617379
4358.0,1593030.0,0.9918909213241879
4359.0,1588530.0,0.9890042090014931
4360.0,1588490.0,0.9888946196819438
4361.0,1595350.0,0.9930803020260071
4362.0,1595980.0,0.9933876353396914
4363.0,1590460.0,0.989867403787238
4364.0,1592430.0,0.9910090994445616
4365.0,1598400.0,0.9946398025453773
4366.0,1594960.0,0.9924149188766664
4367.0,1588550.0,0.9883426920918931
4368.0,1591200.0,0.9899076210946182
4369.0,1594210.0,0.991696341930456
4370.0,1590210.0,0.9891245940991981
4371.0,1587900.0,0.987604501569503
4372.0,1589610.0,0.9885848346376027
4373.0,1587560.0,0.9872269561656177
4374.0,1576930.0,0.9805343816552556
4375.0,1565860.0,0.97356947634992
4376.0,1567750.0,0.9746630255102388
4377.0,1580850.0,0.9827251312845333
4378.0,1591620.0,0.9893376996899563
4379.0,1595800.0,0.991853336315367
4380.0,1594870.0,0.9911928685682041
4381.0,1592200.0,0.9894513302134056
4382.0,1576690.0,0.9797316160810323
4383.0,1546810.0,0.9610850667439489
4384.0,1544910.0,0.9598251967318702
4385.0,1571860.0,0.9764881662742739
4386.0,1590220.0,0.9878125727365212
4387.0,1595640.0,0.9910978301958402
4388.0,1598270.0,0.9926498627579191
4389.0,1599110.0,0.9930901251932163
4390.0,1597910.0,0.9922636475581764
4391.0,1598220.0,0.9923750253994125
4392.0,1599330.0,0.9929832082938536
4393.0,1594730.0,0.9900465115955476
4394.0,1578620.0,0.9799653152577557
4395.0,1567110.0,0.9727412066551625
4396.0,1579940.0,0.9806255657451941
4397.0,1597850.0,0.9916615333579303
4398.0,1602380.0,0.9943925847928372
4399.0,1596120.0,0.9904278872865432
4400.0,1591850.0,0.9876986951464874
4401.0,1599010.0,0.9920614959066167
4402.0,1606450.0,0.9965974273820336
4403.0,1599000.0,0.9918961531871983
4404.0,1574900.0,0.9768682118050923
4405.0,1566310.0,0.9714624680068773
4406.0,1588160.0,0.984935815082219
4407.0,1605620.0,0.9956847960281078
4408.0,1609300.0,0.9978875566877198
4409.0,1610350.0,0.9984594291870067
4410.0,1612660.0,0.999812513721219
4411.0,1615460.0,1.0014692809070942
4412.0,1616800.0,1.0022208951010587
4413.0,1612210.0,0.9992969289220974
4414.0,1594680.0,0.9883535799485066
4415.0,1576150.0,0.9767923491305446
4416.0,1581630.0,0.980111688514921
4417.0,1593950.0,0.9876689506909178
4418.0,1600940.0,0.9919227622955232
4419.0,1611280.0,0.9982515013712491
4420.0,1618210.0,1.0024669250258929
4421.0,1618030.0,1.0022775888643374
4422.0,1616350.0,1.001159325850487
4423.0,1617410.0,1.0017383840937726
4424.0,1617860.0,1.0019397173743547
4425.0,1613810.0,0.9993545246995562
4426.0,1605920.0,0.9943921243085114
4427.0,1598400.0,0.989659711903058
4428.0,1603470.0,0.9927227451982583
4429.0,1614320.0,0.9993636237011598
4430.0,1617680.0,1.0013672085157714
4431.0,1618910.0,1.0020522273110317
4432.0,1620920.0,1.003220039816374
4433.0,1619710.0,1.0023950441271126
4434.0,1613130.0,0.9982472176306316
4435.0,1606930.0,0.9943352961653467
4436.0,1611010.0,0.9967846793721212
4437.0,1619510.0,1.0019684275426715
4438.0,1623430.0,1.0043181685610496
4439.0,1623490.0,1.0042799300762855
4440.0,1621860.0,1.0031964967400946
4441.0,1617330.0,1.0003197174298226
4442.0,1606980.0,0.9938441060230687
4443.0,1592680.0,0.984926889228992
4444.0,1590540.0,0.9835304300274835
4445.0,1606910.0,0.9935793636781746
4446.0,1619090.0,1.0010363979531236
4447.0,1619380.0,1.0011417764786834
4448.0,1618020.0,1.000227289107959
4449.0,1618030.0,1.0001599269902968
4450.0,1615870.0,0.9987514685940819
4451.0,1616650.0,0.9991604123882072
4452.0,1620750.0,1.0016211992181503
4453.0,1619330.0,1.0006706717205576
4454.0,1609780.0,0.99469683469266
4455.0,1604310.0,0.9912448979593229
4456.0,1611520.0,0.9956275538378829
4457.0,1619420.0,1.0004359885431193
4458.0,1620190.0,1.0008394661132243
4459.0,1617820.0,0.9993035044448441
4460.0,1616700.0,0.9985399653926373
4461.0,1613030.0,0.9962018155508229
4462.0,1612180.0,0.9956056492651666
4463.0,1617930.0,0.9990852744718753
4464.0,1620750.0,1.000755385163472
4465.0,1620180.0,1.0003323555710153
4466.0,1617620.0,0.9986809594252771
4467.0,1609470.0,0.993579058514603
4468.0,1596340.0,0.985403929584784
4469.0,1596580.0,0.9854826847011384
4470.0,1611430.0,0.994578912226331
4471.0,1621220.0,1.000551190681022
4472.0,1625010.0,1.0028200908019873
4473.0,1626450.0,1.003638708124851
4474.0,1626320.0,1.0034886305628319
4475.0,1624410.0,1.0022404933671403
4476.0,1622780.0,1.0011654310759321
4477.0,1624720.0,1.0022930151794194
4478.0,1627450.0,1.0039079205761228
4479.0,1628220.0,1.004313800819465
4480.0,1626860.0,1.0034060543272352
4481.0,1622080.0,1.0003893666774182
4482.0,1617020.0,0.9972005776115476
4483.0,1619570.0,0.9987050762978829
4484.0,1625350.0,1.002201168527739
4485.0,1627950.0,1.0037362714198002
4486.0,1628450.0,1.003976629712305
4487.0,1628170.0,1.0037362619059125
4488.0,1627080.0,1.00299677240541
4489.0,1625370.0,1.0018753777261467
4490.0,1624980.0,1.0015678873363052
4491.0,1626500.0,1.0024377642959805
4492.0,1627650.0,1.003079666902962
4493.0,1625970.0,1.0019777062468982
4494.0,1621440.0,0.9991199061107688
4495.0,1620570.0,0.9985177655746952
4496.0,1624410.0,1.0008177542761105
4497.0,1627330.0,1.0025508196315593
4498.0,1628510.0,1.0032119297499984
4499.0,1626800.0,1.0020929076589196
4500.0,1616890.0,0.9959234082581392
4501.0,1604160.0,0.9880180133797408
4502.0,1608970.0,0.9909161694682476
4503.0,1623380.0,0.9997260831362257
4504.0,1629880.0,1.003664123973241
4505.0,1630820.0,1.004178252360206
4506.0,1630430.0,1.0038735881047667
4507.0,1629240.0,1.0030765951868512
4508.0,1627900.0,1.0021875291373539
4509.0,1628780.0,1.0026653626674813
4510.0,1630540.0,1.0036849930074208
4511.0,1630770.0,1.0037629272880741
4512.0,1630410.0,1.003477892292023
4513.0,1630250.0,1.0033161523318916
4514.0,1629600.0,1.002853059576076
4515.0,1628660.0,1.0022117429612603
4516.0,1629100.0,1.0024198225328997
4517.0,1629710.0,1.0027326472074225
4518.0,1629490.0,1.0025349533319403
4519.0,1629690.0,1.00259584450556
4520.0,1629730.0,1.0025584753653858
4521.0,1628570.0,1.0017831287543337
4522.0,1625370.0,0.9997532632237088
4523.0,1624440.0,0.9991199965823607
4524.0,1626950.0,1.0006026425713541
4525.0,1628360.0,1.0014088054075974
4526.0,1628610.0,1.0015017129824464
4527.0,1625060.0,0.999258145487475
4528.0,1616960.0,0.9942173754160266
4529.0,1615180.0,0.9930631227358393
4530.0,1621380.0,0.9968152439487956
4531.0,1623940.0,0.9983293753305643
4532.0,1618610.0,0.9949933560904974
4533.0,1601900.0,0.9846628045507357
4534.0,1591760.0,0.9783718927232845
4535.0,1605080.0,0.9865006879845443
4536.0,1621850.0,0.9967489860663079
4537.0,1630170.0,1.0018034015097137
4538.0,1633030.0,1.0035022173531305
4539.0,1633450.0,1.0037017158045958
4540.0,1632920.0,1.0033176630085905
4541.0,1632080.0,1.002743374432292
4542.0,1632210.0,1.002765264628441
4543.0,1632770.0,1.0030514950773777
4544.0,1632220.0,1.0026560144147556
4545.0,1631620.0,1.0022300501442045
4546.0,1632100.0,1.002467675716107
4547.0,1631070.0,1.0017780399854708
4548.0,1621210.0,0.9956657249875124
4549.0,1602150.0,0.9839044274646732
4550.0,1599710.0,0.982350656424932
4551.0,1617690.0,0.9933360615603942
4552.0,1625580.0,0.9981250427808053
4553.0,1615090.0,0.991628770333403
4554.0,1604130.0,0.9848448528152266
4555.0,1611220.0,0.9891429349060293
4556.0,1623480.0,0.9966144631685886
4557.0,1630460.0,1.0008442715250814
4558.0,1633070.0,1.0023914628322246
4559.0,1633670.0,1.0027049871847633
4560.0,1634230.0,1.0029941172185983
4561.0,1633880.0,1.0027249316702587
4562.0,1628330.0,0.9992648573125535
4563.0,1614850.0,0.9909391681551308
4564.0,1609740.0,0.9877504674771476
4565.0,1621910.0,0.9951648884181463
4566.0,1632390.0,1.001541820495265
4567.0,1635250.0,1.003243315273677
4568.0,1635540.0,1.0033681834338954
4569.0,1634780.0,1.0028491132824968
4570.0,1629520.0,0.9995699293197876
4571.0,1615770.0,0.9910836717621228
4572.0,1607630.0,0.9860393835622284
4573.0,1618940.0,0.9929248437863787
4574.0,1631580.0,1.0006254543939164
4575.0,1635020.0,1.0026835230108977
4576.0,1634990.0,1.0026136914298704
4577.0,1635090.0,1.0026237779258904
4578.0,1635350.0,1.0027321654643924
4579.0,1635110.0,1.0025341740227514
4580.0,1634490.0,1.0021034223002456
4581.0,1633960.0,1.0017280875136931
4582.0,1632430.0,1.0007399511665676
4583.0,1627970.0,0.9979560028491395
4584.0,1625800.0,0.9965762444160179
4585.0,1629820.0,0.9989909538078028
4586.0,1633730.0,1.001338202655111
4587.0,1635230.0,1.0022083666261006
4588.0,1634880.0,1.001944863153649
4589.0,1632720.0,1.000572371777241
4590.0,1631220.0,0.9996046595244441
4591.0,1632530.0,1.000359114534288
4592.0,1633480.0,1.0008931129096676
4593.0,1634110.0,1.001231195458166
4594.0,1635650.0,1.0021269850172843
4595.0,1636600.0,1.0026614291887945
4596.0,1636870.0,1.0027794443397122
4597.0,1636950.0,1.0027812596968935
4598.0,1636980.0,1.0027526508159463
4599.0,1636930.0,1.0026752463285757
4600.0,1636380.0,1.0022918010849333
4601.0,1635260.0,1.001559484475272
4602.0,1633260.0,1.0002884856343741
4603.0,1632190.0,0.9995873604832709
4604.0,1634250.0,1.0008032952940387
4605.0,1636430.0,1.002092809590849
4606.0,1637120.0,1.0024700311041916
4607.0,1637170.0,1.0024555476442374
4608.0,1637310.0,1.0024963787351182
4609.0,1637550.0,1.0025986399165852
4610.0,1637270.0,1.0023827419936502
4611.0,1636630.0,1.0019466797360597
4612.0,1636660.0,1.0019210218441468
4613.0,1637080.0,1.0021343133192269
4614.0,1637440.0,1.002311068986907
4615.0,1637400.0,1.0022431820625628
4616.0,1636880.0,1.0018817192421767
4617.0,1636820.0,1.0018020378034729
4618.0,1637000.0,1.0018694584208454
4619.0,1636990.0,1.0018208071855073
4620.0,1637280.0,1.0019559614631437
4621.0,1637750.0,1.0022014658808551
4622.0,1638060.0,1.0023492568526655
4623.0,1638200.0,1.0023932282504202
4624.0,1638130.0,1.0023089189825156
4625.0,1637780.0,1.0020535167583184
4626.0,1637570.0,1.0018840037236378
4627.0,1637480.0,1.0017881338804597
4628.0,1635920.0,1.000793197459454
4629.0,1633430.0,0.9992296414881225
4630.0,1634240.0,0.9996850780710193
4631.0,1637120.0,1.0014068887185943
4632.0,1638160.0,1.0020033176889174
4633.0,1638000.0,1.0018659490597897
4634.0,1638100.0,1.001887828980655
4635.0,1638230.0,1.0019282729786052
4636.0,1638050.0,1.0017793461003057
4637.0,1637860.0,1.001624534061635
4638.0,1638020.0,1.0016839854712256
4639.0,1638490.0,1.00193321620569
4640.0,1638930.0,1.0021643037107724
4641.0,1639250.0,1.0023222199379846
4642.0,1639330.0,1.0023336021928655
4643.0,1639200.0,1.002216809516188
4644.0,1638930.0,1.0020146533748424
4645.0,1637900.0,1.0013480997120172
4646.0,1636460.0,1.0004311682225937
4647.0,1636460.0,1.0003948214664444
4648.0,1637480.0,1.000982220222092
4649.0,1638380.0,1.0014964471933514
4650.0,1638690.0,1.0016502232162068
4651.0,1637990.0,1.0011868711927125
4652.0,1637210.0,1.0006748796894862
4653.0,1637340.0,1.0007193280557476
4654.0,1637170.0,1.0005806489294038
4655.0,1637040.0,1.0004666505522513
4656.0,1637330.0,1.0006095573132472
4657.0,1637610.0,1.0007465694492765
4658.0,1638570.0,1.0012993340794254
4659.0,1639580.0,1.0018828415367458
4660.0,1639960.0,1.002081582132987
4661.0,1639940.0,1.0020361295360605
4662.0,1639760.0,1.001893148368587
4663.0,1639670.0,1.0018053935313418
4664.0,1639770.0,1.001833955941338
4665.0,1639730.0,1.0017772143628163
4666.0,1638970.0,1.001280843342188
4667.0,1637560.0,1.000387648245824
4668.0,1637170.0,1.0001178397825823
4669.0,1638090.0,1.0006485094094295
4670.0,1638750.0,1.0010205576375941
4671.0,1639260.0,1.0013011906723637
4672.0,1639660.0,1.0015148498177024
4673.0,1639640.0,1.0014721975306606
4674.0,1639760.0,1.00151528842301
4675.0,1640010.0,1.001638007646742
4676.0,1640170.0,1.0017059872645169
4677.0,1640120.0,1.001645946785379
4678.0,1639640.0,1.0013235444873438
4679.0,1639190.0,1.0010197160980234
4680.0,1639250.0,1.0010275779079574
4681.0,1639150.0,1.0009379716007563
4682.0,1639010.0,1.0008241811111769
4683.0,1639570.0,1.0011380603008164
4684.0,1640150.0,1.0014643704602402
4685.0,1640290.0,1.001522246063384
4686.0,1640310.0,1.0015070888249495
4687.0,1640410.0,1.0015410137324676
4688.0,1640550.0,1.0015995961434871
4689.0,1640560.0,1.0015790477251665
4690.0,1640280.0,1.0013816960719226
4691.0,1639920.0,1.0011357558863088
4692.0,1640060.0,1.0011952995017885
4693.0,1640470.0,1.0014199008260718
4694.0,1640640.0,1.0014982276784
4695.0,1640720.0,1.0015218540663577
4696.0,1640770.0,1.0015274085786938
4697.0,1640690.0,1.00145385438259
4698.0,1640480.0,1.0013011976733819
4699.0,1640400.0,1.0012281371154157
4700.0,1640350.0,1.0011736331199177
4701.0,1639130.0,1.0004052923060076
4702.0,1635140.0,0.9979466650080889
4703.0,1632110.0,0.9960742822295544
4704.0,1635120.0,0.9978883472640842
4705.0,1639030.0,1.0002518168075203
4706.0,1639880.0,1.0007480382991405
4707.0,1639170.0,1.0002925034237198
4708.0,1638710.0,0.9999897918172344
4709.0,1638950.0,1.0001144910288207
4710.0,1639590.0,1.0004835126065739
4711.0,1640320.0,1.0009076823949408
4712.0,1640700.0,1.001118519401712
4713.0,1640250.0,1.0008231584151561
4714.0,1639270.0,1.0002046768840607
4715.0,1639240.0,1.0001661020121673
4716.0,1640150.0,1.0007012976240497
4717.0,1640770.0,1.0010597875547829
4718.0,1640910.0,1.001125663191944
4719.0,1640920.0,1.001112474374353
4720.0,1640920.0,1.0010934357225483
4721.0,1640750.0,1.0009709368839341
4722.0,1640550.0,1.0008303920786987
4723.0,1640720.0,1.0009158212730425
4724.0,1641040.0,1.0010930046836477
4725.0,1641140.0,1.0011362286715515
4726.0,1640970.0,1.001015000086227
4727.0,1640610.0,1.0007781281562351
4728.0,1640460.0,1.000669616398824
4729.0,1640590.0,1.0007321573914623
4730.0,1640580.0,1.0007095543057551
4731.0,1640260.0,1.0004981179949528
4732.0,1640050.0,1.0003540383039486
4733.0,1639920.0,1.000259013969204
4734.0,1639990.0,1.000286235115183
4735.0,1640060.0,1.0003137114647658
4736.0,1639150.0,0.9997437257881132
4737.0,1638650.0,0.9994240755494379
4738.0,1639760.0,1.0000866276588896
4739.0,1640730.0,1.0006640337980506
4740.0,1640840.0,1.0007171840869244
4741.0,1640630.0,1.000575432113155
4742.0,1640660.0,1.0005803102752822
4743.0,1640980.0,1.0007623058924433
4744.0,1641210.0,1.000889670028831
4745.0,1641190.0,1.0008648307377703
4746.0,1641140.0,1.0008219575011577
4747.0,1641200.0,1.000846426984076
4748.0,1641240.0,1.0008589607084861
4749.0,1641190.0,1.0008168726787643
4750.0,1641130.0,1.0007689495341854
4751.0,1641070.0,1.0007212898054936
4752.0,1640860.0,1.0005824251161226
4753.0,1640270.0,1.0002121081420694
4754.0,1639730.0,0.9998725511705945
4755.0,1640080.0,1.0000759624182405
4756.0,1640530.0,1.0003406104144228
4757.0,1640690.0,1.000428687198768
4758.0,1640860.0,1.000523124851052
4759.0,1640970.0,1.0005812411691883
4760.0,1640900.0,1.0005298682156776
4761.0,1640340.0,1.0001799899661588
4762.0,1639370.0,0.9995803928277762
4763.0,1638800.0,0.9992249638412616
4764.0,1638980.0,0.9993271010886999
4765.0,1639580.0,0.9996855868074983
4766.0,1640060.0,0.9999711692671276
4767.0,1640460.0,1.0002082391179465
4768.0,1640810.0,1.0004150891739998
4769.0,1641010.0,1.000530750161306
4770.0,1641030.0,1.0005369332627267
4771.0,1640670.0,1.0003117014306406
4772.0,1640010.0,0.9999038343546889
4773.0,1639850.0,0.9998010875479015
4774.0,1640440.0,1.0001558784518332
4775.0,1640790.0,1.0003646130977992
4776.0,1640830.0,1.000384616340257
4777.0,1640990.0,1.0004780532748803
4778.0,1640830.0,1.0003766654871695
4779.0,1639880.0,0.9997939082566005
4780.0,1639120.0,0.9993272662172614
4781.0,1639650.0,0.9996473765444265
4782.0,1639880.0,0.9997848582262286
4783.0,1639100.0,0.9993068489748019
4784.0,1639190.0,0.9993595267035522
4785.0,1640030.0,0.9998697284911374
4786.0,1640010.0,0.9998558926545672
4787.0,1639790.0,0.9997204001804925
4788.0,1639750.0,0.9996949237890275
4789.0,1639330.0,0.9994380524793728
4790.0,1639440.0,0.9995045795838085
4791.0,1640180.0,0.9999554712299747
4792.0,1640480.0,1.00013838949825
4793.0,1640540.0,1.0001752673597522
4794.0,1640660.0,1.000249003877099
4795.0,1640730.0,1.0002925366242281
4796.0,1640670.0,1.0002570928460583
4797.0,1640390.0,1.0000878028141456
4798.0,1639890.0,0.9997846662069788
4799.0,1639800.0,0.9997317726206687
4800.0,1640210.0,0.9999839940283087
4801.0,1640500.0,1.0001633378112802
4802.0,1640520.0,1.0001783532243151
4803.0,1639990.0,0.9998583307176065
4804.0,1638360.0,0.9988679457664404
4805.0,1636950.0,0.9980119657163298
4806.0,1637930.0,0.9986133976197689
4807.0,1639550.0,0.9996053148901971
4808.0,1640220.0,1.0000183238068412
4809.0,1640250.0,1.0000414206668755
4810.0,1639940.0,0.9998575077125694
4811.0,1639820.0,0.9997897202557227
4812.0,1640000.0,0.9999051273079161
4813.0,1640080.0,0.9999598517193793
4814.0,1639920.0,0.9998685340485681
4815.0,1639880.0,0.9998506673495582
4816.0,1640090.0,0.9999855162282556
4817.0,1640180.0,1.0000474886008193
4818.0,1640110.0,1.0000121944527434
4819.0,1640030.0,0.9999710905232441
4820.0,1639970.0,0.9999424661889084
4821.0,1639770.0,0.999828760791014
4822.0,1638850.0,0.9992763185620342
4823.0,1637150.0,0.9982485399798375
4824.0,1636730.0,0.9980015004473003
4825.0,1638150.0,0.9988766830674098
4826.0,1639240.0,0.9995509273065385
4827.0,1639420.0,0.9996705578269633
4828.0,1639180.0,0.9995343460668942
4829.0,1638910.0,0.9993800966815284
4830.0,1638910.0,0.9993907429753914
4831.0,1638830.0,0.9993528584585
4832.0,1638680.0,0.999272536568379
4833.0,1638630.0,0.9992534405953658
4834.0,1638620.0,0.999258980596595
4835.0,1638530.0,0.9992159755000519
4836.0,1638470.0,0.9991915020886712
4837.0,1638450.0,0.9991916564356738
4838.0,1638140.0,0.9990151868800139
4839.0,1637480.0,0.9986254923435599
4840.0,1636880.0,0.9982726052248595
4841.0,1636650.0,0.9981455837998575
4842.0,1636590.0,0.998122458128465
4843.0,1636400.0,0.9980202631085885
4844.0,1636280.0,0.9979609716882879
4845.0,1636000.0,0.997804304534496
4846.0,1635310.0,0.9973977760490358
4847.0,1634420.0,0.996869455969131
4848.0,1633360.0,0.9962376336264125
4849.0,1632330.0,0.9956242892022815
4850.0,1631290.0,0.9950050221992401
4851.0,1629570.0,0.9939711563775858
4852.0,1627040.0,0.9924433731740805
4853.0,1623710.0,0.9904277455314872
4854.0,1618630.0,0.9873447578353277
4855.0,1611100.0,0.9827673561075482
4856.0,1600520.0,0.9763294582363383
4857.0,1583050.0,0.9656884991964536
4858.0,1547490.0,0.9440119516787316
4859.0,1462490.0,0.8921745586812394
4860.0,1286100.0,0.7845832427523064
4861.0,1111420.0,0.6780315910799357
4862.0,1159380.0,0.7073022296499297
4863.0,1361870.0,0.8308496588680849
4864.0,1503470.0,0.9172531177575524
4865.0,1563800.0,0.9540768141640579
4866.0,1590700.0,0.9705059042677244
4867.0,1605610.0,0.9796203453555012
4868.0,1614850.0,0.9852757931956554
4869.0,1620000.0,0.9884360889172961
4870.0,1619370.0,0.9880699284789851
4871.0,1614170.0,0.984915417264399
4872.0,1614980.0,0.9854280973996259
4873.0,1623790.0,0.9908224526431368
4874.0,1630650.0,0.9950272399352015
4875.0,1632980.0,0.9964680368208879
4876.0,1633360.0,0.9967190661393494
4877.0,1632300.0,0.9960914778140242
4878.0,1630980.0,0.9953053125461636
4879.0,1632620.0,0.9963256008125165
4880.0,1635340.0,0.9980051312070187
4881.0,1636180.0,0.9985374940603025
4882.0,1635910.0,0.9983925479825703
4883.0,1635430.0,0.9981195287264717
4884.0,1635290.0,0.9980541028798611
4885.0,1635840.0,0.9984098970777846
4886.0,1636340.0,0.9987352770886986
4887.0,1636600.0,0.998914269876628
4888.0,1636330.0,0.9987698557286221
4889.0,1633350.0,0.9969713738175915
4890.0,1623780.0,0.9911503788627246
4891.0,1613870.0,0.9851216781573561
4892.0,1618790.0,0.9881453594121103
4893.0,1631210.0,0.9957474950460946
4894.0,1637080.0,0.9993515800612076
4895.0,1638150.0,1.000025667803175
4896.0,1638270.0,1.0001198933637312
4897.0,1638240.0,1.0001226061094908
4898.0,1637950.0,0.9999666424067458
4899.0,1637150.0,0.9994993612674705
4900.0,1636430.0,0.9990809494845478
4901.0,1636660.0,0.9992425748908521
4902.0,1636190.0,0.9989768628835121
4903.0,1634630.0,0.9980456633652175
4904.0,1634800.0,0.9981707569642821
4905.0,1636560.0,0.9992667257652175
4906.0,1637630.0,0.999941455429817
4907.0,1637750.0,1.0000361592254026
4908.0,1637500.0,0.9999049657332478
4909.0,1636940.0,0.9995844999752126
4910.0,1636140.0,0.9991174966348905
4911.0,1635990.0,0.9990474421536392
4912.0,1636630.0,0.9994598586847789
4913.0,1637120.0,0.9997807254491113
4914.0,1637390.0,0.9999672880276165
4915.0,1637720.0,1.0001905407344005
4916.0,1637670.0,1.0001817638074038
4917.0,1635770.0,0.9990431436959025
4918.0,1629180.0,0.9950400454214241
4919.0,1618710.0,0.9886670092966489
4920.0,1611230.0,0.9841199936957994
4921.0,1615630.0,0.986829144050601
4922.0,1624660.0,0.9923665320956201
4923.0,1620440.0,0.9898107351060222
4924.0,1614480.0,0.9861920080655159
4925.0,1623390.0,0.9916565895814776
4926.0,1633780.0,0.9980255496828224
4927.0,1636970.0,0.9999964897013168
4928.0,1637300.0,1.0002204068372327
4929.0,1637320.0,1.0002550054449455
4930.0,1637200.0,1.0002041308889056
4931.0,1636730.0,0.9999394816205526
4932.0,1633410.0,0.9979336664314246
4933.0,1622330.0,0.9911867304747886
4934.0,1612640.0,0.9852888078984126
4935.0,1620150.0,0.9898997502945822
4936.0,1631690.0,0.9969733193082784
4937.0,1634980.0,0.9990063534535177
4938.0,1633590.0,0.9981799019672252
4939.0,1632030.0,0.997249598263062
4940.0,1633090.0,0.9979203008442846
4941.0,1635320.0,0.9993060602447319
4942.0,1636440.0,1.0000136400449808
4943.0,1636670.0,1.000177437421737
4944.0,1636720.0,1.0002313103038254
4945.0,1636570.0,1.0001630293955035
4946.0,1636250.0,0.9999909216073977
4947.0,1636280.0,1.0000327850900292
4948.0,1636550.0,1.000221406562112
4949.0,1636530.0,1.0002328661337332
4950.0,1636330.0,1.0001343849150024
4951.0,1636380.0,1.0001887808600194
4952.0,1636540.0,1.0003104930694031
4953.0,1636540.0,1.0003344900518976
4954.0,1636350.0,1.00024242790479
4955.0,1634190.0,0.9989462224491219
4956.0,1622960.0,0.9921056002540389
4957.0,1603510.0,0.9802397700439779
4958.0,1602860.0,0.9798663300440494
4959.0,1622090.0,0.991646368339287
4960.0,1633800.0,0.9988296902572998
4961.0,1636080.0,1.0002482454245714
4962.0,1636160.0,1.0003219144611168
4963.0,1636110.0,1.0003161947249593
4964.0,1635870.0,1.0001943964917948
4965.0,1635130.0,0.9997669689079994
4966.0,1634440.0,0.9993701847202858
4967.0,1634660.0,0.9995299031495685
4968.0,1635100.0,0.9998242490172555
4969.0,1635290.0,0.9999658327085099
4970.0,1635330.0,1.000015794379194
4971.0,1635310.0,1.000029165130771
4972.0,1635280.0,1.000036520132061
4973.0,1635260.0,1.0000500910601802
4974.0,1635370.0,1.0001432678582531
4975.0,1635460.0,1.0002243199071907
4976.0,1635400.0,1.0002137390950003
4977.0,1635240.0,1.0001421001924788
4978.0,1634900.0,0.9999604687084824
4979.0,1634330.0,0.9996382544457068
4980.0,1632750.0,0.9986983474020897
4981.0,1629210.0,0.9965596005715384
4982.0,1626710.0,0.9950570157254075
4983.0,1627980.0,0.9958606278441696
4984.0,1630100.0,0.997184366630197
4985.0,1631420.0,0.9980188904998603
4986.0,1632750.0,0.998859690868574
4987.0,1634070.0,0.9996945339517289
4988.0,1634500.0,0.9999850377149695
4989.0,1633860.0,0.99962103169794
4990.0,1631720.0,0.998339374730184
4991.0,1629770.0,0.9971740169335214
4992.0,1630830.0,0.9978504324967387
4993.0,1631690.0,0.9984046300634672
4994.0,1631120.0,0.9980839623767199
4995.0,1632100.0,0.9987118730209761
4996.0,1633560.0,0.9996336725853722
4997.0,1633800.0,0.9998090671532582
4998.0,1632720.0,0.9991767968752416
4999.0,1630720.0,0.9979815884381011
5000.0,1630140.0,0.9976554878896979
5001.0,1630760.0,0.9980639263324349
5002.0,1631150.0,0.9983317494311312
5003.0,1632100.0,0.9989424731178816
5004.0,1631830.0,0.998806630675916
5005.0,1627870.0,0.9964122806844158
5006.0,1623430.0,0.9937241084708608
5007.0,1624680.0,0.9945189434720388
5008.0,1629420.0,0.9974503678191122
5009.0,1632320.0,0.9992557152307394
5010.0,1631860.0,0.9990043606457473
5011.0,1627890.0,0.9966042872869657
5012.0,1623870.0,0.9941735971690412
5013.0,1624780.0,0.9947612609506733
5014.0,1626920.0,0.9961021865128107
5015.0,1628560.0,0.9971371981568865
5016.0,1628790.0,0.9973090754078395
5017.0,1620840.0,0.992472334096288
5018.0,1607030.0,0.984047129496915
5019.0,1608420.0,0.9849293869531147
5020.0,1622590.0,0.9936380356285461
5021.0,1629980.0,0.9981953346254682
5022.0,1630770.0,0.9987111249843434
5023.0,1630850.0,0.9987922712499766
5024.0,1631440.0,0.9991859293889824
5025.0,1631740.0,0.999402149892792
5026.0,1631810.0,0.9994776663961572
5027.0,1631640.0,0.9994063410389148
5028.0,1631550.0,0.9993841721131679
5029.0,1631630.0,0.999466295653597
5030.0,1631260.0,0.9992729251689281
5031.0,1630820.0,0.9990368212801691
5032.0,1631270.0,0.9993460943476926
5033.0,1631760.0,0.9996800573233537
5034.0,1631340.0,0.9994566869762364
5035.0,1630110.0,0.9987371955583573
5036.0,1629500.0,0.9983976966485856
5037.0,1630130.0,0.9988181184768679
5038.0,1630410.0,0.9990242775946423
5039.0,1629320.0,0.9983911320611237
5040.0,1626320.0,0.9965876900149494
5041.0,1622500.0,0.9942817900473628
5042.0,1622980.0,0.9946110693767887
5043.0,1627500.0,0.9974164669910893
5044.0,1630300.0,0.9991680962440568
5045.0,1630990.0,0.9996268169937288
5046.0,1631110.0,0.9997363849142522
5047.0,1630810.0,0.9995887043804317
5048.0,1629450.0,0.9987914525382638
5049.0,1626450.0,0.9969890279447606
5050.0,1623810.0,0.9954073349214158
5051.0,1622990.0,0.9949414216743978
5052.0,1624400.0,0.995842764256239
5053.0,1627910.0,0.9980318166867221
5054.0,1630060.0,0.9993874044423808
5055.0,1630470.0,0.9996764493442342
5056.0,1630420.0,0.9996836574510055
5057.0,1630330.0,0.9996665284452507
5058.0,1630240.0,0.999649588262062
5059.0,1630110.0,0.9996083093610633
5060.0,1629990.0,0.9995733519156902
5061.0,1629990.0,0.9996121766005686
5062.0,1629910.0,0.9996021357524284
5063.0,1629330.0,0.9992856341774008
5064.0,1627950.0,0.998478636188062
5065.0,1627240.0,0.9980827224493968
5066.0,1628150.0,0.9986806571674741
5067.0,1628620.0,0.9990089395336014
5068.0,1627710.0,0.9984909114629115
5069.0,1627270.0,0.9982613683482542
5070.0,1628200.0,0.9988724805085051
5071.0,1628790.0,0.9992752536651257
5072.0,1628630.0,0.9992181150937629
5073.0,1628500.0,0.9991795845898332
5074.0,1628360.0,0.9991351221436283
5075.0,1628220.0,0.9990908641396583
5076.0,1628380.0,0.9992309021226012
5077.0,1628370.0,0.9992668398257661
5078.0,1627230.0,0.9986095258782085
5079.0,1624960.0,0.9972588728997439
5080.0,1623900.0,0.9966509421260974
5081.0,1624850.0,0.9972768418658384
5082.0,1625250.0,0.9975654251429643
5083.0,1624210.0,0.9969703509213266
5084.0,1624800.0,0.997376010189405
5085.0,1626820.0,0.9986597607767321
5086.0,1627590.0,0.9991764697858067
5087.0,1627320.0,0.999054961787587
5088.0,1627300.0,0.9990871534666147
5089.0,1627570.0,0.9992976256825972
5090.0,1627540.0,0.9993241382796089
5091.0,1627420.0,0.9992956152260896
5092.0,1627500.0,0.999390128832139
5093.0,1627570.0,0.9994787375351863
5094.0,1627530.0,0.9995000295658252
5095.0,1627350.0,0.9994355722579668
5096.0,1626960.0,0.9992423623322422
5097.0,1626250.0,0.9988528201301223
5098.0,1625260.0,0.9982914883999364
5099.0,1624850.0,0.9980866105865193
5100.0,1625600.0,0.9985945277989322
5101.0,1626420.0,0.9991457315031456
5102.0,1626670.0,0.9993470444046345
5103.0,1626600.0,0.9993520127961544
5104.0,1626400.0,0.9992773474695258
5105.0,1625840.0,0.9989817166201642
5106.0,1624140.0,0.9979858021090405
5107.0,1621260.0,0.9962649218655935
5108.0,1620590.0,0.9959022280681281
5109.0,1621300.0,0.9963878364165007
5110.0,1619840.0,0.9955400740183021
5111.0,1620640.0,0.9960815192871773
5112.0,1623960.0,0.9981721917791297
5113.0,1625580.0,0.9992183601615652
5114.0,1625720.0,0.9993551054983796
5115.0,1625560.0,0.9993076916926352
5116.0,1625510.0,0.9993281506741304
5117.0,1625550.0,0.999404197753461
5118.0,1625510.0,0.9994313195479809
5119.0,1625390.0,0.9994095095430799
5120.0,1625220.0,0.9993572083218875
5121.0,1624950.0,0.9992436652183335
5122.0,1624190.0,0.9988290330359656
5123.0,1622640.0,0.9979287638755391
5124.0,1621830.0,0.9974837858356048
5125.0,1622480.0,0.9979370220699076
5126.0,1622780.0,0.9981752836845535
5127.0,1622100.0,0.9978110019495872
5128.0,1621590.0,0.9975515239042297
5129.0,1621580.0,0.9975998842856314
5130.0,1622420.0,0.998171467320649
5131.0,1623240.0,0.9987310748110165
5132.0,1623010.0,0.9986449383365532
5133.0,1621920.0,0.9980298602893407
5134.0,1621660.0,0.9979257276675266
5135.0,1622770.0,0.9986649418550003
5136.0,1623060.0,0.9988998225431115
5137.0,1621850.0,0.9982117554983163
5138.0,1618440.0,0.9961697201269418
5139.0,1613660.0,0.9932843836037654
5140.0,1614450.0,0.9938277398150664
5141.0,1618690.0,0.9964952645849056
5142.0,1619270.0,0.9969100229060409
5143.0,1619030.0,0.9968201783238795
5144.0,1620830.0,0.9979866137744646
5145.0,1622150.0,0.9988578258871432
5146.0,1622160.0,0.9989226467096843
5147.0,1621920.0,0.9988337139559467
5148.0,1621810.0,0.9988250267671547
5149.0,1621520.0,0.99870566374063
5150.0,1620060.0,0.9978658163753549
5151.0,1618540.0,0.9969890895153026
5152.0,1619000.0,0.9973321471261899
5153.0,1619810.0,0.9978910354212764
5154.0,1619850.0,0.9979757666869473
5155.0,1620500.0,0.9984365084396474
5156.0,1621420.0,0.9990638281500318
5157.0,1621860.0,0.9993955994017999
5158.0,1621910.0,0.9994872257644835
5159.0,1621810.0,0.9994865658274207
5160.0,1621660.0,0.999455229874949
5161.0,1621150.0,0.9992021381148586
5162.0,1620480.0,0.9988505235876363
5163.0,1620480.0,0.9989120002154922
5164.0,1619930.0,0.9986345492443113
5165.0,1612910.0,0.9943683890184952
5166.0,1584900.0,0.977160555551255
5167.0,1542450.0,0.9510472484493924
5168.0,1534840.0,0.9464138577559367
5169.0,1562330.0,0.9634247131467822
5170.0,1588410.0,0.979568236522882
5171.0,1585750.0,0.9779888750842064
5172.0,1557450.0,0.960595305201321
5173.0,1555320.0,0.959341634674244
5174.0,1589690.0,0.9806029685185532
5175.0,1613950.0,0.9956302797236989
5176.0,1619650.0,0.9992093416320805
5177.0,1620140.0,0.9995745148381096
5178.0,1620140.0,0.999637460678696
5179.0,1620070.0,0.9996572768269387
5180.0,1619730.0,0.999510533751596
5181.0,1616370.0,0.9975001055050755
5182.0,1597770.0,0.9860839072310112
5183.0,1561550.0,0.9637912102974714
5184.0,1555450.0,0.960087014907633
5185.0,1589050.0,0.9808883844851555
5186.0,1611550.0,0.9948401729463222
5187.0,1615100.0,0.9970948156660722
5188.0,1611360.0,0.9948489350204018
5189.0,1609730.0,0.9939055711403293
5190.0,1612020.0,0.9953825976245899
5191.0,1609970.0,0.9941798007273056
5192.0,1606400.0,0.9920381675580835
5193.0,1608260.0,0.9932497850542837
5194.0,1610500.0,0.9946962452591132
5195.0,1610380.0,0.9946851695665212
5196.0,1612670.0,0.9961627541865481
5197.0,1614880.0,0.9975910816867999
5198.0,1615390.0,0.9979693208267382
5199.0,1616130.0,0.9984896748609587
5200.0,1616740.0,0.998929734276813
5201.0,1616280.0,0.998708647963399
5202.0,1614650.0,0.9977644916320958
5203.0,1611120.0,0.9956459957841169
5204.0,1603630.0,0.9910798070640686
5205.0,1596500.0,0.9867354851403953
5206.0,1595600.0,0.9862413188953942
5207.0,1597900.0,0.9877250686595652
5208.0,1595300.0,0.9861798586165554
5209.0,1598280.0,0.9880840290402321
5210.0,1608290.0,0.9943346954286739
5211.0,1613940.0,0.9978902941798058
5212.0,1615860.0,0.999139863744834
5213.0,1616330.0,0.9994928545647972
5214.0,1615340.0,0.9989429101056527
5215.0,1612520.0,0.9972610312310498
5216.0,1609910.0,0.9957087166350133
5217.0,1610870.0,0.9963642323406096
5218.0,1613800.0,0.9982382822306533
5219.0,1615480.0,0.9993391889091765
5220.0,1615870.0,0.9996420586408062
5221.0,1615850.0,0.9996911760896704
5222.0,1615730.0,0.9996782919640195
5223.0,1615480.0,0.9995848277705793
5224.0,1614420.0,0.9989899858067824
5225.0,1608580.0,0.995436916459236
5226.0,1592070.0,0.9852799479278067
5227.0,1578900.0,0.9771887315620631
5228.0,1590110.0,0.984186188683907
5229.0,1606730.0,0.9945330178254352
5230.0,1612210.0,0.9979850997608786
5231.0,1611150.0,0.9973888435075576
5232.0,1604380.0,0.9932573728335785
5233.0,1599030.0,0.9900044446049766
5234.0,1603590.0,0.992886936623414
5235.0,1609980.0,0.9969028021950682
5236.0,1612920.0,0.9987826691409433
5237.0,1613780.0,0.999374570666149
5238.0,1613850.0,0.9994771974359082
5239.0,1613680.0,0.9994311117691884
5240.0,1613520.0,0.9993911411189348
5241.0,1613490.0,0.9994316247086213
5242.0,1613300.0,0.9993729411932658
5243.0,1613200.0,0.9993699543193015
5244.0,1613270.0,0.999472243958444
5245.0,1613150.0,0.9994567915515494
5246.0,1612750.0,0.9992678193023977
5247.0,1612330.0,0.999066410783458
5248.0,1612310.0,0.9991128359755204
5249.0,1612220.0,0.9991158803659456
5250.0,1611630.0,0.9988090508898887
5251.0,1611520.0,0.9987996918563605
5252.0,1612000.0,0.9991560439042813
5253.0,1612090.0,0.9992707159809207
5254.0,1611730.0,0.9991064790082653
5255.0,1611460.0,0.998998055181796
5256.0,1611680.0,0.9991934498813917
5257.0,1611960.0,0.9994261215221887
5258.0,1611950.0,0.9994790690069539
5259.0,1611750.0,0.9994142759208093
5260.0,1611270.0,0.999175918254764
5261.0,1609970.0,0.9984290894429587
5262.0,1608220.0,0.9974031766831494
5263.0,1607100.0,0.9967679832545271
5264.0,1606160.0,0.9962444671528934
5265.0,1604010.0,0.9949704360370353
5266.0,1601050.0,0.9931938977837028
5267.0,1600140.0,0.9926890451673852
5268.0,1590790.0,0.9869479745741162
5269.0,1562790.0,0.9696349378441034
5270.0,1550320.0,0.9619561441507828
5271.0,1574820.0,0.9772174337680926
5272.0,1599740.0,0.9927413776596674
5273.0,1607170.0,0.9974130556766879
5274.0,1607840.0,0.9978899581588397
5275.0,1606800.0,0.9973057471459889
5276.0,1605770.0,0.996727866516306
5277.0,1607290.0,0.9977330418367145
5278.0,1609110.0,0.998924789821104
5279.0,1609480.0,0.9992166974231942
5280.0,1608790.0,0.998850743817181
5281.0,1607120.0,0.9978764856508633
5282.0,1605370.0,0.9968526691790593
5283.0,1604230.0,0.9962077735524525
5284.0,1604660.0,0.9965380640699468
5285.0,1606980.0,0.9980424756904483
5286.0,1608520.0,0.9990628862292948
5287.0,1608760.0,0.9992762146510716
5288.0,1608610.0,0.9992475930337541
5289.0,1608480.0,0.9992316851266678
5290.0,1608420.0,0.9992595642607567
5291.0,1608340.0,0.9992753287416386
5292.0,1608180.0,0.9992417027181008
5293.0,1608020.0,0.9992083951246122
5294.0,1607890.0,0.9991940564282581
5295.0,1607580.0,0.9990681884693209
5296.0,1606820.0,0.9986629671435101
5297.0,1605830.0,0.9981150857569872
5298.0,1605360.0,0.9978907217940927
5299.0,1605930.0,0.9983132021382084
5300.0,1606520.0,0.9987485490980748
5301.0,1606020.0,0.9985066558738923
5302.0,1605120.0,0.9980164087774902
5303.0,1605390.0,0.998253999586333
5304.0,1606300.0,0.9988899903186711
5305.0,1606580.0,0.9991346444260194
5306.0,1606230.0,0.9989878730989677
5307.0,1605680.0,0.9987170423792723
5308.0,1605640.0,0.9987637638574465
5309.0,1605970.0,0.9990410085652786
5310.0,1606090.0,0.9991879881964263
5311.0,1606000.0,0.9992046684129016
5312.0,1605860.0,0.9991905690414306
5313.0,1605670.0,0.9991456771247863
5314.0,1605310.0,0.9989953028289938
5315.0,1603830.0,0.9981481812738009
5316.0,1600860.0,0.9963738630499173
5317.0,1600190.0,0.9960312023326597
5318.0,1602780.0,0.9977181058138603
5319.0,1604520.0,0.9988763895359103
5320.0,1604760.0,0.9991012480094834
5321.0,1604520.0,0.9990275496732098
5322.0,1603450.0,0.9984372821450349
5323.0,1599910.0,0.99630904664057
5324.0,1596060.0,0.9939876789846501
5325.0,1597250.0,0.9948052339222548
5326.0,1595620.0,0.9938666575306037
5327.0,1577410.0,0.9826001582115275
5328.0,1558480.0,0.9708836022062194
5329.0,1570470.0,0.9784291207950816
5330.0,1593130.0,0.9926241359152651
5331.0,1601860.0,0.9981415997986645
5332.0,1602480.0,0.998606281223758
5333.0,1602050.0,0.9984168618527919
5334.0,1602340.0,0.9986763533136572
5335.0,1602210.0,0.9986742818293095
5336.0,1600900.0,0.9979368256454659
5337.0,1600150.0,0.9975485356587868
5338.0,1600730.0,0.9979895521221338
5339.0,1599520.0,0.9973147198088554
5340.0,1595720.0,0.995024918263086
5341.0,1594060.0,0.9940694213139423
5342.0,1597410.0,0.9962384430862496
5343.0,1600850.0,0.9984640836570617
5344.0,1601460.0,0.9989249753021102
5345.0,1600470.0,0.9983879710237007
5346.0,1599800.0,0.9980506334388493
5347.0,1600100.0,0.9983185461764743
5348.0,1599930.0,0.9982933466937993
5349.0,1599640.0,0.9981933614747628
5350.0,1600100.0,0.9985614999644502
5351.0,1600730.0,0.9990358847658717
5352.0,1600820.0,0.999173379635186
5353.0,1600570.0,0.9990987389850552
5354.0,1600500.0,0.9991365226530152
5355.0,1600590.0,0.9992742656146016
5356.0,1600560.0,0.9993371633406323
5357.0,1600440.0,0.9993439238271669
5358.0,1600320.0,0.9993507293267417
5359.0,1600190.0,0.9993513284275743
5360.0,1600030.0,0.9993332219547789
5361.0,1599690.0,0.9992027056846031
5362.0,1599070.0,0.9988972783747437
5363.0,1598490.0,0.998616802821594
5364.0,1598090.0,0.9984487476149231
5365.0,1597710.0,0.9982931629161778
5366.0,1597600.0,0.9983062709398856
5367.0,1597200.0,0.9981381529950478
5368.0,1596830.0,0.9979887590888726
5369.0,1594630.0,0.9966955340249027
5370.0,1584520.0,0.9904576878058282
5371.0,1569050.0,0.9808680984558021
5372.0,1570310.0,0.9817363070054521
5373.0,1586940.0,0.9922145651133427
5374.0,1596280.0,0.9981361925525867
5375.0,1597990.0,0.9992874523934988
5376.0,1598040.0,0.9994007582145709
5377.0,1597890.0,0.9993890016420186
5378.0,1597670.0,0.9993334667256911
5379.0,1597260.0,0.9991590777980064
5380.0,1596490.0,0.9987594546641752
5381.0,1595700.0,0.9983472628755389
5382.0,1594820.0,0.9978787009289382
5383.0,1593530.0,0.9971535150838997
5384.0,1594010.0,0.9975358926856842
5385.0,1595800.0,0.9987382146282678
5386.0,1596570.0,0.9993023235167375
5387.0,1596550.0,0.9993720326184914
5388.0,1596350.0,0.9993290858257561
5389.0,1596080.0,0.9992423225517053
5390.0,1595880.0,0.9991993882307493
5391.0,1595550.0,0.9990750616051562
5392.0,1594580.0,0.9985499534925564
5393.0,1593540.0,0.9979809373733437
5394.0,1593610.0,0.998107058519728
5395.0,1591770.0,0.9970368523191744
5396.0,1582220.0,0.9911367780433704
5397.0,1572560.0,0.9851668375134207
5398.0,1578750.0,0.989126352760093
5399.0,1589940.0,0.9962194262013736
5400.0,1593830.0,0.9987393046673683
5401.0,1594230.0,0.9990725073863624
5402.0,1593880.0,0.9989357387682751
5403.0,1591570.0,0.9975704743100046
5404.0,1584750.0,0.9933779785207818
5405.0,1573020.0,0.9861067949316838
5406.0,1569540.0,0.9840066835185611
5407.0,1581210.0,0.991405170229112
5408.0,1590210.0,0.9971307028977571
5409.0,1590590.0,0.9974516491685647
5410.0,1589300.0,0.9967253399606226
5411.0,1590310.0,0.9974414969357231
5412.0,1592080.0,0.9986345125195796
5413.0,1592580.0,0.9990310799589188
5414.0,1591410.0,0.9983800592283726
5415.0,1589980.0,0.9975658347735635
5416.0,1590550.0,0.9980064259198298
5417.0,1591790.0,0.9988675551675616
5418.0,1591850.0,0.9989883340771507
5419.0,1591590.0,0.998908328702144
5420.0,1591780.0,0.9991107945311816
5421.0,1591920.0,0.9992819421800418
5422.0,1591560.0,0.9991392663424071
5423.0,1590220.0,0.9983813326563812
5424.0,1588930.0,0.9976547023188133
5425.0,1589550.0,0.9981273349003293
5426.0,1590740.0,0.9989580340173906
5427.0,1590260.0,0.9987400901081223
5428.0,1584330.0,0.9950990671184666
5429.0,1571220.0,0.9869474225530909
5430.0,1567310.0,0.9845738316919637
5431.0,1579110.0,0.9920696283261896
5432.0,1587190.0,0.9972294507234135
5433.0,1584280.0,0.995484597702366
5434.0,1575810.0,0.9902455665754412
5435.0,1575390.0,0.9900647763224675
5436.0,1583710.0,0.995377173741035
5437.0,1588720.0,0.9986099657738797
5438.0,1589720.0,0.9993225979989868
5439.0,1589740.0,0.9994193002179089
5440.0,1589620.0,0.999428043416374
5441.0,1589480.0,0.9994242588915029
5442.0,1589330.0,0.9994142323525705
5443.0,1589080.0,0.9993413635812384
5444.0,1588130.0,0.9988282771136137
5445.0,1583760.0,0.9961640180361853
5446.0,1572560.0,0.9892030149895824
5447.0,1565730.0,0.9849900206358426
5448.0,1574930.0,0.9908615799745228
5449.0,1585060.0,0.9973193406221025
5450.0,1587920.0,0.9992035778220036
5451.0,1588100.0,0.9994016456725248
5452.0,1587910.0,0.9993669369593728
5453.0,1586870.0,0.9987972745321971
5454.0,1581660.0,0.9956026922424219
5455.0,1571710.0,0.9894236937253124
5456.0,1570190.0,0.9885510078587496
5457.0,1579560.0,0.9945348753601286
5458.0,1585730.0,0.9985048388851769
5459.0,1586910.0,0.9993331582545146
5460.0,1586850.0,0.9993807385397576
5461.0,1586540.0,0.999270924706149
5462.0,1585840.0,0.998915491421243
5463.0,1585160.0,0.9985726559660325
5464.0,1585340.0,0.998771626054697
5465.0,1585790.0,0.9991408069842285
5466.0,1585820.0,0.9992454653977876
5467.0,1585730.0,0.999274583878003
5468.0,1585690.0,0.9993352811531597
5469.0,1585590.0,0.9993582357007126
5470.0,1585450.0,0.9993560449794328
5471.0,1585290.0,0.9993413107763388
5472.0,1585080.0,0.9992951173022868
5473.0,1584780.0,0.9991922373041694
5474.0,1584380.0,0.9990263512130956
5475.0,1582880.0,0.9981668415540884
5476.0,1578910.0,0.9957495296719417
5477.0,1576660.0,0.9944166899316915
5478.0,1579830.0,0.9965024372902146
5479.0,1583080.0,0.9986390814089425
5480.0,1583820.0,0.9991926699703252
5481.0,1583660.0,0.999178588436127
5482.0,1583530.0,0.9991835052899631
5483.0,1583460.0,0.9992263572944208
5484.0,1583410.0,0.9992819111835046
5485.0,1583320.0,0.9993123019022534
5486.0,1583050.0,0.999229154661918
5487.0,1582540.0,0.9989945641493505
5488.0,1582240.0,0.9988925825144399
5489.0,1582300.0,0.9990179501245838
5490.0,1582180.0,0.9990297566137704
5491.0,1582030.0,0.9990226943060275
5492.0,1582060.0,0.9991293809594233
5493.0,1581980.0,0.9991666847120008
5494.0,1581880.0,0.9991914355610427
5495.0,1581620.0,0.9991151916444244
5496.0,1580250.0,0.9983377548143266
5497.0,1577850.0,0.9969094846218503
5498.0,1577650.0,0.996871151486078
5499.0,1579580.0,0.9981788887727971
5500.0,1579800.0,0.9984062402260312
5501.0,1578290.0,0.9975402782945831
5502.0,1578220.0,0.9975844523702155
5503.0,1579680.0,0.9985958980345703
5504.0,1580270.0,0.9990575764170103
5505.0,1579230.0,0.9984888211697628
5506.0,1576580.0,0.9969020037316301
5507.0,1575430.0,0.9962635401949459
5508.0,1577530.0,0.9976804397270295
5509.0,1579270.0,0.9988699690505407
5510.0,1579560.0,0.9991425936139561
5511.0,1579380.0,0.9991180171970099
5512.0,1578990.0,0.9989606511482467
5513.0,1578690.0,0.9988602741509034
5514.0,1578710.0,0.9989624388617954
5515.0,1578820.0,0.9991216492599175
5516.0,1578830.0,0.9992176725623688
5517.0,1578750.0,0.9992568211516959
5518.0,1578630.0,0.999270729601427
5519.0,1578500.0,0.9992783827372116
5520.0,1578300.0,0.9992417920715617
5521.0,1578070.0,0.9991862723917796
5522.0,1577920.0,0.9991814734920773
5523.0,1577830.0,0.9992147433863338
5524.0,1577650.0,0.9991910911499706
5525.0,1577140.0,0.9989584856014775
5526.0,1575780.0,0.9981874727380623
5527.0,1572790.0,0.9963837654682087
5528.0,1569330.0,0.9942820248518324
5529.0,1570300.0,0.9949869492649205
5530.0,1574370.0,0.9976565010202533
5531.0,1576340.0,0.9989957485768097
5532.0,1576530.0,0.9992071455340309
5533.0,1576300.0,0.9991524324090896
5534.0,1575940.0,0.9990153723507376
5535.0,1575660.0,0.9989290775070065
5536.0,1575710.0,0.999052069968267
5537.0,1575770.0,0.9991814980043996
5538.0,1575680.0,0.9992158995321033
5539.0,1575540.0,0.9992186691312254
5540.0,1575420.0,0.9992341966381827
5541.0,1575280.0,0.9992371125898758
5542.0,1575060.0,0.9991893505703462
5543.0,1574800.0,0.9991162741672577
5544.0,1574620.0,0.9990940161629233
5545.0,1574540.0,0.9991352816863304
5546.0,1574440.0,0.9991639344120735
5547.0,1574310.0,0.999173624080363
5548.0,1574190.0,0.9991897347107858
5549.0,1574050.0,0.9991932243102163
5550.0,1573910.0,0.9991967863422896
5551.0,1573770.0,0.9992004207906771
5552.0,1573600.0,0.999185078609868
5553.0,1573400.0,0.9991507544828033
5554.0,1573130.0,0.9990720396626119
5555.0,1572930.0,0.9990378419610076
5556.0,1572880.0,0.9990989900293639
5557.0,1572820.0,0.9991538684160577
5558.0,1572680.0,0.9991580028136933
5559.0,1572540.0,0.9991622094916787
5560.0,1572350.0,0.9991347164137941
5561.0,1572040.0,0.9990310296789104
5562.0,1571680.0,0.9988956170173643
5563.0,1571460.0,0.9988492370027638
5564.0,1571420.0,0.9989173417053695
5565.0,1571320.0,0.998947386214863
5566.0,1571160.0,0.998939359798456
5567.0,1570990.0,0.998925044554818
5568.0,1570380.0,0.9986309944564778
5569.0,1569140.0,0.9979362949934053
5570.0,1568720.0,0.9977630857772556
5571.0,1568970.0,0.9980160995427582
5572.0,1567600.0,0.9972386587795137
5573.0,1566570.0,0.9966774558582833
5574.0,1568030.0,0.9977005461867741
5575.0,1569150.0,0.9985075463280632
5576.0,1569070.0,0.998551093906428
5577.0,1569220.0,0.9987411057619845
5578.0,1569480.0,0.9990012414224884
5579.0,1569460.0,0.9990832555352238
5580.0,1569240.0,0.9990380284470697
5581.0,1568710.0,0.9987954870264996
5582.0,1568260.0,0.9986039110146737
5583.0,1568360.0,0.9987626201539639
5584.0,1568340.0,0.9988450045825599
5585.0,1566990.0,0.9980803437328138
5586.0,1563540.0,0.9959779037217729
5587.0,1560760.0,0.9943019648115258
5588.0,1560030.0,0.9939318793106994
5589.0,1560760.0,0.9944920826424578
5590.0,1563840.0,0.9965499903174886
5591.0,1566380.0,0.9982642169524744
5592.0,1566940.0,0.9987168546851567
5593.0,1565800.0,0.9980860207273461
5594.0,1563780.0,0.9968941447920899
5595.0,1563780.0,0.9969899636857049
5596.0,1565470.0,0.9981634365701972
5597.0,1565590.0,0.9983360574065562
5598.0,1564240.0,0.9975713106353311
5599.0,1564060.0,0.9975527090347603
5600.0,1564880.0,0.9981720325028228
5601.0,1564730.0,0.9981727632061381
5602.0,1563940.0,0.9977652558246576
5603.0,1563730.0,0.9977278049279077
5604.0,1564600.0,0.998379570550711
5605.0,1565330.0,0.9989421891048844
5606.0,1565420.0,0.9990965202250142
5607.0,1565280.0,0.9991041444035305
5608.0,1565110.0,0.9990926894800864
5609.0,1564950.0,0.999087686456984
5610.0,1564800.0,0.999089137177933
5611.0,1564660.0,0.9990970434900734
5612.0,1564480.0,0.9990794771625042
5613.0,1563930.0,0.9988256716098235
5614.0,1561420.0,0.9973199828198549
5615.0,1556500.0,0.9942745888357493
5616.0,1555400.0,0.9936690802833124
5617.0,1559760.0,0.9965519912643964
5618.0,1562750.0,0.9985601388427426
5619.0,1563260.0,0.9989839331700284
5620.0,1563180.0,0.9990308103193195
5621.0,1563050.0,0.9990458080586733
5622.0,1562840.0,0.9990097401485476
5623.0,1562300.0,0.998762768988483
5624.0,1561440.0,0.998311225790097
5625.0,1561220.0,0.9982688892752407
5626.0,1561760.0,0.9987126178036732
5627.0,1562030.0,0.9989838269101611
5628.0,1561960.0,0.9990376931845687
5629.0,1561830.0,0.9990532593588887
5630.0,1561680.0,0.9990561033090167
5631.0,1561520.0,0.9990526191726637
5632.0,1561350.0,0.9990428050324369
5633.0,1561150.0,0.9990138605322885
5634.0,1560960.0,0.998991379348784
5635.0,1560820.0,0.9990009653156299
5636.0,1560660.0,0.9989978200823056
5637.0,1560420.0,0.9989435292512373
5638.0,1560180.0,0.9988892966949118
5639.0,1560040.0,0.9988991527371409
5640.0,1559870.0,0.9988898687360936
5641.0,1559640.0,0.9988422259895519
5642.0,1559540.0,0.9988779070589341
5643.0,1559440.0,0.9989136641771834
5644.0,1559240.0,0.9988854350094946
5645.0,1559090.0,0.9988893034224535
5646.0,1559000.0,0.9989316865331939
5647.0,1558920.0,0.998980555097604
5648.0,1558800.0,0.9990038670348091
5649.0,1558630.0,0.99899520517557
5650.0,1558460.0,0.9989866102903475
5651.0,1558320.0,0.9989973145584198
5652.0,1558180.0,0.9990080896331275
5653.0,1558010.0,0.9989996994295044
5654.0,1557780.0,0.9989529001071683
5655.0,1557510.0,0.9988805066372621
5656.0,1557200.0,0.9987825112213551
5657.0,1556460.0,0.9984087361701156
5658.0,1555300.0,0.9977655130360331
5659.0,1555070.0,0.9977189077535055
5660.0,1555910.0,0.9983589332383558
5661.0,1556280.0,0.9986975478714621
5662.0,1555900.0,0.9985549599347237
5663.0,1555660.0,0.998502270518333
5664.0,1555850.0,0.9987256627131119
5665.0,1555930.0,0.9988785505635627
5666.0,1555760.0,0.9988710259803785
5667.0,1555510.0,0.9988121990609617
5668.0,1555310.0,0.9987855371964292
5669.0,1555190.0,0.9988103174752809
5670.0,1555130.0,0.9988737094274215
5671.0,1555070.0,0.998937182385643
5672.0,1554960.0,0.9989686143465073
5673.0,1554810.0,0.9989744205110157
5674.0,1554630.0,0.9989610186938719
5675.0,1554410.0,0.9989219765815124
5676.0,1554260.0,0.998927983607032
5677.0,1554140.0,0.9989533428226748
5678.0,1553980.0,0.9989530616884625
5679.0,1553790.0,0.9989335612802959
5680.0,1553640.0,0.9989398433478434
5681.0,1553440.0,0.9989140427899144
5682.0,1553160.0,0.9988368566637491
5683.0,1552860.0,0.9987468590012063
5684.0,1552600.0,0.9986826397289738
5685.0,1552480.0,0.9987085366553122
5686.0,1552410.0,0.9987666747843683
5687.0,1552260.0,0.9987734179518668
5688.0,1552100.0,0.9987737950641389
5689.0,1551990.0,0.9988064180063762
5690.0,1551880.0,0.9988391151814573
5691.0,1551760.0,0.9988654495972517
5692.0,1551670.0,0.9989111698503178
5693.0,1551550.0,0.998937652023881
5694.0,1551360.0,0.998919134131518
5695.0,1551180.0,0.9989071193761628
5696.0,1551020.0,0.9989080500769878
5697.0,1550870.0,0.9989154892385508
5698.0,1550670.0,0.9988907888253266
5699.0,1550460.0,0.9988597081193088
5700.0,1550150.0,0.9987642579277151
5701.0,1549740.0,0.9986044180304643
5702.0,1549590.0,0.9986121652687558
5703.0,1549670.0,0.9987682170656819
5704.0,1549640.0,0.9988534657328889
5705.0,1549440.0,0.9988292106744009
5706.0,1549180.0,0.9987663351276239
5707.0,1548880.0,0.998677722372559
5708.0,1548250.0,0.9983763601193899
5709.0,1547470.0,0.9979782649581713
5710.0,1547260.0,0.9979477900216807
5711.0,1547430.0,0.998162492668002
5712.0,1547670.0,0.9984224652176653
5713.0,1547920.0,0.9986890111156438
5714.0,1547910.0,0.9987879151332284
5715.0,1547720.0,0.9987707495881422
5716.0,1547600.0,0.9987988240851534
5717.0,1547490.0,0.9988334256996761
5718.0,1547340.0,0.9988422803626636
5719.0,1547200.0,0.9988576593908514
5720.0,1547020.0,0.9988472818755695
5721.0,1546820.0,0.998824054136363
5722.0,1546700.0,0.9988525516345601
5723.0,1546590.0,0.9988875802915257
5724.0,1546440.0,0.9988968455003617
5725.0,1546270.0,0.9988932590470164
5726.0,1546070.0,0.9988703560862323
5727.0,1545880.0,0.9988539759834417
5728.0,1545730.0,0.9988635070299948
5729.0,1545580.0,0.9988731063882086
5730.0,1545410.0,0.9988698471204328
5731.0,1545200.0,0.998840796765747
5732.0,1545010.0,0.9988247360738786
5733.0,1544880.0,0.9988475313087799
5734.0,1544750.0,0.9988703975467418
5735.0,1544600.0,0.9988804009380365
5736.0,1544430.0,0.9988775373124018
5737.0,1544260.0,0.998874739106192
5738.0,1544080.0,0.9988655373008171
5739.0,1543900.0,0.9988563994900653
5740.0,1543710.0,0.9988408552630369
5741.0,1543540.0,0.9988383157761223
5742.0,1543380.0,0.9988423134043054
5743.0,1543220.0,0.9988463777402037
5744.0,1543060.0,0.9988505087682706
5745.0,1542900.0,0.9988547064729772
5746.0,1542730.0,0.9988524962613053
5747.0,1542520.0,0.9988244501874254
5748.0,1542310.0,0.99879646374102
5749.0,1542170.0,0.9988138736450018
5750.0,1542040.0,0.9988378303268973
5751.0,1541850.0,0.9988229893103939
5752.0,1541540.0,0.9987304652360478
5753.0,1541170.0,0.998599109694186
5754.0,1540920.0,0.9985455534108264
5755.0,1540880.0,0.9986281497424357
5756.0,1540900.0,0.9987497190649213
5757.0,1540770.0,0.9987741456709494
5758.0,1540550.0,0.9987402958744136
5759.0,1540360.0,0.998725955201591
5760.0,1540190.0,0.9987246455661782
5761.0,1539970.0,0.998690975265407
5762.0,1539590.0,0.9985535894071954
5763.0,1539280.0,0.9984616445862153
5764.0,1539330.0,0.9986032861674762
5765.0,1539420.0,0.9987709757748099
5766.0,1539320.0,0.9988154823180079
5767.0,1539160.0,0.9988211273722438
5768.0,1538980.0,0.9988138585326143
5769.0,1538790.0,0.9988001623252027
5770.0,1538610.0,0.9987930196490765
5771.0,1538400.0,0.998766463657693
5772.0,1538190.0,0.9987399667731379
5773.0,1538030.0,0.9987459973240024
5774.0,1537870.0,0.9987520940867801
5775.0,1537690.0,0.9987452668434437
5776.0,1537560.0,0.9987709820061392
5777.0,1537420.0,0.9987902711017164
5778.0,1537240.0,0.9987836402103444
5779.0,1537010.0,0.9987445827322614
5780.0,1536720.0,0.9986665891789179
5781.0,1536460.0,0.9986081412536641
5782.0,1536300.0,0.9986147462977037
5783.0,1536210.0,0.9986669233457073
5784.0,1536080.0,0.9986931702543567
5785.0,1535900.0,0.998686976069906
5786.0,1535740.0,0.9986938510467993
5787.0,1535600.0,0.9987137995034995
5788.0,1535430.0,0.9987143034653992
5789.0,1535240.0,0.9987018615897152
5790.0,1535020.0,0.9986699636043722
5791.0,1534810.0,0.9986446294978543
5792.0,1534660.0,0.9986583982184662
5793.0,1534520.0,0.9986787423879575
5794.0,1534380.0,0.998699155361596
5795.0,1534250.0,0.998726146668072
5796.0,1534080.0,0.9987271671411624
5797.0,1533860.0,0.9986956970319973
5798.0,1533660.0,0.998677307465835
5799.0,1533540.0,0.9987110775282872
5800.0,1533420.0,0.9987449192404365
5801.0,1533260.0,0.9987527769283463
5802.0,1533080.0,0.9987476711027181
5803.0,1532870.0,0.9987230819764127
5804.0,1532640.0,0.9986855190503651
5805.0,1532440.0,0.998667562132389
5806.0,1532280.0,0.9986757353801975
5807.0,1532140.0,0.9986970109566579
5808.0,1532000.0,0.9987183551586979
5809.0,1531820.0,0.998713688835887
5810.0,1531640.0,0.9987090852276795
5811.0,1531470.0,0.9987110655740299
5812.0,1531290.0,0.998706588078882
5813.0,1531100.0,0.99869565051248
5814.0,1530940.0,0.9987043445275542
5815.0,1530740.0,0.9986870072822914
5816.0,1530510.0,0.9986501548368374
5817.0,1530360.0,0.9986655631027628
5818.0,1530260.0,0.9987136705394382
5819.0,1530120.0,0.9987357437014489
5820.0,1529940.0,0.998731773681306
5821.0,1529770.0,0.9987343948436171
5822.0,1529590.0,0.9987305505994569
5823.0,1529410.0,0.9987267688458441
5824.0,1529230.0,0.998723049565167
5825.0,1529060.0,0.9987259243731473
5826.0,1528890.0,0.998728863109857
5827.0,1528710.0,0.9987253326346099
5828.0,1528540.0,0.9987283984347052
5829.0,1528360.0,0.9987249934967941
5830.0,1528160.0,0.9987085801950644
5831.0,1527950.0,0.998685690136575
5832.0,1527780.0,0.9986890053732751
5833.0,1527610.0,0.9986923844231075
5834.0,1527430.0,0.9986892889066596
5835.0,1527270.0,0.9986993338993959
5836.0,1527110.0,0.9987094441602932
5837.0,1526930.0,0.9987065384400584
5838.0,1526740.0,0.9986971535800248
5839.0,1526570.0,0.9987009136734155
5840.0,1526410.0,0.9987112803461804
5841.0,1526230.0,0.9987086249518897
5842.0,1526050.0,0.9987060317197832
5843.0,1525880.0,0.9987100457740185
5844.0,1525700.0,0.9987075775703855
5845.0,1525520.0,0.99870517147765
5846.0,1525300.0,0.9986766378335568
5847.0,1525090.0,0.9986547083727443
5848.0,1524920.0,0.9986590321281138
5849.0,1524770.0,0.9986765187595987
5850.0,1524610.0,0.9986875212102312
5851.0,1524370.0,0.9986461784327123
5852.0,1523770.0,0.998369016778069
5853.0,1522740.0,0.997810084593514
5854.0,1522340.0,0.997663953107949
5855.0,1522830.0,0.9981011764949769
5856.0,1522600.0,0.9980666006697784
5857.0,1521530.0,0.9974813911440507
5858.0,1521390.0,0.997505863092244
5859.0,1522150.0,0.9981205574573593
5860.0,1522510.0,0.9984731310781961
5861.0,1522410.0,0.9985241388525351
5862.0,1522120.0,0.9984505841121561
5863.0,1522000.0,0.9984885962097451
5864.0,1522000.0,0.9986054082398499
5865.0,1521850.0,0.9986238760300603
5866.0,1521590.0,0.9985702153946455
5867.0,1521410.0,0.9985691060814282
5868.0,1521330.0,0.998633694646658
5869.0,1521220.0,0.9986786590586008
5870.0,1521050.0,0.9986842947957307
5871.0,1520870.0,0.9986834202880928
5872.0,1520690.0,0.9986826001872445
5873.0,1520500.0,0.9986752660880706
5874.0,1520330.0,0.9986811218711724
5875.0,1520160.0,0.9986870326061165
5876.0,1519980.0,0.9986864275685373
5877.0,1519790.0,0.9986793041021957
5878.0,1519600.0,0.9986722314890416
5879.0,1519420.0,0.9986717821101104
5880.0,1519230.0,0.9986648109711135
5881.0,1519050.0,0.998664463947088
5882.0,1518860.0,0.9986575929389947
5883.0,1518630.0,0.9986244678046139
5884.0,1518430.0,0.9986111150891835
5885.0,1518290.0,0.9986372736029111
5886.0,1518120.0,0.9986437535857107
5887.0,1517170.0,0.9981371271474042
5888.0,1510600.0,0.9939326265021351
5889.0,1491580.0,0.9815344522880879
5890.0,1478620.0,0.9731216397196847
5891.0,1493330.0,0.9829194483884577
5892.0,1510850.0,0.9945694123321045
5893.0,1515400.0,0.9976832258362537
5894.0,1510680.0,0.9946940763302472
5895.0,1495620.0,0.9848951685618937
5896.0,1485930.0,0.9786306446662281
5897.0,1497890.0,0.9866250205776224
5898.0,1511420.0,0.9956555926467199
5899.0,1515270.0,0.9983108538928448
5900.0,1515550.0,0.998614476817951
5901.0,1515430.0,0.9986546203913568
5902.0,1515260.0,0.998661864258951
5903.0,1515060.0,0.9986493792451415
5904.0,1514860.0,0.9986369347367491
5905.0,1514640.0,0.9986113442712721
5906.0,1514460.0,0.998612165871591
5907.0,1514320.0,0.9986394086675857
5908.0,1514160.0,0.998653509224971
5909.0,1513940.0,0.9986280775892168
5910.0,1513710.0,0.9985960842405786
5911.0,1513550.0,0.9986103088755621
5912.0,1513350.0,0.9985981832451011
5913.0,1512990.0,0.9984805048729093
5914.0,1512590.0,0.9983364375104047
5915.0,1512490.0,0.9983904043209413
5916.0,1512510.0,0.9985236445818612
5917.0,1512440.0,0.9985975327981578
5918.0,1512310.0,0.9986318572666373
5919.0,1512150.0,0.9986464157994991
5920.0,1511970.0,0.9986478058486264
5921.0,1511780.0,0.9986426280412124
5922.0,1511570.0,0.9986242731107342
5923.0,1511400.0,0.9986323799352278
5924.0,1511240.0,0.9986471333436618
5925.0,1511070.0,0.9986553175322969
5926.0,1510880.0,0.9986503200418503
5927.0,1510670.0,0.9986321357411894
5928.0,1510440.0,0.9986007594939101
5929.0,1510170.0,0.9985429619126074
5930.0,1509910.0,0.9984917976651689
5931.0,1509800.0,0.9985398609169016
5932.0,1509730.0,0.9986144275840734
5933.0,1509540.0,0.9986096617559447
5934.0,1509260.0,0.998545382630465
5935.0,1509050.0,0.9985274390543717
5936.0,1508960.0,0.9985889361669301
5937.0,1508830.0,0.9986240059987225
5938.0,1508670.0,0.9986392579163499
5939.0,1508490.0,0.9986413044901942
5940.0,1508300.0,0.9986367614985003
5941.0,1508090.0,0.9986190044379325
5942.0,1507900.0,0.9986145183409374
5943.0,1507720.0,0.9986166843333615
5944.0,1507560.0,0.9986321286475247
5945.0,1507390.0,0.9986409808709311
5946.0,1507190.0,0.9986299866952202
5947.0,1506900.0,0.9985593790360691
5948.0,1506510.0,0.9984225083715658
5949.0,1506290.0,0.9983983113762092
5950.0,1506290.0,0.9985199738843248
5951.0,1506210.0,0.9985886545701823
5952.0,1505990.0,0.998564549993194
5953.0,1505760.0,0.9985338344063633
5954.0,1505630.0,0.9985694596356963
5955.0,1505490.0,0.9985984861068978
5956.0,1505260.0,0.9985678401995847
5957.0,1505050.0,0.9985504810253197
5958.0,1504920.0,0.9985862259586464
5959.0,1504780.0,0.9986153675202016
5960.0,1504610.0,0.9986246287351586
5961.0,1504430.0,0.998627277777514
5962.0,1504250.0,0.9986299505879687
5963.0,1504050.0,0.9986193677474965
5964.0,1503850.0,0.9986088047286613
5965.0,1503640.0,0.9985916200198504
5966.0,1503440.0,0.9985810947805862
5967.0,1503280.0,0.9985971594673883
5968.0,1503120.0,0.9986132490875174
5969.0,1502940.0,0.9986160744594953
5970.0,1502760.0,0.998618920812179
5971.0,1502570.0,0.9986151417492067
5972.0,1502370.0,0.9986047344750201
5973.0,1502170.0,0.9985943438705684
5974.0,1501940.0,0.9985640241000795
5975.0,1501670.0,0.9985071181527015
5976.0,1501430.0,0.9984701667684842
5977.0,1501280.0,0.9984930826130669
5978.0,1501150.0,0.9985293250631466
5979.0,1501020.0,0.9985655935171586
5980.0,1500870.0,0.9985885808328293
5981.0,1500690.0,0.998591627537501
5982.0,1500500.0,0.9985880359856802
5983.0,1500260.0,0.9985511799527088
5984.0,1499970.0,0.9984810467975442
5985.0,1499740.0,0.9984508562930149
5986.0,1499600.0,0.9984805977737938
5987.0,1499440.0,0.998497042564691
5988.0,1499250.0,0.9984935254411685
5989.0,1499080.0,0.998503342537336
5990.0,1498920.0,0.9985198368310325
5991.0,1498720.0,0.9985096983517505
5992.0,1498550.0,0.9985195595566515
5993.0,1498420.0,0.9985560915483772
5994.0,1498260.0,0.9985726496650807
5995.0,1498070.0,0.9985692261557331
5996.0,1497870.0,0.9985591463189917
5997.0,1497670.0,0.9985490746819616
5998.0,1497480.0,0.9985456790630531
5999.0,1497290.0,0.9985422925801576
6000.0,1497100.0,0.998538914878441
6001.0,1496870.0,0.998508863022234
6002.0,1496610.0,0.9984587982337565
6003.0,1496360.0,0.9984154019095522
6004.0,1496240.0,0.9984587535909778
6005.0,1496130.0,0.9985087977682584
6006.0,1495930.0,0.99849878887236
6007.0,1495610.0,0.9984086774761833
6008.0,1495260.0,0.9982985212800128
6009.0,1495110.0,0.9983218891657474
6010.0,1495100.0,0.9984387619063739
6011.0,1494990.0,0.9984888802642564
6012.0,1494750.0,0.9984521799093523
6013.0,1494480.0,0.9983954337739209
6014.0,1494290.0,0.9983921292458172
6015.0,1494100.0,0.9983888281523943
6016.0,1493790.0,0.9983053336961561
6017.0,1493580.0,0.9982886607337572
6018.0,1493520.0,0.9983722572110417
6019.0,1493330.0,0.9983689654507675
6020.0,1493010.0,0.9982787527845406
6021.0,1492740.0,0.9982219557482719
6022.0,1492540.0,0.9982119624280165
6023.0,1492350.0,0.998208656851345
6024.0,1492130.0,0.998185282479397
6025.0,1492060.0,0.9982622604270485
6026.0,1491990.0,0.9983392577808561
6027.0,1491800.0,0.9983359683058826
6028.0,1491640.0,0.9983527565655863
6029.0,1491510.0,0.9983896296754095
6030.0,1491350.0,0.9984064268622779
6031.0,1491170.0,0.9984098357704341
6032.0,1490980.0,0.9984065473650774
6033.0,1490780.0,0.9983965587921924
6034.0,1490580.0,0.9983865651701519
6035.0,1490390.0,0.9983832649429838
6036.0,1490190.0,0.998373260970132
6037.0,1489990.0,0.9983632508635537
6038.0,1489810.0,0.998366636864843
6039.0,1489610.0,0.9983566150698173
6040.0,1489410.0,0.9983465860551679
6041.0,1489210.0,0.9983365494584768
6042.0,1488990.0,0.9983130956518784
6043.0,1488800.0,0.998309746602683
6044.0,1488630.0,0.998319803147697
6045.0,1488430.0,0.998309734262304
6046.0,1488190.0,0.9982728241157597
6047.0,1487970.0,0.9982493151391638
6048.0,1487810.0,0.9982660505066195
6049.0,1487660.0,0.9982894925270261
6050.0,1487480.0,0.9982927981317749
6051.0,1487290.0,0.9982893837228332
6052.0,1487090.0,0.9982792464331718
6053.0,1486880.0,0.9982623833947107
6054.0,1486670.0,0.9982455063791608
6055.0,1486410.0,0.9981950376423714
6056.0,1486170.0,0.9981579784686577
6057.0,1486020.0,0.9981813535251217
6058.0,1485900.0,0.9982248771109986
6059.0,1485730.0,0.9982348058460293
6060.0,1485530.0,0.9982245661385013
6061.0,1485330.0,0.9982143115672731
6062.0,1485110.0,0.9981905991177344
6063.0,1484800.0,0.9981063682853242
6064.0,1484100.0,0.9977599062336014
6065.0,1483060.0,0.9971847339158828
6066.0,1482900.0,0.9972011752663619
6067.0,1483580.0,0.9977825486946483
6068.0,1483880.0,0.9981084509155984
6069.0,1483780.0,0.9981653318517013
6070.0,1483590.0,0.9981616592198702
6071.0,1483400.0,0.9981579697318366
6072.0,1483200.0,0.9981475333308825
6073.0,1483010.0,0.9981438081912714
6074.0,1482820.0,0.998140065092915
6075.0,1482620.0,0.9981295714670708
6076.0,1482410.0,0.998112324433689
6077.0,1482170.0,0.9980748533606458
6078.0,1481890.0,0.998010415628223
6079.0,1481680.0,0.9979930918743691
6080.0,1481550.0,0.9980296357079637
6081.0,1481390.0,0.9980459573771793
6082.0,1481180.0,0.9980285728457637
6083.0,1480960.0,0.998004424784527
6084.0,1480730.0,0.9979735103097673
6085.0,1480510.0,0.9979493076931522
6086.0,1480330.0,0.997952043326654
6087.0,1480190.0,0.9979817268977325
6088.0,1480030.0,0.99799790954051
6089.0,1479840.0,0.9979938419252457
6090.0,1479610.0,0.9979627713680125
6091.0,1479400.0,0.9979451610821447
6092.0,1479220.0,0.997947762172688
6093.0,1479040.0,0.9979503399617338
6094.0,1478860.0,0.9979528940782989
6095.0,1478670.0,0.9979486751898149
6096.0,1478460.0,0.9979309306091303
6097.0,1478250.0,0.9979131562100504
6098.0,1478060.0,0.997908854575159
6099.0,1477870.0,0.9979045257324718
6100.0,1477600.0,0.9978461440719246
6101.0,1476900.0,0.99749729931867
6102.0,1475580.0,0.996729541083564
6103.0,1475020.0,0.9964749955822969
6104.0,1475850.0,0.9971595138109085
6105.0,1476470.0,0.9977022693921934
6106.0,1476440.0,0.9978058488559909
6107.0,1476160.0,0.9977404493117763
6108.0,1475900.0,0.9976885238349129
6109.0,1475790.0,0.9977379662394996
6110.0,1475680.0,0.9977873907549778
6111.0,1475500.0,0.9977894603335509
6112.0,1475290.0,0.9977712098678779
6113.0,1475100.0,0.9977664517323253
6114.0,1474900.0,0.9977548958897716
6115.0,1474700.0,0.9977433051863627
6116.0,1474480.0,0.9977181460945723
6117.0,1474300.0,0.9977200176973197
6118.0,1474120.0,0.9977218566694243
6119.0,1473870.0,0.9976762789858893
6120.0,1473100.0,0.9972786197359538
6121.0,1470700.0,0.9957771921917083
6122.0,1468000.0,0.9940722098474838
6123.0,1468990.0,0.9948658035199514
6124.0,1471600.0,0.9967568309736601
6125.0,1472520.0,0.9975034640015886
6126.0,1472480.0,0.9975998493753068
6127.0,1472290.0,0.9975945851802762
6128.0,1472070.0,0.9975689529933252
6129.0,1471840.0,0.9975364998495282
6130.0,1471640.0,0.9975243361273
6131.0,1471480.0,0.9975392481511836
6132.0,1471310.0,0.9975473456319618
6133.0,1471140.0,0.9975554065091754
6134.0,1470810.0,0.9974549236716626
6135.0,1469660.0,0.9967982109188464
6136.0,1467150.0,0.9952187609657568
6137.0,1465380.0,0.9941409104031319
6138.0,1466490.0,0.9950168398502679
6139.0,1468310.0,0.9963747410785037
6140.0,1467340.0,0.9958394475885655
6141.0,1463060.0,0.9930573058794891
6142.0,1461480.0,0.9921072966286211
6143.0,1465210.0,0.994762082235297
6144.0,1468120.0,0.9968606963461755
6145.0,1468640.0,0.9973367632914024
6146.0,1468500.0,0.9973646504847168
6147.0,1468270.0,0.9973313677389796
6148.0,1468030.0,0.9972912392558443
6149.0,1467830.0,0.9972782333212268
6150.0,1467670.0,0.9972923595992295
6151.0,1467480.0,0.997286056388273
6152.0,1467290.0,0.9972797060132197
6153.0,1467110.0,0.9972801056753632
6154.0,1466850.0,0.9972260717331785
6155.0,1466560.0,0.9971515800077596
6156.0,1466390.0,0.9971586239666056
6157.0,1466250.0,0.9971860249840274
6158.0,1466040.0,0.9971657725643467
6159.0,1465730.0,0.9970774409704087
6160.0,1464610.0,0.9964379608293743
6161.0,1461000.0,0.9941040111483976
6162.0,1457250.0,0.9916741675028097
6163.0,1459020.0,0.9930005577641509
6164.0,1462910.0,0.9957702606031505
6165.0,1464330.0,0.9968591125850261
6166.0,1464330.0,0.9969813814127402
6167.0,1464080.0,0.996933397017529
6168.0,1463500.0,0.9966606154703036
6169.0,1462610.0,0.9961765756737108
6170.0,1462480.0,0.9962100607525597
6171.0,1463010.0,0.9966931343594454
6172.0,1463200.0,0.9969446158362392
6173.0,1463000.0,0.99693034826467
6174.0,1462810.0,0.9969228385668639
6175.0,1462660.0,0.9969425367257961
6176.0,1462460.0,0.9969281012581377
6177.0,1462270.0,0.9969204250108247
6178.0,1462130.0,0.9969467839191735
6179.0,1461930.0,0.9969321779228248
6180.0,1461690.0,0.9968902318864161
6181.0,1461520.0,0.9968959659208326
6182.0,1461380.0,0.9969221099798725
6183.0,1461200.0,0.9969209128414154
6184.0,1460990.0,0.996899187582768
6185.0,1460800.0,0.9968910477389311
6186.0,1460580.0,0.996862372348631
6187.0,1460350.0,0.9968268054319807
6188.0,1460110.0,0.9967843441106334
6189.0,1459730.0,0.9966462266207956
6190.0,1458550.0,0.995961740816232
6191.0,1456570.0,0.9947306869875902
6192.0,1456280.0,0.9946535600122897
6193.0,1457860.0,0.9958537372081268
6194.0,1458750.0,0.9965827536318272
6195.0,1458750.0,0.9967037852713664
6196.0,1458570.0,0.9967017828439072
6197.0,1458390.0,0.9966997176116517
6198.0,1458170.0,0.9966702488825799
6199.0,1457880.0,0.9965928586085404
6200.0,1457580.0,0.9965085494025111
