wave,flux,norm
3800.0,1698100.0,0.881501277198298
3801.0,1827180.0,0.9477574431900404
3802.0,1880910.0,0.9748690318685095
3803.0,1901770.0,0.984928630067031
3804.0,1908410.0,0.987627119909389
3805.0,1904610.0,0.9849357537729626
3806.0,1893680.0,0.9785766348033605
3807.0,1886870.0,0.9743667302165009
3808.0,1900690.0,0.9808208917871412
3809.0,1920790.0,0.9905169518334163
3810.0,1929930.0,0.9945640874755589
3811.0,1926630.0,0.9922114404625924
3812.0,1906900.0,0.9814178591464943
3813.0,1886950.0,0.9705365882640433
3814.0,1885260.0,0.9690664021334335
3815.0,1876900.0,0.9641828201388806
3816.0,1874980.0,0.9626224789389299
3817.0,1905750.0,0.9778482281769743
3818.0,1928920.0,0.9891699025026478
3819.0,1912080.0,0.9799835913119516
3820.0,1871520.0,0.9586677721573885
3821.0,1871550.0,0.9581660306430477
3822.0,1909170.0,0.9769094633007431
3823.0,1914760.0,0.9792623746542491
3824.0,1879180.0,0.9605780680074893
3825.0,1849080.0,0.9447220120232609
3826.0,1850010.0,0.9447368867024162
3827.0,1861570.0,0.9501867624725241
3828.0,1854830.0,0.9463042662284051
3829.0,1846840.0,0.9417968761178693
3830.0,1859770.0,0.947965720961721
3831.0,1849950.0,0.9425466927819737
3832.0,1783990.0,0.9085498974126073
3833.0,1694680.0,0.8627033505477023
3834.0,1536810.0,0.7820152645667542
3835.0,1374730.0,0.6992581316952231
3836.0,1424960.0,0.7245219949591452
3837.0,1610630.0,0.818610149780769
3838.0,1722640.0,0.8752092425862663
3839.0,1786530.0,0.9073340884997948
3840.0,1823700.0,0.9258770309891267
3841.0,1849570.0,0.9386789250578909
3842.0,1902310.0,0.9651110446423681
3843.0,1941600.0,0.9847108169486569
3844.0,1954330.0,0.9908387398684213
3845.0,1955970.0,0.9913488804686299
3846.0,1956300.0,0.9912018138782613
3847.0,1960670.0,0.993107870066583
3848.0,1961150.0,0.9930495909199671
3849.0,1942180.0,0.9831519822362661
3850.0,1920480.0,0.971884853270506
3851.0,1931670.0,0.9772699029027178
3852.0,1957580.0,0.9901028877216371
3853.0,1971390.0,0.9968163791044029
3854.0,1973160.0,0.997445674783074
3855.0,1956140.0,0.988584219306475
3856.0,1926780.0,0.973497978862532
3857.0,1919080.0,0.9693654066563516
3858.0,1916780.0,0.9679668490920664
3859.0,1895720.0,0.9571023489945991
3860.0,1894360.0,0.9561913585589668
3861.0,1936770.0,0.9773734282608745
3862.0,1974010.0,0.9959419144307688
3863.0,1983200.0,1.0003576531921619
3864.0,1973600.0,0.995299809738653
3865.0,1953930.0,0.9851709477860222
3866.0,1952500.0,0.9842449510738326
3867.0,1971450.0,0.9935944588710816
3868.0,1984740.0,1.0000918220409463
3869.0,1987980.0,1.0015270391261266
3870.0,1979360.0,0.9969912866395559
3871.0,1947820.0,0.9809180500586091
3872.0,1907790.0,0.9605791783188681
3873.0,1906390.0,0.9596974619139924
3874.0,1938540.0,0.9757051373894348
3875.0,1963090.0,0.9878851055963809
3876.0,1963480.0,0.9879073551238836
3877.0,1927630.0,0.9697012788537642
3878.0,1881150.0,0.9461571040041136
3879.0,1894940.0,0.9529316347139338
3880.0,1946650.0,0.978771834043514
3881.0,1972810.0,0.9917608230490252
3882.0,1975490.0,0.992945358325897
3883.0,1966980.0,0.9885074555013427
3884.0,1945660.0,0.9776356893202297
3885.0,1896250.0,0.9526564680325331
3886.0,1805250.0,0.906795141958974
3887.0,1676030.0,0.8417538961349198
3888.0,1485630.0,0.7460121018644089
3889.0,1364300.0,0.6849789751236737
3890.0,1501410.0,0.7537009093156182
3891.0,1731770.0,0.8692055277683429
3892.0,1864410.0,0.9356347008021861
3893.0,1914010.0,0.96037702623077
3894.0,1925160.0,0.9658218442581
3895.0,1914460.0,0.9603046535490316
3896.0,1921560.0,0.9637160108848426
3897.0,1944520.0,0.9750787899627171
3898.0,1944230.0,0.9747804857078748
3899.0,1928320.0,0.9666513022145974
3900.0,1919040.0,0.9618468015979477
3901.0,1928660.0,0.9665141734826935
3902.0,1934260.0,0.9691646168608578
3903.0,1938230.0,0.9709962745413985
3904.0,1941180.0,0.9723149389257527
3905.0,1912060.0,0.9575706959398503
3906.0,1899150.0,0.9509463144553396
3907.0,1941980.0,0.9722278186024976
3908.0,1983670.0,0.9929294010414981
3909.0,1994580.0,0.9982173023340137
3910.0,1988400.0,0.9949495212345304
3911.0,1990180.0,0.995662657954062
3912.0,1995480.0,0.9981335584063057
3913.0,1984720.0,0.9925690419753679
3914.0,1977500.0,0.988773677575527
3915.0,1982530.0,0.9911006442411217
3916.0,1988140.0,0.9937133850534907
3917.0,1995240.0,0.9970663129544001
3918.0,1997890.0,0.9981910552042038
3919.0,1982900.0,0.990500110394132
3920.0,1953870.0,0.9757967423528086
3921.0,1943080.0,0.9702033077130001
3922.0,1948460.0,0.9726808235187283
3923.0,1960120.0,0.9782880810653362
3924.0,1987800.0,0.99188316297092
3925.0,2006220.0,1.000849178604813
3926.0,1999050.0,0.9970444973802449
3927.0,1964270.0,0.9794707185603502
3928.0,1929900.0,0.962106366677205
3929.0,1926580.0,0.9602227518271874
3930.0,1912300.0,0.9528758452128444
3931.0,1847780.0,0.9205017596450966
3932.0,1635930.0,0.8147641252533787
3933.0,1297310.0,0.6459554313869411
3934.0,1219670.0,0.6071437883255487
3935.0,1515590.0,0.7542585185336625
3936.0,1809660.0,0.9003754469187554
3937.0,1946140.0,0.9680277730506013
3938.0,1993480.0,0.9913149486322064
3939.0,2009470.0,0.9990019079754568
3940.0,2014700.0,1.0013345779251572
3941.0,2014660.0,1.00104517720607
3942.0,2005220.0,0.9960843389155909
3943.0,1973180.0,0.9799007186710347
3944.0,1950700.0,0.9684702667146183
3945.0,1979530.0,0.9825112112091074
3946.0,2014560.0,0.9996189199201366
3947.0,2023350.0,1.0036986886561838
3948.0,2020620.0,1.002061446277321
3949.0,2019070.0,1.001008483981679
3950.0,2020040.0,1.0012035350489275
3951.0,2017940.0,0.9998757966590973
3952.0,2007520.0,0.9944260684055757
3953.0,2002360.0,0.9915829221805159
3954.0,2014690.0,0.9973988022206673
3955.0,2022750.0,1.0010967808558549
3956.0,2016620.0,0.9977706167826468
3957.0,2013060.0,0.9957165351814473
3958.0,2018520.0,0.9981229073354181
3959.0,2021270.0,0.9991872913051951
3960.0,2004170.0,0.990440532972998
3961.0,1964470.0,0.9705328276963394
3962.0,1946770.0,0.9615019967154305
3963.0,1965150.0,0.9702904032545723
3964.0,1978560.0,0.9766198350053592
3965.0,1958380.0,0.966369910422918
3966.0,1868490.0,0.9217373679575506
3967.0,1629950.0,0.8038232776577433
3968.0,1269990.0,0.6261183128789305
3969.0,1067910.0,0.5263329124111903
3970.0,1168230.0,0.5756042500052861
3971.0,1458920.0,0.7186160332474876
3972.0,1734290.0,0.8539982658724685
3973.0,1882900.0,0.9268990928960755
3974.0,1947300.0,0.9583146311589296
3975.0,1982570.0,0.975380324496406
3976.0,2005340.0,0.9862882668064795
3977.0,2016050.0,0.9912603935627554
3978.0,2023050.0,0.9944064309863049
3979.0,2031000.0,0.998017973591633
3980.0,2035290.0,0.9998300381143037
3981.0,2032760.0,0.9982924163541544
3982.0,2026960.0,0.9951510421281985
3983.0,2026150.0,0.9944615147937833
3984.0,2032610.0,0.997340475412931
3985.0,2037550.0,0.9994731444695769
3986.0,2034850.0,0.9978590998179554
3987.0,2032950.0,0.9966393195338293
3988.0,2038330.0,0.998989390887857
3989.0,2042270.0,1.000633851186864
3990.0,2043320.0,1.000863143854675
3991.0,2046340.0,1.0020584123865106
3992.0,2048620.0,1.0028922467179338
3993.0,2046400.0,1.0015248546174411
3994.0,2040020.0,0.9981245040878965
3995.0,2037030.0,0.9963859294039643
3996.0,2039180.0,0.9971635697640947
3997.0,2037770.0,0.9962022702560566
3998.0,2035780.0,0.9949599552705655
3999.0,2039850.0,0.9966812565504479
4000.0,2043550.0,0.9982229754325208
4001.0,2044040.0,0.998198435736581
4002.0,2047380.0,0.9995675518992164
4003.0,2048640.0,0.9999230216235336
4004.0,2035690.0,0.9933466867606351
4005.0,2016430.0,0.9836978655021691
4006.0,2018730.0,0.9845716145670951
4007.0,2035800.0,0.9926492750579474
4008.0,2047630.0,0.9981711912668754
4009.0,2051060.0,0.9995993219411534
4010.0,2051540.0,0.999592204204957
4011.0,2051980.0,0.9995684633022267
4012.0,2050330.0,0.9985297365928596
4013.0,2049860.0,0.9980688608632527
4014.0,2050390.0,0.998097787435098
4015.0,2051120.0,0.9982268193256046
4016.0,2051840.0,0.9983536900592663
4017.0,2051150.0,0.9977973407866148
4018.0,2051660.0,0.9978275761167014
4019.0,2051670.0,0.9976173723723247
4020.0,2050290.0,0.9967341952014173
4021.0,2051450.0,0.9970885870137991
4022.0,2054410.0,0.9983201542869444
4023.0,2056820.0,0.9992866148556938
4024.0,2055890.0,0.9986328970626839
4025.0,2053520.0,0.9972826836839516
4026.0,2054410.0,0.9975184445982325
4027.0,2056580.0,0.9983780222505055
4028.0,2056260.0,0.9980312226006182
4029.0,2048890.0,0.9942658828038647
4030.0,2029860.0,0.9848472157024043
4031.0,2018470.0,0.979140544250409
4032.0,2019440.0,0.9794329651041442
4033.0,2011910.0,0.9756058558715006
4034.0,2009920.0,0.9744683907645194
4035.0,2026360.0,0.9822674741219733
4036.0,2048080.0,0.9926251644537651
4037.0,2058840.0,0.997670629025903
4038.0,2061600.0,0.9988407022903291
4039.0,2061340.0,0.9985497195253685
4040.0,2059070.0,0.9972875643592154
4041.0,2057960.0,0.9965897896508933
4042.0,2059490.0,0.9971726907625205
4043.0,2058250.0,0.9964166144291626
4044.0,2044300.0,0.9895108637563271
4045.0,2012170.0,0.9738109503649797
4046.0,1998460.0,0.967031064336282
4047.0,2027220.0,0.9808029289387317
4048.0,2052410.0,0.9928458314983598
4049.0,2058280.0,0.9955426684622503
4050.0,2060320.0,0.9963885532198218
4051.0,2063360.0,0.9977197593088695
4052.0,2064080.0,0.9979309345907291
4053.0,2062760.0,0.9971578754170548
4054.0,2061900.0,0.9966093186455119
4055.0,2061760.0,0.996410803896905
4056.0,2062390.0,0.9965863324604113
4057.0,2062240.0,0.9963868453277519
4058.0,2061430.0,0.9958704357305321
4059.0,2062590.0,0.9963075872040178
4060.0,2065460.0,0.9975723533914632
4061.0,2064710.0,0.997090452700643
4062.0,2048540.0,0.9891647041683028
4063.0,2018170.0,0.9743867087216069
4064.0,2014240.0,0.9723777899047038
4065.0,2040030.0,0.9847167725503934
4066.0,2053210.0,0.9909685398728048
4067.0,2056030.0,0.9922209625120038
4068.0,2061860.0,0.9949272102493908
4069.0,2065760.0,0.9967033177771784
4070.0,2055940.0,0.9918616364966607
4071.0,2029120.0,0.9788219660968923
4072.0,2020110.0,0.9743769593063202
4073.0,2044030.0,0.985816195528543
4074.0,2061670.0,0.9942262033605586
4075.0,2063270.0,0.9949016547481779
4076.0,2053710.0,0.9901976694116691
4077.0,2031820.0,0.9795516771820947
4078.0,2025950.0,0.9766317121225421
4079.0,2048040.0,0.987190893098618
4080.0,2065840.0,0.9956819043598705
4081.0,2070960.0,0.9980619056758433
4082.0,2070580.0,0.9977924698015606
4083.0,2066820.0,0.9958957829507206
4084.0,2061740.0,0.9933647588223309
4085.0,2061250.0,0.9930467822648915
4086.0,2066260.0,0.9953796584759886
4087.0,2070290.0,0.997241368729759
4088.0,2071360.0,0.9976783379591667
4089.0,2070930.0,0.997394043304523
4090.0,2069720.0,0.9967353680249138
4091.0,2067760.0,0.9957168210142467
4092.0,2065010.0,0.9943191987076898
4093.0,2061790.0,0.9926966310458707
4094.0,2056760.0,0.9902040130393143
4095.0,2048620.0,0.9862156761520925
4096.0,2037650.0,0.9808666867504283
4097.0,2021160.0,0.9728624890943771
4098.0,1989450.0,0.9575349096193797
4099.0,1917070.0,0.9226369205656323
4100.0,1749650.0,0.842007089751146
4101.0,1505320.0,0.7243784747598189
4102.0,1431620.0,0.6888695991458402
4103.0,1631900.0,0.7851918312438679
4104.0,1851750.0,0.8909184515586152
4105.0,1962880.0,0.9443285345207125
4106.0,2009960.0,0.9669208470733089
4107.0,2032660.0,0.9777836502793704
4108.0,2046230.0,0.9842543986602269
4109.0,2054450.0,0.9881519591864291
4110.0,2060000.0,0.9907657183702558
4111.0,2065530.0,0.9933703365278945
4112.0,2069700.0,0.995321392984901
4113.0,2072120.0,0.9964314374014543
4114.0,2073670.0,0.9971237355209178
4115.0,2075170.0,0.9977926110471323
4116.0,2076510.0,0.9983851605234005
4117.0,2075480.0,0.9978388637085782
4118.0,2071360.0,0.9958077333615629
4119.0,2069650.0,0.9949359670515386
4120.0,2072060.0,0.9960453710619734
4121.0,2073630.0,0.9967514631317799
4122.0,2075050.0,0.9973859357959877
4123.0,2077330.0,0.9984342196458033
4124.0,2078890.0,0.9991368715663165
4125.0,2079270.0,0.9992728503236903
4126.0,2078670.0,0.9989383281161683
4127.0,2077610.0,0.9983832320734329
4128.0,2077630.0,0.9983475755460522
4129.0,2078720.0,0.998826462251071
4130.0,2075480.0,0.9972252144985109
4131.0,2060180.0,0.9898301469214176
4132.0,2045420.0,0.9826955057893066
4133.0,2053830.0,0.986693046279257
4134.0,2068110.0,0.9935104587145561
4135.0,2074540.0,0.9965566216064256
4136.0,2078390.0,0.9983634695362156
4137.0,2079910.0,0.9990512254223717
4138.0,2080790.0,0.9994317415954762
4139.0,2081840.0,0.9998940742952445
4140.0,2082280.0,1.00006357967831
4141.0,2080530.0,0.9991814737089336
4142.0,2069980.0,0.9940735241156622
4143.0,2046340.0,0.9826801189200575
4144.0,2036340.0,0.9778375919376074
4145.0,2056910.0,0.9876744536510828
4146.0,2075700.0,0.9966558844467629
4147.0,2080260.0,0.9988042980189722
4148.0,2079710.0,0.9984991661386489
4149.0,2078640.0,0.9979444239644185
4150.0,2079500.0,0.9983162869152977
4151.0,2082560.0,0.999744256302903
4152.0,2083150.0,0.9999864357414876
4153.0,2079110.0,0.9980061371734148
4154.0,2074070.0,0.9955460213522851
4155.0,2075340.0,0.9961147771630524
4156.0,2079230.0,0.9979409913319347
4157.0,2079390.0,0.9979769077970915
4158.0,2079080.0,0.9977872787452978
4159.0,2080960.0,0.9986486612293264
4160.0,2083890.0,1.0000138654154176
4161.0,2084920.0,1.000467246598322
4162.0,2083400.0,0.9996970216513509
4163.0,2081430.0,0.9987109622192234
4164.0,2081360.0,0.9986366253155361
4165.0,2083700.0,0.9997185879143051
4166.0,2083940.0,0.9997929873865593
4167.0,2080820.0,0.998255473306284
4168.0,2080640.0,0.9981284907625241
4169.0,2082770.0,0.999109655567221
4170.0,2083600.0,0.9994671780291227
4171.0,2082630.0,0.9989613030796001
4172.0,2079000.0,0.9971796426860016
4173.0,2076880.0,0.996122386478476
4174.0,2077380.0,0.9963218082825068
4175.0,2077600.0,0.9963869577023036
4176.0,2079360.0,0.9971906619780199
4177.0,2080310.0,0.9976058971681586
4178.0,2080300.0,0.9975607818722468
4179.0,2082730.0,0.9986856996382243
4180.0,2082130.0,0.9983577064259921
4181.0,2076540.0,0.9956372187539331
4182.0,2074090.0,0.9944224548013995
4183.0,2076740.0,0.9956529171840516
4184.0,2079420.0,0.9968976953781983
4185.0,2078340.0,0.9963398920422621
4186.0,2068450.0,0.9915588917636421
4187.0,2056790.0,0.9859298531354397
4188.0,2059000.0,0.9869496692275577
4189.0,2070610.0,0.9924750020306558
4190.0,2077990.0,0.9959725056209309
4191.0,2076010.0,0.9949837335169665
4192.0,2073650.0,0.9938129591351896
4193.0,2078130.0,0.9959203080481454
4194.0,2080170.0,0.9968582309079324
4195.0,2078520.0,0.9960278674923022
4196.0,2080980.0,0.9971670448266943
4197.0,2077770.0,0.995589320063256
4198.0,2061880.0,0.9879362219941117
4199.0,2054460.0,0.9843419549531048
4200.0,2060420.0,0.9871584440873228
4201.0,2054650.0,0.9843550668317683
4202.0,2047040.0,0.9806704684493582
4203.0,2060440.0,0.9870510152645215
4204.0,2074040.0,0.9935269073749298
4205.0,2076110.0,0.9944793369231287
4206.0,2075750.0,0.9942677848612274
4207.0,2078140.0,0.9953734704669865
4208.0,2084080.0,0.9981794027462039
4209.0,2084690.0,0.9984324335918935
4210.0,2078000.0,0.9951893973443102
4211.0,2073270.0,0.992885302075216
4212.0,2074080.0,0.993234426536681
4213.0,2076180.0,0.9942013019540817
4214.0,2070630.0,0.9915050075359434
4215.0,2051200.0,0.9821629005737792
4216.0,2042700.0,0.978054906893138
4217.0,2055330.0,0.9840640376922253
4218.0,2066630.0,0.9894359912475328
4219.0,2074150.0,0.9929979071164001
4220.0,2082880.0,0.9971388632694301
4221.0,2085180.0,0.9982014313699323
4222.0,2079600.0,0.9954918622261947
4223.0,2072390.0,0.9920023137573092
4224.0,2066650.0,0.9892167129843833
4225.0,2050380.0,0.9813913138940342
4226.0,2009880.0,0.9619695960270334
4227.0,1994380.0,0.9545144709271418
4228.0,2036030.0,0.9744110349867219
4229.0,2070040.0,0.9906498945968034
4230.0,2073300.0,0.9921722419563629
4231.0,2071310.0,0.9911822524923396
4232.0,2071630.0,0.9912977562691364
4233.0,2070190.0,0.9905711619695196
4234.0,2071950.0,0.9913758005820695
4235.0,2066150.0,0.9885633049266325
4236.0,2049850.0,0.9807274752488806
4237.0,2049490.0,0.980518320693049
4238.0,2064710.0,0.9877627554183246
4239.0,2078330.0,0.9942412915754257
4240.0,2085030.0,0.9974091057941415
4241.0,2082050.0,0.9959463282674386
4242.0,2067650.0,0.9890211826891762
4243.0,2059260.0,0.9849712793745315
4244.0,2069960.0,0.9900524008256867
4245.0,2080610.0,0.9951092950809928
4246.0,2074240.0,0.9920258951983025
4247.0,2060780.0,0.9855520517118113
4248.0,2052230.0,0.9814268351527964
4249.0,2040320.0,0.9756952135098096
4250.0,2028980.0,0.9702366479659402
4251.0,2040150.0,0.9755421970731106
4252.0,2064140.0,0.986977361711031
4253.0,2062250.0,0.9860375773543872
4254.0,2039090.0,0.9749283324696401
4255.0,2035370.0,0.9731142675084505
4256.0,2059300.0,0.9845194403747545
4257.0,2081540.0,0.9951159212906131
4258.0,2082720.0,0.9956439755894205
4259.0,2067560.0,0.9883610116587539
4260.0,2047140.0,0.9785642852162582
4261.0,2040690.0,0.9754459703861368
4262.0,2056630.0,0.9830299453200485
4263.0,2074040.0,0.9913160560292519
4264.0,2078520.0,0.9934217967602678
4265.0,2080370.0,0.9942705071276112
4266.0,2079750.0,0.9939387884743826
4267.0,2067910.0,0.9882451804955902
4268.0,2060540.0,0.984688170808916
4269.0,2062300.0,0.9854943677643441
4270.0,2048100.0,0.9786741799279206
4271.0,2017670.0,0.9640994002801271
4272.0,2011640.0,0.9611843182587527
4273.0,2027710.0,0.968828777057525
4274.0,2024150.0,0.9670939994582523
4275.0,2024860.0,0.9673994614536405
4276.0,2051320.0,0.9800069024808025
4277.0,2074410.0,0.9910036039077086
4278.0,2077250.0,0.9923259686597443
4279.0,2061840.0,0.9849303928625343
4280.0,2045350.0,0.9770195172580172
4281.0,2046700.0,0.9776307581879496
4282.0,2052920.0,0.9805681738209167
4283.0,2058200.0,0.9830565001400546
4284.0,2059810.0,0.9837919010931041
4285.0,2048580.0,0.9783949953845139
4286.0,2040030.0,0.9742784571427361
4287.0,2048840.0,0.978452799004862
4288.0,2051260.0,0.9795754116784369
4289.0,2028630.0,0.9687358570601523
4290.0,2010910.0,0.9602417215277239
4291.0,2016550.0,0.9629026420539067
4292.0,2029900.0,0.9692448730449029
4293.0,2031050.0,0.9697616570627573
4294.0,2023860.0,0.9662965429629166
4295.0,2025600.0,0.9670952546738165
4296.0,2023980.0,0.9662898690529086
4297.0,2006590.0,0.9579559503084647
4298.0,1987070.0,0.9486058301678597
4299.0,1961070.0,0.9361630315770668
4300.0,1946260.0,0.9290627713288805
4301.0,1955690.0,0.9335338431259896
4302.0,1961710.0,0.9363770280075194
4303.0,1959830.0,0.9354493573661015
4304.0,1964570.0,0.9376815366914687
4305.0,1969230.0,0.9398754803448532
4306.0,1959930.0,0.935406749586517
4307.0,1928810.0,0.9205247991187264
4308.0,1905090.0,0.9091754281438732
4309.0,1920490.0,0.9164957054058379
4310.0,1940010.0,0.925781691948825
4311.0,1947450.0,0.9293027338920437
4312.0,1963820.0,0.9370848152831871
4313.0,1997800.0,0.9532692810233867
4314.0,2033530.0,0.9702878321676595
4315.0,2060300.0,0.9830303369658672
4316.0,2082420.0,0.9935535649903776
4317.0,2093170.0,0.9986516142671573
4318.0,2092090.0,0.9981055317754717
4319.0,2090740.0,0.9974307777866483
4320.0,2091070.0,0.9975576238198659
4321.0,2086550.0,0.9953709157994636
4322.0,2067440.0,0.9862246230145373
4323.0,2031780.0,0.9691844343087332
4324.0,2008950.0,0.9582652664694942
4325.0,2003400.0,0.9555891387922422
4326.0,2015120.0,0.9611505362787456
4327.0,2050300.0,0.9779010716370836
4328.0,2074180.0,0.989261281187595
4329.0,2078660.0,0.9913685443910694
4330.0,2077420.0,0.9907478514061481
4331.0,2075750.0,0.9899222381113845
4332.0,2071870.0,0.9880428683074438
4333.0,2064140.0,0.9843277668298991
4334.0,2052960.0,0.9789678366873875
4335.0,2036360.0,0.9710238397785226
4336.0,2005280.0,0.9561759268930857
4337.0,1944000.0,0.9269291538392578
4338.0,1827760.0,0.8714791435358307
4339.0,1609820.0,0.7675430543820481
4340.0,1371020.0,0.6536674601202861
4341.0,1386740.0,0.6611436299059006
4342.0,1640650.0,0.782175967299404
4343.0,1853880.0,0.8838080345757056
4344.0,1958430.0,0.9336244824268617
4345.0,2010830.0,0.9585779577355561
4346.0,2038550.0,0.9717653420271742
4347.0,2051820.0,0.9780640683135363
4348.0,2061050.0,0.9824368251085518
4349.0,2071210.0,0.9872527490504455
4350.0,2073560.0,0.9883459542169005
4351.0,2063060.0,0.9833145349442433
4352.0,2054100.0,0.9790174966198918
4353.0,2061600.0,0.9825657023857693
4354.0,2072380.0,0.9876770557839333
4355.0,2073280.0,0.9880796670522549
4356.0,2072810.0,0.9878294845146295
4357.0,2078100.0,0.9903243820150676
4358.0,2080810.0,0.9915897976989962
4359.0,2076950.0,0.989724483376304
4360.0,2077000.0,0.9897225661402499
4361.0,2083380.0,0.9927370386309613
4362.0,2083810.0,0.9929163608847591
4363.0,2078560.0,0.9903894017820746
4364.0,2080610.0,0.9913409037339478
4365.0,2086400.0,0.9940744239419812
4366.0,2083150.0,0.9925008950437351
4367.0,2077300.0,0.9896888548148719
4368.0,2080080.0,0.9909885756421544
4369.0,2082880.0,0.9922978891495717
4370.0,2078820.0,0.9903391989051629
4371.0,2076320.0,0.9891238932347852
4372.0,2077920.0,0.9898619010065185
4373.0,2077680.0,0.9897235017604583
4374.0,2072030.0,0.9870081960812614
4375.0,2064510.0,0.9834024031875027
4376.0,2063830.0,0.9830549820374832
4377.0,2071790.0,0.9868230648501257
4378.0,2079710.0,0.990572050282237
4379.0,2083240.0,0.9922300725251075
4380.0,2082030.0,0.9916305820235385
4381.0,2078550.0,0.9899501231920423
4382.0,2060450.0,0.981306977828702
4383.0,2026330.0,0.9650348786363672
4384.0,2024730.0,0.9642508777024177
4385.0,2056610.0,0.9794110918597927
4386.0,2077370.0,0.9892752436144542
4387.0,2082690.0,0.9917864920065291
4388.0,2084960.0,0.9928453759870226
4389.0,2085720.0,0.9931853160024553
4390.0,2084610.0,0.9926349381558763
4391.0,2084910.0,0.9927561146799363
4392.0,2085920.0,0.993215495594289
4393.0,2082950.0,0.9917799536923582
4394.0,2071630.0,0.9863689154104006
4395.0,2063320.0,0.9823913764212845
4396.0,2072590.0,0.9867841904666338
4397.0,2085900.0,0.9931004136142129
4398.0,2090130.0,0.995093604686618
4399.0,2087020.0,0.9935924175815192
4400.0,2084880.0,0.9925532281501318
4401.0,2089150.0,0.994565787530986
4402.0,2092540.0,0.9961594858017416
4403.0,2082450.0,0.9913362050371617
4404.0,2055700.0,0.9785825429269052
4405.0,2046180.0,0.9740314325169547
4406.0,2070210.0,0.9854509497907272
4407.0,2090020.0,0.9948614246854656
4408.0,2094750.0,0.9970936574618416
4409.0,2095630.0,0.997493404035749
4410.0,2097330.0,0.998283589253413
4411.0,2099810.0,0.999445152946993
4412.0,2100930.0,0.9999595198587258
4413.0,2096030.0,0.9976087927302503
4414.0,2078720.0,0.9893518559619633
4415.0,2061570.0,0.981171524470233
4416.0,2069550.0,0.9849516509038482
4417.0,2084990.0,0.9922821351523091
4418.0,2092220.0,0.9957053036956686
4419.0,2098510.0,0.9986811610368321
4420.0,2102230.0,1.0004340291219422
4421.0,2101420.0,1.0000312416254218
4422.0,2100090.0,0.9993811712123187
4423.0,2101110.0,0.9998495700173364
4424.0,2101060.0,0.9998089429558108
4425.0,2097060.0,0.9978888643154419
4426.0,2090700.0,0.9948460189019563
4427.0,2085240.0,0.9922316858645912
4428.0,2089490.0,0.9942378882918921
4429.0,2097950.0,0.9982473910812601
4430.0,2100420.0,0.999406809388892
4431.0,2101480.0,0.999895468569002
4432.0,2103150.0,1.0006745129011707
4433.0,2101760.0,0.9999977780377209
4434.0,2095460.0,0.9969851319894876
4435.0,2089550.0,0.9941582945869426
4436.0,2093220.0,0.9958895753859454
4437.0,2101050.0,0.9996001412707616
4438.0,2104620.0,1.001284047925601
4439.0,2104550.0,1.001236349181784
4440.0,2103050.0,1.0005085093142765
4441.0,2099530.0,0.9988198738375814
4442.0,2092080.0,0.9952618416802419
4443.0,2082700.0,0.9907859330936305
4444.0,2082200.0,0.9905346678503186
4445.0,2093620.0,0.9959540304278898
4446.0,2101330.0,0.9996085620858025
4447.0,2100680.0,0.9992863458474742
4448.0,2099440.0,0.9986836525311112
4449.0,2100290.0,0.9990753275322006
4450.0,2100110.0,0.9989772167946127
4451.0,2100750.0,0.9992693335776721
4452.0,2102390.0,1.0000372841705134
4453.0,2099550.0,0.998674428895378
4454.0,2089860.0,0.9940535404355245
4455.0,2084460.0,0.9914734736314819
4456.0,2091510.0,0.9948154163236147
4457.0,2099280.0,0.9984999192565648
4458.0,2100450.0,0.9990453328086093
4459.0,2098680.0,0.9981925635362374
4460.0,2098080.0,0.9978964705091123
4461.0,2095670.0,0.9967396926489656
4462.0,2094990.0,0.9964059295966037
4463.0,2099290.0,0.9984408848072412
4464.0,2101740.0,0.9995961115902421
4465.0,2101020.0,0.9992438463368426
4466.0,2098330.0,0.9979548476398993
4467.0,2092470.0,0.9951584340996018
4468.0,2083730.0,0.9909925674601323
4469.0,2083970.0,0.9910976813055848
4470.0,2094300.0,0.9960015503330714
4471.0,2101220.0,0.9992838117971543
4472.0,2103660.0,1.000435651642112
4473.0,2104300.0,1.000731640179318
4474.0,2103920.0,1.0005427373338993
4475.0,2102220.0,0.9997262882124484
4476.0,2100780.0,0.9990336827741007
4477.0,2102330.0,0.9997631699369236
4478.0,2104610.0,1.0008399829620955
4479.0,2105280.0,1.001151344422974
4480.0,2104240.0,1.000649717692244
4481.0,2100740.0,0.9989784678798755
4482.0,2096980.0,0.9971837918917053
4483.0,2098620.0,0.9979571926474122
4484.0,2102660.0,0.9998720395170583
4485.0,2104480.0,1.0007313902787434
4486.0,2104770.0,1.0008633751157
4487.0,2104560.0,1.0007577918715211
4488.0,2103910.0,1.000443176059469
4489.0,2102800.0,0.9999100212194101
4490.0,2102500.0,0.99976223024916
4491.0,2103520.0,1.0002423071483677
4492.0,2104160.0,1.0005418822650667
4493.0,2102490.0,0.9997432353929232
4494.0,2098540.0,0.9978606466578217
4495.0,2097590.0,0.9974047714695528
4496.0,2100660.0,0.9988606007190278
4497.0,2103020.0,0.9999790138157041
4498.0,2103860.0,1.0003748648303121
4499.0,2102750.0,0.999843700102636
4500.0,2096470.0,0.9968544453756322
4501.0,2088240.0,0.9929382020202933
4502.0,2091170.0,0.9943286391725608
4503.0,2100370.0,0.9987005782054876
4504.0,2104530.0,1.000676243598527
4505.0,2105060.0,1.0009260890067342
4506.0,2104760.0,1.0007814838647664
4507.0,2104200.0,1.0005134568172134
4508.0,2103620.0,1.0002361248652016
4509.0,2104060.0,1.0004439903505942
4510.0,2104750.0,1.0007709307604324
4511.0,2104460.0,1.000632103993307
4512.0,2104020.0,1.000422161278735
4513.0,2103900.0,1.0003645792650984
4514.0,2103540.0,1.0001930889034105
4515.0,2103060.0,0.9999647484261113
4516.0,2103310.0,1.000083716997677
4517.0,2103480.0,1.0001648556826528
4518.0,2103300.0,1.0000797850793854
4519.0,2103620.0,1.0002326647910176
4520.0,2103760.0,1.0003001681506019
4521.0,2103010.0,0.9999447028306607
4522.0,2101010.0,0.9989950937053665
4523.0,2100210.0,0.9986162741074007
4524.0,2101120.0,0.9990507442890609
4525.0,2101430.0,0.9992001371909017
4526.0,2101320.0,0.9991500393653352
4527.0,2098190.0,0.9976641811697388
4528.0,2091400.0,0.9944382386214129
4529.0,2090220.0,0.9938799944164407
4530.0,2095650.0,0.996464963608772
4531.0,2097730.0,0.9974572607164873
4532.0,2093700.0,0.9955445042076754
4533.0,2081780.0,0.9898802781006669
4534.0,2074830.0,0.9865794537055232
4535.0,2084250.0,0.9910627676273749
4536.0,2095960.0,0.9966352382273028
4537.0,2101900.0,0.9994643123154184
4538.0,2103960.0,1.0004486636018481
4539.0,2104230.0,1.0005820822300089
4540.0,2103800.0,1.0003828644321124
4541.0,2103130.0,1.0000697422405584
4542.0,2103170.0,1.000094455874447
4543.0,2103600.0,1.0003048451009762
4544.0,2103270.0,1.0001540619962876
4545.0,2102790.0,0.999932171445807
4546.0,2102870.0,0.9999767984443655
4547.0,2101940.0,0.9995413623586442
4548.0,2095370.0,0.9964241213775671
4549.0,2082950.0,0.9905251540148012
4550.0,2081290.0,0.9897431676542187
4551.0,2092820.0,0.9952338559385115
4552.0,2097840.0,0.9976290219108652
4553.0,2090840.0,0.9943082889160144
4554.0,2083600.0,0.9908735937334706
4555.0,2088520.0,0.9932219073462684
4556.0,2096730.0,0.997135104313844
4557.0,2101070.0,0.9992081404519131
4558.0,2102560.0,0.9999260545966828
4559.0,2102810.0,1.0000544937949578
4560.0,2103020.0,1.0001641434293809
4561.0,2102710.0,1.0000267206118254
4562.0,2099120.0,0.9983295779959704
4563.0,2090460.0,0.9942213442324458
4564.0,2087100.0,0.9926339589183883
4565.0,2094730.0,0.9962737211321057
4566.0,2101360.0,0.9994381825682829
4567.0,2103170.0,1.0003104602944661
4568.0,2103300.0,1.0003839422894174
4569.0,2102690.0,1.0001056948759948
4570.0,2099100.0,0.9984102782714955
4571.0,2089970.0,0.9940799937084464
4572.0,2084590.0,0.9915335218184271
4573.0,2091940.0,0.9950423131566012
4574.0,2100100.0,0.9989367188041289
4575.0,2102250.0,0.9999727025816434
4576.0,2102170.0,0.9999482003818864
4577.0,2102120.0,0.9999382082992081
4578.0,2102100.0,0.9999427274560518
4579.0,2101850.0,0.9998380784761597
4580.0,2101360.0,0.9996195001253636
4581.0,2100870.0,0.99940115778808
4582.0,2100080.0,0.9990403372333517
4583.0,2097720.0,0.9979328645799382
4584.0,2096310.0,0.997277544978236
4585.0,2098130.0,0.9981590809469356
4586.0,2100110.0,0.999117008809903
4587.0,2101180.0,0.9996422779629726
4588.0,2101250.0,0.9996920498008525
4589.0,2100230.0,0.9992234822143639
4590.0,2099430.0,0.9988598168215962
4591.0,2099740.0,0.9990245077496258
4592.0,2099700.0,0.9990229249088776
4593.0,2099900.0,0.9991357830593396
4594.0,2100940.0,0.9996485749860364
4595.0,2101520.0,0.9999427586960152
4596.0,2101600.0,0.9999992898890266
4597.0,2101560.0,0.9999989738445644
4598.0,2101490.0,0.999984633997822
4599.0,2101380.0,0.9999515115225087
4600.0,2100870.0,0.9997282948181686
4601.0,2099920.0,0.9992959382048511
4602.0,2098330.0,0.9985592529354246
4603.0,2097420.0,0.9981463988026545
4604.0,2098840.0,0.9988426341992473
4605.0,2100350.0,0.9995819844632068
4606.0,2100790.0,0.9998123827810249
4607.0,2100740.0,0.9998098375170617
4608.0,2100760.0,0.9998408611590668
4609.0,2100870.0,0.9999149745246455
4610.0,2100510.0,0.9997656406150731
4611.0,2099850.0,0.9994737596918017
4612.0,2099800.0,0.999472467571849
4613.0,2100090.0,0.9996332646888069
4614.0,2100310.0,0.999760999184778
4615.0,2100210.0,0.9997366640749005
4616.0,2099710.0,0.9995221660016442
4617.0,2099560.0,0.9994745209490584
4618.0,2099610.0,0.9995223326392842
4619.0,2099530.0,0.9995085067759193
4620.0,2099680.0,0.9996044253071519
4621.0,2099930.0,0.9997482047112145
4622.0,2100000.0,0.9998065406840526
4623.0,2099980.0,0.9998222763624629
4624.0,2099840.0,0.9997811244252934
4625.0,2099480.0,0.9996354665812597
4626.0,2099240.0,0.9995471842570971
4627.0,2099200.0,0.9995543742087737
4628.0,2098450.0,0.9992237267540705
4629.0,2097110.0,0.9986123565719599
4630.0,2097400.0,0.9987773995256889
4631.0,2098800.0,0.9994712885279664
4632.0,2099200.0,0.9996892344020439
4633.0,2098970.0,0.9996074053841946
4634.0,2098940.0,0.9996210639134776
4635.0,2098920.0,0.9996397274480692
4636.0,2098680.0,0.9995538521946856
4637.0,2098370.0,0.9994348724019206
4638.0,2098320.0,0.9994399653029679
4639.0,2098600.0,0.9996024835506032
4640.0,2098880.0,0.9997652508052103
4641.0,2099050.0,0.9998758686229601
4642.0,2099010.0,0.9998866959072212
4643.0,2098800.0,0.9998167783077498
4644.0,2098490.0,0.9996994553420416
4645.0,2097600.0,0.9993060480267055
4646.0,2096380.0,0.9987556351008182
4647.0,2096230.0,0.9987152087951188
4648.0,2096900.0,0.9990657039756311
4649.0,2097500.0,0.9993831042855337
4650.0,2097670.0,0.999495873918902
4651.0,2097060.0,0.9992372199930636
4652.0,2096360.0,0.9989358979138718
4653.0,2096350.0,0.9989635925637639
4654.0,2096120.0,0.9988866834883136
4655.0,2096000.0,0.998862423579135
4656.0,2096360.0,0.9990671493560842
4657.0,2096660.0,0.9992435256831611
4658.0,2097150.0,0.9995107004855333
4659.0,2097570.0,0.99974476137311
4660.0,2097680.0,0.9998313118996822
4661.0,2097560.0,0.9998084688404236
4662.0,2097350.0,0.9997429542156023
4663.0,2097210.0,0.9997110329121656
4664.0,2097160.0,0.9997222420468124
4665.0,2097000.0,0.999681241791339
4666.0,2096330.0,0.9993973315038969
4667.0,2095120.0,0.9988561820691887
4668.0,2094690.0,0.9986871026068305
4669.0,2095420.0,0.9990713122042505
4670.0,2096030.0,0.9993985597910778
4671.0,2096290.0,0.9995591696584265
4672.0,2096290.0,0.9995960388079772
4673.0,2096060.0,0.9995234588895311
4674.0,2096050.0,0.9995560114542748
4675.0,2096150.0,0.999641249538018
4676.0,2096160.0,0.9996837963127696
4677.0,2096020.0,0.9996550307318302
4678.0,2095510.0,0.9994500155786437
4679.0,2095050.0,0.9992690560741122
4680.0,2095060.0,0.9993124882033191
4681.0,2094980.0,0.9993132155396727
4682.0,2094810.0,0.9992712326690448
4683.0,2095090.0,0.9994441363389247
4684.0,2095360.0,0.9996125039966474
4685.0,2095320.0,0.9996332110801652
4686.0,2095220.0,0.9996255140691369
4687.0,2095230.0,0.9996705190624887
4688.0,2095250.0,0.9997205183617747
4689.0,2095140.0,0.9997087103311084
4690.0,2094800.0,0.9995873694319863
4691.0,2094410.0,0.9994423768460903
4692.0,2094420.0,0.9994884758455659
4693.0,2094640.0,0.9996350151328849
4694.0,2094670.0,0.9996911050197829
4695.0,2094620.0,0.9997092339963449
4696.0,2094570.0,0.9997275804531349
4697.0,2094430.0,0.9997031856360096
4698.0,2094200.0,0.999636043657663
4699.0,2094030.0,0.9995977519723327
4700.0,2093800.0,0.9995310286504727
4701.0,2092400.0,0.9989059586218549
4702.0,2088260.0,0.9969729222464049
4703.0,2085130.0,0.9955221428963977
4704.0,2088070.0,0.9969696294359978
4705.0,2091920.0,0.9988519627870849
4706.0,2092770.0,0.9993021679419359
4707.0,2092210.0,0.9990793163482797
4708.0,2091930.0,0.9989903681640121
4709.0,2092070.0,0.9991022001899547
4710.0,2092300.0,0.9992572351664103
4711.0,2092640.0,0.9994650308168449
4712.0,2092800.0,0.9995870809172721
4713.0,2092310.0,0.9993988762968897
4714.0,2091380.0,0.9990006855421566
4715.0,2091260.0,0.9989896007795281
4716.0,2091920.0,0.9993513437365427
4717.0,2092330.0,0.9995938919680781
4718.0,2092350.0,0.9996503414776688
4719.0,2092270.0,0.9996592238825665
4720.0,2092180.0,0.9996635348911933
4721.0,2091930.0,0.9995915985912116
4722.0,2091670.0,0.9995150818922999
4723.0,2091690.0,0.999572568272419
4724.0,2091820.0,0.9996828334479996
4725.0,2091790.0,0.9997168451762857
4726.0,2091520.0,0.9996363561989234
4727.0,2091100.0,0.9994843667079798
4728.0,2090870.0,0.9994233836892841
4729.0,2090880.0,0.9994773209264253
4730.0,2090840.0,0.9995075630459616
4731.0,2090590.0,0.9994376157475726
4732.0,2090330.0,0.9993630813854216
4733.0,2090060.0,0.9992839587993793
4734.0,2089960.0,0.9992863114067773
4735.0,2089840.0,0.9992793005225191
4736.0,2088920.0,0.9988899400973399
4737.0,2088390.0,0.998687240326023
4738.0,2089200.0,0.9991255509914856
4739.0,2089910.0,0.9995162784299606
4740.0,2089910.0,0.9995676627250875
4741.0,2089620.0,0.9994805402125267
4742.0,2089510.0,0.9994797050517152
4743.0,2089670.0,0.999608222351656
4744.0,2089760.0,0.9997034620777532
4745.0,2089640.0,0.9996984416609038
4746.0,2089480.0,0.9996744783760775
4747.0,2089420.0,0.9996985528316154
4748.0,2089340.0,0.9997132542845131
4749.0,2089170.0,0.9996850852449503
4750.0,2089000.0,0.9996571064665
4751.0,2088830.0,0.9996293175329464
4752.0,2088560.0,0.999553859510446
4753.0,2087990.0,0.9993350020317366
4754.0,2087470.0,0.999140244246806
4755.0,2087630.0,0.9992711471924058
4756.0,2087860.0,0.9994357632950234
4757.0,2087870.0,0.9994952703054805
4758.0,2087910.0,0.9995693359573018
4759.0,2087890.0,0.9996148731438853
4760.0,2087710.0,0.9995839972946002
4761.0,2087180.0,0.9993857192776311
4762.0,2086440.0,0.9990870493477236
4763.0,2086190.0,0.999023182272252
4764.0,2086370.0,0.9991654228837233
4765.0,2086510.0,0.9992887092110778
4766.0,2086480.0,0.999330773495738
4767.0,2086590.0,0.9994400861429227
4768.0,2086760.0,0.9995783374367158
4769.0,2086820.0,0.9996640956607019
4770.0,2086720.0,0.9996733982252862
4771.0,2086300.0,0.9995295768624887
4772.0,2085690.0,0.9992948902288311
4773.0,2085480.0,0.999252018941544
4774.0,2085860.0,0.9994920390599638
4775.0,2086080.0,0.9996555973120539
4776.0,2086000.0,0.9996755876925155
4777.0,2085950.0,0.9997101400916111
4778.0,2085750.0,0.999672984983551
4779.0,2085120.0,0.9994299010027177
4780.0,2084580.0,0.9992301098729532
4781.0,2084680.0,0.999337273343537
4782.0,2084490.0,0.9993056031362659
4783.0,2083650.0,0.9989624795562427
4784.0,2083600.0,0.9989982654885059
4785.0,2084180.0,0.9993363106747386
4786.0,2084070.0,0.9993437089181628
4787.0,2083770.0,0.9992601722732962
4788.0,2083560.0,0.9992199643487284
4789.0,2083040.0,0.999031251551115
4790.0,2083030.0,0.999087304319627
4791.0,2083580.0,0.999412150031946
4792.0,2083730.0,0.9995453348804656
4793.0,2083650.0,0.9995683756576279
4794.0,2083620.0,0.9996155814893521
4795.0,2083540.0,0.9996389785250369
4796.0,2083390.0,0.9996289657536307
4797.0,2083130.0,0.9995663429785389
4798.0,2082770.0,0.999455898610404
4799.0,2082590.0,0.9994319948207377
4800.0,2082630.0,0.9995138445427729
4801.0,2082650.0,0.9995862771553148
4802.0,2082540.0,0.9995964916873082
4803.0,2082110.0,0.9994532722517137
4804.0,2081130.0,0.9990461777746782
4805.0,2080320.0,0.9987208153063003
4806.0,2080690.0,0.9989621119238616
4807.0,2081350.0,0.9993428495970644
4808.0,2081560.0,0.9995077272247331
4809.0,2081460.0,0.9995239314166989
4810.0,2081130.0,0.9994298518258586
4811.0,2080900.0,0.9993839541871361
4812.0,2080880.0,0.9994390799829117
4813.0,2080760.0,0.9994463469008373
4814.0,2080470.0,0.9993721200701151
4815.0,2080290.0,0.9993508923527896
4816.0,2080360.0,0.9994499327144049
4817.0,2080300.0,0.9994866921915854
4818.0,2080100.0,0.9994563528867921
4819.0,2079890.0,0.9994213663771628
4820.0,2079710.0,0.9994009509784021
4821.0,2079410.0,0.9993230198827221
4822.0,2078510.0,0.9989568651753676
4823.0,2077070.0,0.9983312652002104
4824.0,2076660.0,0.9982008266372986
4825.0,2077610.0,0.9987242796402358
4826.0,2078230.0,0.9990893015826137
4827.0,2078150.0,0.9991179721418819
4828.0,2077750.0,0.9989929268088437
4829.0,2077360.0,0.9988728082110199
4830.0,2077170.0,0.9988489799423231
4831.0,2076910.0,0.9987916151211558
4832.0,2076570.0,0.9986958948781746
4833.0,2076310.0,0.9986387635761175
4834.0,2076080.0,0.998596176349308
4835.0,2075780.0,0.9985200301130412
4836.0,2075500.0,0.9984536112793437
4837.0,2075210.0,0.9983824861585848
4838.0,2074630.0,0.9981719339800706
4839.0,2073740.0,0.9978122999834136
4840.0,2072910.0,0.9974815941542535
4841.0,2072340.0,0.9972760660627025
4842.0,2071840.0,0.9971042984939295
4843.0,2071190.0,0.9968604100704198
4844.0,2070550.0,0.9966213961587573
4845.0,2069680.0,0.9962717274054123
4846.0,2068360.0,0.9957054703396752
4847.0,2066810.0,0.9950284920533373
4848.0,2065000.0,0.99422632263502
4849.0,2062890.0,0.9932796730989197
4850.0,2060310.0,0.9921066497697276
4851.0,2056690.0,0.9904327094804548
4852.0,2051850.0,0.9881710561638514
4853.0,2045540.0,0.9852011548715728
4854.0,2036540.0,0.9809352191119031
4855.0,2023290.0,0.9746215186754666
4856.0,2003700.0,0.9652527920140137
4857.0,1971850.0,0.9499763180908478
4858.0,1911980.0,0.9211976306570174
4859.0,1784430.0,0.8598042199840783
4860.0,1546930.0,0.7454205000416461
4861.0,1325560.0,0.6387938090495532
4862.0,1384470.0,0.6672299279566706
4863.0,1644230.0,0.792474356960205
4864.0,1842410.0,0.8880545309220199
4865.0,1938200.0,0.9342920698022287
4866.0,1984800.0,0.9568229061534331
4867.0,2011160.0,0.9695990716276172
4868.0,2027680.0,0.9776327849337906
4869.0,2037900.0,0.9826299450867345
4870.0,2041460.0,0.9844163077530862
4871.0,2040030.0,0.9837965382571284
4872.0,2042950.0,0.9852746201257317
4873.0,2052100.0,0.989757748905826
4874.0,2059150.0,0.9932285964676378
4875.0,2062070.0,0.9947077069284299
4876.0,2063160.0,0.9953042131446805
4877.0,2062810.0,0.9952060804664469
4878.0,2062050.0,0.9949101186371265
4879.0,2063780.0,0.9958155914523313
4880.0,2066390.0,0.9971458396432742
4881.0,2067370.0,0.9976896531577666
4882.0,2067490.0,0.997818481401517
4883.0,2067570.0,0.9979280122821189
4884.0,2067650.0,0.9980375466656591
4885.0,2067840.0,0.9982001817260512
4886.0,2068040.0,0.9983676500580144
4887.0,2068230.0,0.9985302941038369
4888.0,2068060.0,0.998519120025593
4889.0,2065540.0,0.9973731903989391
4890.0,2057170.0,0.9934021199165405
4891.0,2048340.0,0.989208306569185
4892.0,2052470.0,0.9912731036063088
4893.0,2063340.0,0.9965935785920458
4894.0,2068490.0,0.9991518120534839
4895.0,2069380.0,0.999652494016969
4896.0,2069410.0,0.9997377340783858
4897.0,2069320.0,0.999764962670839
4898.0,2069090.0,0.9997245013658878
4899.0,2068620.0,0.9995680125990448
4900.0,2068210.0,0.9994404409170153
4901.0,2068130.0,0.9994722735985093
4902.0,2067370.0,0.9991754011151263
4903.0,2065890.0,0.9985304176651812
4904.0,2065920.0,0.9986151745679943
4905.0,2067250.0,0.9993283071594654
4906.0,2068040.0,0.9997804098970317
4907.0,2068040.0,0.999850559340541
4908.0,2067730.0,0.9997707622198808
4909.0,2067150.0,0.9995603305588894
4910.0,2066410.0,0.9992724323741192
4911.0,2066260.0,0.9992697627868246
4912.0,2066680.0,0.9995427104416902
4913.0,2066950.0,0.9997430849559316
4914.0,2067080.0,0.9998757099741999
4915.0,2067280.0,1.0000421600731237
4916.0,2067120.0,1.0000344179942917
4917.0,2065370.0,0.9992573564038723
4918.0,2059520.0,0.9964963559066583
4919.0,2049990.0,0.9919542352095766
4920.0,2042750.0,0.9885196042730419
4921.0,2046570.0,0.9904369350208543
4922.0,2055730.0,0.9949389595358883
4923.0,2054550.0,0.9944368328423902
4924.0,2050770.0,0.9926760655226717
4925.0,2056580.0,0.995557381130705
4926.0,2063400.0,0.9989280181530656
4927.0,2065420.0,0.9999751623281814
4928.0,2065530.0,1.000097625889814
4929.0,2065430.0,1.0001183891803298
4930.0,2065220.0,1.0000858579810366
4931.0,2064820.0,0.999961280182776
4932.0,2062920.0,0.9991101813001798
4933.0,2056880.0,0.9962537235011691
4934.0,2051600.0,0.9937649812573568
4935.0,2055440.0,0.9956937738175076
4936.0,2061340.0,0.9986207851967585
4937.0,2062720.0,0.9993583079464391
4938.0,2061370.0,0.9987731795557023
4939.0,2060130.0,0.9982412571751024
4940.0,2060940.0,0.9987026504029068
4941.0,2062540.0,0.9995469461224085
4942.0,2063280.0,0.9999745480964074
4943.0,2063360.0,1.0000823090667452
4944.0,2063290.0,1.0001173716371416
4945.0,2063040.0,1.0000651799092792
4946.0,2062650.0,0.9999451090324282
4947.0,2062560.0,0.9999704675282697
4948.0,2062670.0,1.0000928018940884
4949.0,2062540.0,1.000098783682195
4950.0,2062270.0,1.0000368825912196
4951.0,2062200.0,1.0000719706401502
4952.0,2062220.0,1.0001507210482095
4953.0,2062100.0,1.0001615898015344
4954.0,2061810.0,1.0000900129488919
4955.0,2059690.0,0.9991307292059909
4956.0,2049140.0,0.9940817547216084
4957.0,2030780.0,0.9852430390104708
4958.0,2029880.0,0.9848745115795959
4959.0,2047790.0,0.9936329815774355
4960.0,2058720.0,0.9990056015621597
4961.0,2060760.0,1.0000647679790347
4962.0,2060730.0,1.00011948880146
4963.0,2060560.0,1.0001062951558517
4964.0,2060250.0,1.000025174665311
4965.0,2059510.0,0.9997353420109341
4966.0,2058820.0,0.9994697751052367
4967.0,2058880.0,0.9995683246298561
4968.0,2059110.0,0.9997494636956035
4969.0,2059160.0,0.9998432657088193
4970.0,2059090.0,0.9998788497606798
4971.0,2058970.0,0.9998901992963598
4972.0,2058820.0,0.9998870242063251
4973.0,2058670.0,0.9998838940241512
4974.0,2058650.0,0.999943955146643
4975.0,2058610.0,0.9999943582712949
4976.0,2058450.0,0.999986523542003
4977.0,2058200.0,0.999935015389001
4978.0,2057780.0,0.9998009572766938
4979.0,2057200.0,0.9995891925709026
4980.0,2055870.0,0.999013006771368
4981.0,2053000.0,0.9976884116225784
4982.0,2050770.0,0.996674731554227
4983.0,2051430.0,0.997065611131967
4984.0,2052950.0,0.9978746291945118
4985.0,2054010.0,0.9984602201338846
4986.0,2055070.0,0.9990459616833864
4987.0,2056070.0,0.9996026854516805
4988.0,2056300.0,0.9997851809717457
4989.0,2055700.0,0.9995641962379248
4990.0,2053960.0,0.9987889020996098
4991.0,2052360.0,0.9980816581359674
4992.0,2053080.0,0.9985027098756915
4993.0,2053760.0,0.9989044466219663
4994.0,2053320.0,0.9987615400605308
4995.0,2053840.0,0.9990856867278248
4996.0,2054700.0,0.999575369257763
4997.0,2054710.0,0.9996516695559579
4998.0,2053760.0,0.9992609800406924
4999.0,2052110.0,0.9985297146726879
5000.0,2051480.0,0.9982947911936078
5001.0,2051670.0,0.9984589867938508
5002.0,2051740.0,0.9985648990792616
5003.0,2052450.0,0.9989824296182501
5004.0,2052170.0,0.9989182257102855
5005.0,2048780.0,0.9973401749223306
5006.0,2045010.0,0.9955770025630495
5007.0,2045990.0,0.996126300565078
5008.0,2049790.0,0.9980488510258801
5009.0,2052030.0,0.9992121653259232
5010.0,2051670.0,0.9991096271634786
5011.0,2048740.0,0.9977555719383208
5012.0,2045790.0,0.9963916916618254
5013.0,2046340.0,0.996732509160072
5014.0,2047620.0,0.9974290884506571
5015.0,2048490.0,0.9979261564104354
5016.0,2048530.0,0.9980190520876848
5017.0,2042810.0,0.9953056746733934
5018.0,2032880.0,0.9905406571418948
5019.0,2033780.0,0.9910524740525726
5020.0,2043740.0,0.9959797206193591
5021.0,2048800.0,0.9985197234965669
5022.0,2049160.0,0.998769434713103
5023.0,2049120.0,0.9988243398893413
5024.0,2049500.0,0.9990841284063469
5025.0,2049610.0,0.9992124637126015
5026.0,2049510.0,0.9992385711212393
5027.0,2049210.0,0.9991673052828144
5028.0,2049010.0,0.9991449329672137
5029.0,2049050.0,0.9992397393524652
5030.0,2048870.0,0.9992274121848306
5031.0,2048590.0,0.9991664569879765
5032.0,2048650.0,0.9992714835648783
5033.0,2048690.0,0.9993669206748014
5034.0,2048130.0,0.9991698178750137
5035.0,2046990.0,0.9986898676452962
5036.0,2046400.0,0.9984783557422323
5037.0,2046830.0,0.9987646851110704
5038.0,2046960.0,0.9989048196110246
5039.0,2046060.0,0.9985424641249775
5040.0,2043760.0,0.9974969184947782
5041.0,2040810.0,0.9961341062873008
5042.0,2040990.0,0.9962991432444889
5043.0,2044180.0,0.9979338043654058
5044.0,2046140.0,0.998968377836256
5045.0,2046520.0,0.9992318351771046
5046.0,2046480.0,0.9992904225589179
5047.0,2046110.0,0.9991880439044595
5048.0,2044910.0,0.9986804761694229
5049.0,2042470.0,0.9975673763290719
5050.0,2040430.0,0.9966496618120886
5051.0,2039960.0,0.9964989127738023
5052.0,2041000.0,0.9970860012229562
5053.0,2043340.0,0.9983085057065676
5054.0,2044690.0,0.9990476726094469
5055.0,2044840.0,0.9992007731108519
5056.0,2044670.0,0.9991977106025681
5057.0,2044480.0,0.9991850663188007
5058.0,2044290.0,0.9991726149545809
5059.0,2044070.0,0.9991456942435366
5060.0,2043860.0,0.9991238560896246
5061.0,2043720.0,0.9991364363470058
5062.0,2043540.0,0.9991296638426286
5063.0,2042970.0,0.9989323993029174
5064.0,2041780.0,0.9984321275843776
5065.0,2041080.0,0.9981716112412196
5066.0,2041640.0,0.9985275032439055
5067.0,2041870.0,0.9987222545332921
5068.0,2041020.0,0.9983889558378873
5069.0,2040550.0,0.9982417131771714
5070.0,2041180.0,0.9986328293328434
5071.0,2041530.0,0.9988872290213157
5072.0,2041290.0,0.9988531894221435
5073.0,2041050.0,0.9988193656379627
5074.0,2040770.0,0.9987661831975441
5075.0,2040510.0,0.9987230058122628
5076.0,2040540.0,0.998821999783986
5077.0,2040440.0,0.9988576001405985
5078.0,2039470.0,0.9984675092479299
5079.0,2037660.0,0.9976663085839741
5080.0,2036680.0,0.9972716190726949
5081.0,2037180.0,0.9976018496588707
5082.0,2037460.0,0.9978246314035794
5083.0,2036750.0,0.99756280666278
5084.0,2037050.0,0.9977958997312704
5085.0,2038330.0,0.9985093447751613
5086.0,2038820.0,0.9988361300824686
5087.0,2038610.0,0.998820252534957
5088.0,2038450.0,0.998829120134408
5089.0,2038380.0,0.9988823426291555
5090.0,2038130.0,0.9988476117676356
5091.0,2037900.0,0.9988229308172034
5092.0,2037870.0,0.9988965342304236
5093.0,2037810.0,0.9989557014995575
5094.0,2037640.0,0.9989612102695758
5095.0,2037350.0,0.9989081450099936
5096.0,2036890.0,0.9987719746812497
5097.0,2036200.0,0.9985232554870249
5098.0,2035330.0,0.9981864801720758
5099.0,2034890.0,0.9980608156355938
5100.0,2035340.0,0.9983719592560566
5101.0,2035870.0,0.9987226756637128
5102.0,2035960.0,0.9988578616391312
5103.0,2035790.0,0.9988657775943542
5104.0,2035510.0,0.9988199950356066
5105.0,2034980.0,0.9986517969186756
5106.0,2033670.0,0.9981010333818524
5107.0,2031530.0,0.9971430581108438
5108.0,2030940.0,0.9969460512564603
5109.0,2031410.0,0.9972696732798416
5110.0,2030460.0,0.9968964643051108
5111.0,2030870.0,0.9971912570164687
5112.0,2032850.0,0.9982573645847812
5113.0,2033740.0,0.9987886566201637
5114.0,2033690.0,0.9988586573016384
5115.0,2033420.0,0.9988209031976617
5116.0,2033250.0,0.9988325650977716
5117.0,2033160.0,0.9988838329809384
5118.0,2033020.0,0.998910845384199
5119.0,2032810.0,0.9989037693060893
5120.0,2032540.0,0.9988675110458045
5121.0,2032210.0,0.9988020638840188
5122.0,2031590.0,0.998594368359372
5123.0,2030430.0,0.998121489239362
5124.0,2029650.0,0.997835649344041
5125.0,2029820.0,0.9980171613309192
5126.0,2029880.0,0.9981449351036343
5127.0,2029430.0,0.9980222468103433
5128.0,2029210.0,0.998012973179926
5129.0,2029280.0,0.9981466620385542
5130.0,2029580.0,0.998393842657629
5131.0,2029760.0,0.9985823598868966
5132.0,2029250.0,0.9984317395736914
5133.0,2028060.0,0.9979467933854532
5134.0,2027650.0,0.9978459074426319
5135.0,2028540.0,0.9983851195012506
5136.0,2028770.0,0.998599868153242
5137.0,2027690.0,0.9981700726843238
5138.0,2024720.0,0.996809983255308
5139.0,2020610.0,0.9948885843818089
5140.0,2021140.0,0.9952518888046858
5141.0,2024610.0,0.9970633930200706
5142.0,2025160.0,0.9974373565178017
5143.0,2024950.0,0.9974372864042711
5144.0,2026150.0,0.9981320558583162
5145.0,2026950.0,0.9986301312422768
5146.0,2026770.0,0.9986456627140792
5147.0,2026420.0,0.9985776436601599
5148.0,2026190.0,0.9985689620789465
5149.0,2025910.0,0.9985358398907289
5150.0,2024860.0,0.9981233498449614
5151.0,2023760.0,0.9976863154855956
5152.0,2024000.0,0.9979100457121869
5153.0,2024590.0,0.998306583565191
5154.0,2024630.0,0.9984321487204988
5155.0,2024760.0,0.9986022934064749
5156.0,2025020.0,0.9988367551304073
5157.0,2025140.0,0.9990023567257736
5158.0,2025050.0,0.999064534849071
5159.0,2024840.0,0.9990676562392821
5160.0,2024580.0,0.9990462373641219
5161.0,2024020.0,0.9988768857955669
5162.0,2023300.0,0.99862864623069
5163.0,2023180.0,0.9986766356431181
5164.0,2022560.0,0.9984779053897612
5165.0,2015630.0,0.9951638357902415
5166.0,1987570.0,0.9814156436505977
5167.0,1945830.0,0.960908979629634
5168.0,1942420.0,0.9593285089793874
5169.0,1973430.0,0.9747490595602359
5170.0,1996520.0,0.9862606053857558
5171.0,1988270.0,0.9822913817855582
5172.0,1953010.0,0.9649757984883458
5173.0,1947680.0,0.9624464258971804
5174.0,1986290.0,0.9816318527062381
5175.0,2014190.0,0.9955279717642026
5176.0,2020670.0,0.9988389898576572
5177.0,2021140.0,0.999179613942292
5178.0,2021030.0,0.999233560882393
5179.0,2020820.0,0.9992380770734094
5180.0,2020250.0,0.9990645631625519
5181.0,2015950.0,0.9970462238013532
5182.0,1993080.0,0.9858421060571849
5183.0,1949010.0,0.9641481906226723
5184.0,1941820.0,0.9606955446364898
5185.0,1983290.0,0.9813187616411335
5186.0,2011370.0,0.9953204063377318
5187.0,2016690.0,0.9980610986646993
5188.0,2014850.0,0.9972584569553741
5189.0,2013720.0,0.9968070345845438
5190.0,2014150.0,0.9971277410994592
5191.0,2011360.0,0.9958541714166148
5192.0,2008160.0,0.9943772250065559
5193.0,2009710.0,0.9952521740415458
5194.0,2011650.0,0.9963203734869909
5195.0,2011520.0,0.9963633705306932
5196.0,2013170.0,0.9972880473587272
5197.0,2014940.0,0.9982722593310428
5198.0,2015270.0,0.9985430565727842
5199.0,2015540.0,0.9987840497212436
5200.0,2015810.0,0.9990249580426971
5201.0,2015270.0,0.9988642998988457
5202.0,2013800.0,0.9982424554944815
5203.0,2010880.0,0.9969014783983657
5204.0,2004900.0,0.9940428832673069
5205.0,1999040.0,0.9912430124494319
5206.0,1997870.0,0.9907681984426895
5207.0,1999120.0,0.9914933362828875
5208.0,1996480.0,0.9902889309324849
5209.0,1998900.0,0.9915941887678582
5210.0,2007410.0,0.9959209049142417
5211.0,2012110.0,0.9983578986209151
5212.0,2013460.0,0.9991328283302702
5213.0,2013600.0,0.9993071990721071
5214.0,2012660.0,0.9989453378430502
5215.0,2010400.0,0.9979279377465435
5216.0,2008370.0,0.9970242607414407
5217.0,2008960.0,0.9974209384023872
5218.0,2010980.0,0.9985274897511163
5219.0,2012120.0,0.9991970072935548
5220.0,2012300.0,0.9993896167245794
5221.0,2012150.0,0.9994180790701783
5222.0,2011920.0,0.9994065224886679
5223.0,2011590.0,0.9993449920339695
5224.0,2010720.0,0.9990148541387355
5225.0,2006330.0,0.9969352730145523
5226.0,1993290.0,0.9905563789517869
5227.0,1981890.0,0.9849909503008238
5228.0,1990130.0,0.9891860745453563
5229.0,2003500.0,0.9959318527836903
5230.0,2007920.0,0.9982292458375078
5231.0,2006820.0,0.9977823036161059
5232.0,2000750.0,0.9948636976099258
5233.0,1996140.0,0.9926703064913893
5234.0,2000430.0,0.9949026016340017
5235.0,2005990.0,0.9977667983849912
5236.0,2008100.0,0.998915162994849
5237.0,2008520.0,0.9992227820222291
5238.0,2008430.0,0.9992765154582173
5239.0,2008220.0,0.9992703591426161
5240.0,2007980.0,0.9992490937430992
5241.0,2007730.0,0.9992226794142702
5242.0,2007370.0,0.9991413518444291
5243.0,2007140.0,0.9991245742242324
5244.0,2007070.0,0.999187311359431
5245.0,2006860.0,0.9991802326582616
5246.0,2006450.0,0.9990734526797361
5247.0,2006050.0,0.9989715288220954
5248.0,2005900.0,0.9989940000563925
5249.0,2005710.0,0.9989964714242829
5250.0,2005160.0,0.9988195480644186
5251.0,2004920.0,0.9987969644663163
5252.0,2005110.0,0.9989885630027815
5253.0,2005030.0,0.999045628102668
5254.0,2004660.0,0.9989581650885271
5255.0,2004370.0,0.9989105382983938
5256.0,2004370.0,0.9990074372649341
5257.0,2004390.0,0.9991143298876073
5258.0,2004220.0,0.9991265425398493
5259.0,2003920.0,0.9990739721015061
5260.0,2003400.0,0.9989117358158055
5261.0,2002220.0,0.9984204036165758
5262.0,2000710.0,0.9977644630278966
5263.0,1999670.0,0.9973428797256687
5264.0,1998710.0,0.9969611999979124
5265.0,1996680.0,0.9960457676307942
5266.0,1993990.0,0.994800985870336
5267.0,1992870.0,0.9943394237192998
5268.0,1983440.0,0.9897312281435607
5269.0,1957110.0,0.9766883828726861
5270.0,1946360.0,0.9714190253293463
5271.0,1969470.0,0.9830498128376957
5272.0,1991920.0,0.9943535891008203
5273.0,1998430.0,0.9977018436905885
5274.0,1999070.0,0.9981201050626097
5275.0,1998570.0,0.997969400893781
5276.0,1997950.0,0.9977589518679529
5277.0,1998650.0,0.9982079460760708
5278.0,1999500.0,0.9987321873482347
5279.0,1999530.0,0.9988471547383863
5280.0,1998820.0,0.9985927035680464
5281.0,1997320.0,0.997943751190471
5282.0,1995760.0,0.9972649638468493
5283.0,1994730.0,0.9968511908183257
5284.0,1995000.0,0.9970873638399225
5285.0,1996750.0,0.9980636639562702
5286.0,1997820.0,0.9987005556322374
5287.0,1997870.0,0.9988279645106992
5288.0,1997610.0,0.9988007433382864
5289.0,1997390.0,0.9987938725595522
5290.0,1997220.0,0.998812370374677
5291.0,1997020.0,0.9988162433152087
5292.0,1996770.0,0.9987954936007523
5293.0,1996520.0,0.9987751372855599
5294.0,1996280.0,0.9987601884689467
5295.0,1995910.0,0.9986806088378104
5296.0,1995180.0,0.9984212928614361
5297.0,1994280.0,0.9980772831585525
5298.0,1993780.0,0.9979338615040375
5299.0,1994080.0,0.9981913339673532
5300.0,1994400.0,0.9984593486111294
5301.0,1993850.0,0.9982923098050761
5302.0,1992980.0,0.9979654937540516
5303.0,1993060.0,0.9981148649960916
5304.0,1993680.0,0.9985352250110356
5305.0,1993780.0,0.9986956937712703
5306.0,1993410.0,0.9986212232650147
5307.0,1992880.0,0.9984670403207047
5308.0,1992710.0,0.9984936660259786
5309.0,1992800.0,0.9986510380862164
5310.0,1992740.0,0.9987337043723887
5311.0,1992530.0,0.9987416295666408
5312.0,1992290.0,0.9987349341391236
5313.0,1992020.0,0.9987136029662538
5314.0,1991670.0,0.998652550149017
5315.0,1990720.0,0.9982909862236093
5316.0,1988990.0,0.9975385215407544
5317.0,1988480.0,0.9973981863049785
5318.0,1989690.0,0.9981210060895208
5319.0,1990440.0,0.998613555532787
5320.0,1990390.0,0.9987051449244911
5321.0,1990040.0,0.9986465348368494
5322.0,1988990.0,0.9982369097481062
5323.0,1985830.0,0.9967683993571015
5324.0,1982430.0,0.9951793574021053
5325.0,1983320.0,0.9957440578512642
5326.0,1981490.0,0.9949434035335787
5327.0,1964880.0,0.9867206238039705
5328.0,1948110.0,0.9784157784318185
5329.0,1959120.0,0.9840630419881116
5330.0,1979080.0,0.9942079986436688
5331.0,1986540.0,0.9980753749458723
5332.0,1987040.0,0.9984466384951783
5333.0,1986610.0,0.9983508337137948
5334.0,1986700.0,0.9985165523988538
5335.0,1986610.0,0.9985920162617937
5336.0,1985890.0,0.9983509574758893
5337.0,1985360.0,0.9982055329650334
5338.0,1985260.0,0.9982764499044385
5339.0,1983800.0,0.9976635764606528
5340.0,1980720.0,0.9962358815039491
5341.0,1979450.0,0.9957184422228593
5342.0,1981870.0,0.9970573888092595
5343.0,1984270.0,0.9983867021831153
5344.0,1984580.0,0.9986647199546022
5345.0,1983700.0,0.9983439928426688
5346.0,1983070.0,0.9981490936819402
5347.0,1983140.0,0.9983065871000468
5348.0,1982820.0,0.9982678225629089
5349.0,1982370.0,0.9981636330304022
5350.0,1982580.0,0.9983918141238626
5351.0,1983000.0,0.9987258382550575
5352.0,1982980.0,0.9988383255278317
5353.0,1982660.0,0.9987997116556804
5354.0,1982470.0,0.9988265774437147
5355.0,1982400.0,0.9989138979151491
5356.0,1982250.0,0.9989608945408527
5357.0,1982030.0,0.9989725824363975
5358.0,1981800.0,0.9989791830209331
5359.0,1981550.0,0.9989756428523545
5360.0,1981300.0,0.9989720320213763
5361.0,1980950.0,0.9989179141112772
5362.0,1980460.0,0.998793087434142
5363.0,1979910.0,0.9986378667051106
5364.0,1979280.0,0.9984421436427673
5365.0,1978670.0,0.998256353926292
5366.0,1978400.0,0.9982419653166913
5367.0,1977900.0,0.9981114019662637
5368.0,1977450.0,0.9980059371012392
5369.0,1975390.0,0.9970876884275647
5370.0,1966440.0,0.9926909308023849
5371.0,1952840.0,0.9859453229066101
5372.0,1953860.0,0.98658018643225
5373.0,1968260.0,0.9939720135459662
5374.0,1976290.0,0.9981482982145632
5375.0,1977670.0,0.998966435416368
5376.0,1977580.0,0.9990420582340926
5377.0,1977330.0,0.9990367695521111
5378.0,1977020.0,0.9990010721682172
5379.0,1976630.0,0.9989248492473216
5380.0,1976090.0,0.9987727076389606
5381.0,1975470.0,0.9985800056809285
5382.0,1974340.0,0.9981293433860818
5383.0,1972760.0,0.9974509656518553
5384.0,1972980.0,0.9976825557868777
5385.0,1974480.0,0.9985614630660974
5386.0,1975070.0,0.9989802323209392
5387.0,1974940.0,0.9990348112156153
5388.0,1974640.0,0.9990033238398006
5389.0,1974270.0,0.9989363384212805
5390.0,1973970.0,0.9989046890934445
5391.0,1973570.0,0.9988223532949534
5392.0,1972660.0,0.9984817886713819
5393.0,1971710.0,0.9981208275584624
5394.0,1971670.0,0.998220431842049
5395.0,1970110.0,0.9975503568014085
5396.0,1962410.0,0.993770744042893
5397.0,1954570.0,0.989919260115969
5398.0,1959320.0,0.9924439405899442
5399.0,1968050.0,0.9969853800849279
5400.0,1970990.0,0.9985943723587771
5401.0,1971180.0,0.9988102531146716
5402.0,1970770.0,0.9987220732370632
5403.0,1968630.0,0.9977570093049595
5404.0,1962800.0,0.9949212461305845
5405.0,1953210.0,0.9901786275554532
5406.0,1950420.0,0.988882497219768
5407.0,1959860.0,0.9937874872579089
5408.0,1967090.0,0.9975728477803293
5409.0,1967350.0,0.9978239449328506
5410.0,1966140.0,0.9973294015379078
5411.0,1966690.0,0.9977275731508611
5412.0,1967980.0,0.9985012601222399
5413.0,1968270.0,0.9987676628661472
5414.0,1967090.0,0.998288078556678
5415.0,1965650.0,0.9976763836424084
5416.0,1966060.0,0.9980036022715676
5417.0,1967160.0,0.9986811673646739
5418.0,1967300.0,0.9988714394734914
5419.0,1967030.0,0.9988535344504762
5420.0,1966910.0,0.9989117800287449
5421.0,1966770.0,0.998959858798703
5422.0,1966280.0,0.9988301354101646
5423.0,1964950.0,0.9982736080816635
5424.0,1963700.0,0.9977575783798284
5425.0,1964170.0,0.9981154471424953
5426.0,1965110.0,0.9987122511480222
5427.0,1964600.0,0.9985721746926383
5428.0,1959640.0,0.9961699255852333
5429.0,1948850.0,0.9908030982095618
5430.0,1945560.0,0.9892484666996643
5431.0,1955030.0,0.9941822405000105
5432.0,1961520.0,0.9976016004332054
5433.0,1959330.0,0.9966067196619368
5434.0,1952850.0,0.9934292446339349
5435.0,1952400.0,0.9933188823430874
5436.0,1958500.0,0.996541323831168
5437.0,1962120.0,0.9985024912405467
5438.0,1962730.0,0.9989321906055217
5439.0,1962600.0,0.998985330137691
5440.0,1962370.0,0.9989875825269751
5441.0,1962120.0,0.9989796617241995
5442.0,1961870.0,0.9989717495208081
5443.0,1961540.0,0.9989231071240288
5444.0,1960620.0,0.9985739706332911
5445.0,1956970.0,0.9968341684870253
5446.0,1947930.0,0.9923481000851995
5447.0,1942380.0,0.9896391251470441
5448.0,1949590.0,0.9934314967384497
5449.0,1957530.0,0.9975968204308023
5450.0,1959690.0,0.998817207237392
5451.0,1959700.0,0.9989419651069928
5452.0,1959410.0,0.9989138380418847
5453.0,1958480.0,0.9985594187054327
5454.0,1954340.0,0.9965680823635842
5455.0,1946580.0,0.9927301467927174
5456.0,1945290.0,0.9921913331023234
5457.0,1952340.0,0.995906735172171
5458.0,1956920.0,0.9983629439473625
5459.0,1957690.0,0.9988757967620425
5460.0,1957500.0,0.9988989301578506
5461.0,1957100.0,0.9988149349859621
5462.0,1956350.0,0.998552315906275
5463.0,1955620.0,0.9982998866137509
5464.0,1955660.0,0.9984405565192673
5465.0,1955950.0,0.9987089570432266
5466.0,1955850.0,0.998778312286322
5467.0,1955650.0,0.998796661670751
5468.0,1955500.0,0.9988406060982951
5469.0,1955300.0,0.9988590717194785
5470.0,1955050.0,0.9988520508752496
5471.0,1954800.0,0.9988450844182929
5472.0,1954500.0,0.9988126223234681
5473.0,1954130.0,0.9987444350179998
5474.0,1953670.0,0.9986302879630415
5475.0,1952380.0,0.9980918646596029
5476.0,1949250.0,0.9966126194314149
5477.0,1947440.0,0.9958080521973703
5478.0,1949710.0,0.9970898856554763
5479.0,1952020.0,0.9983925578617463
5480.0,1952430.0,0.9987237128453397
5481.0,1952160.0,0.9987071385283882
5482.0,1951920.0,0.9987059832214862
5483.0,1951740.0,0.9987356055970679
5484.0,1951560.0,0.9987653118158558
5485.0,1951350.0,0.9987797482771377
5486.0,1950990.0,0.998717482327822
5487.0,1950410.0,0.9985426483923494
5488.0,1950040.0,0.9984753770939554
5489.0,1950020.0,0.9985874004772075
5490.0,1949890.0,0.9986431936367063
5491.0,1949670.0,0.9986529800925115
5492.0,1949490.0,0.9986833390781729
5493.0,1949240.0,0.9986779203874635
5494.0,1949000.0,0.9986777031019595
5495.0,1948680.0,0.9986365668536643
5496.0,1947620.0,0.998216225720085
5497.0,1945880.0,0.99744729505399
5498.0,1945590.0,0.9974216064745672
5499.0,1946720.0,0.9981240531539796
5500.0,1946720.0,0.9982473049058109
5501.0,1945570.0,0.9977808900709985
5502.0,1945380.0,0.9978068320037283
5503.0,1946180.0,0.9983407024892199
5504.0,1946410.0,0.9985823507895096
5505.0,1945550.0,0.9982648553788125
5506.0,1943600.0,0.9973880080973109
5507.0,1942690.0,0.9970447781189109
5508.0,1943960.0,0.9978205176620186
5509.0,1944990.0,0.9984733210146856
5510.0,1945030.0,0.998618077026674
5511.0,1944740.0,0.9985934955944541
5512.0,1944260.0,0.9984714100709254
5513.0,1943860.0,0.998390459160151
5514.0,1943760.0,0.9984636668962584
5515.0,1943740.0,0.9985780679398287
5516.0,1943620.0,0.9986411927474924
5517.0,1943420.0,0.9986632993419036
5518.0,1943200.0,0.9986752081896441
5519.0,1942960.0,0.9986769153173339
5520.0,1942670.0,0.9986529948823689
5521.0,1942350.0,0.9986137196269584
5522.0,1942100.0,0.9986105027255621
5523.0,1941890.0,0.9986279299385734
5524.0,1941620.0,0.9986145768722993
5525.0,1941170.0,0.9985087055706774
5526.0,1940090.0,0.9980787785697343
5527.0,1937220.0,0.9967278363939006
5528.0,1933440.0,0.9949083603843009
5529.0,1933990.0,0.9953169088718724
5530.0,1937760.0,0.9973829977429228
5531.0,1939550.0,0.9984304288748655
5532.0,1939630.0,0.9985978229065363
5533.0,1939350.0,0.9985799669841082
5534.0,1938990.0,0.9985209821471724
5535.0,1938660.0,0.9984775064506246
5536.0,1938510.0,0.9985268106560101
5537.0,1938380.0,0.9985865034339863
5538.0,1938150.0,0.9985947608965386
5539.0,1937910.0,0.9985979399789654
5540.0,1937690.0,0.9986114994543623
5541.0,1937440.0,0.9986096717669872
5542.0,1937130.0,0.9985769861056747
5543.0,1936780.0,0.9985237417038038
5544.0,1936510.0,0.9985118054727654
5545.0,1936320.0,0.9985411930611433
5546.0,1936100.0,0.9985551869835553
5547.0,1935860.0,0.9985589394185672
5548.0,1935630.0,0.9985679229285973
5549.0,1935380.0,0.9985666607601725
5550.0,1935140.0,0.9985706294284279
5551.0,1934890.0,0.9985695090767182
5552.0,1934630.0,0.9985632976013683
5553.0,1934320.0,0.9985313441642489
5554.0,1933960.0,0.9984736387046987
5555.0,1933650.0,0.9984418062302531
5556.0,1933500.0,0.9984926624488378
5557.0,1933320.0,0.9985281072213577
5558.0,1933080.0,0.9985326379581311
5559.0,1932830.0,0.9985320734058173
5560.0,1932540.0,0.9985109109523155
5561.0,1932140.0,0.9984329699948533
5562.0,1931700.0,0.9983344055555398
5563.0,1931390.0,0.9983030796285365
5564.0,1931230.0,0.99834935710898
5565.0,1931020.0,0.998369864574879
5566.0,1930770.0,0.9983697627228221
5567.0,1930520.0,0.9983697294316551
5568.0,1929890.0,0.998173221862909
5569.0,1928730.0,0.9977025707491634
5570.0,1928250.0,0.9975836649290468
5571.0,1928320.0,0.9977493766663231
5572.0,1927040.0,0.9972165929302009
5573.0,1926050.0,0.9968338289077555
5574.0,1927140.0,0.9975276840496766
5575.0,1927960.0,0.9980820113689068
5576.0,1927770.0,0.9981136172388894
5577.0,1927760.0,0.9982385066653654
5578.0,1927850.0,0.998415284754928
5579.0,1927700.0,0.9984678659356317
5580.0,1927370.0,0.9984272829920029
5581.0,1926770.0,0.9982468708624475
5582.0,1926240.0,0.9981027493434595
5583.0,1926220.0,0.998222953227633
5584.0,1926100.0,0.9982914251037815
5585.0,1924830.0,0.9977638616192301
5586.0,1921780.0,0.9963134157356571
5587.0,1919200.0,0.9951063504417608
5588.0,1918190.0,0.9947131866296266
5589.0,1918550.0,0.9950305171993955
5590.0,1921250.0,0.9965617657404034
5591.0,1923490.0,0.9978548463428353
5592.0,1923900.0,0.9981988525209539
5593.0,1922740.0,0.9977283260609188
5594.0,1920760.0,0.9968321784889183
5595.0,1920640.0,0.9969012856243921
5596.0,1922060.0,0.9977699123181032
5597.0,1922050.0,0.9978964003677819
5598.0,1920710.0,0.9973323809745777
5599.0,1920430.0,0.9973187563934703
5600.0,1921060.0,0.997777836304258
5601.0,1920820.0,0.9977851730652411
5602.0,1920040.0,0.997512031016429
5603.0,1919760.0,0.997498677882569
5604.0,1920390.0,0.9979582791594822
5605.0,1920900.0,0.9983556975732252
5606.0,1920850.0,0.9984621953063261
5607.0,1920610.0,0.9984700087733871
5608.0,1920340.0,0.9984622889690974
5609.0,1920070.0,0.9984546298356093
5610.0,1919820.0,0.9984574328202646
5611.0,1919570.0,0.9984602989926268
5612.0,1919290.0,0.9984476217143565
5613.0,1918700.0,0.9982737144017436
5614.0,1916430.0,0.9972256248444735
5615.0,1912090.0,0.9951000370672998
5616.0,1911020.0,0.9946759613636129
5617.0,1914620.0,0.9966828691490355
5618.0,1917060.0,0.9980864393398312
5619.0,1917370.0,0.9983813476407043
5620.0,1917170.0,0.9984108016825802
5621.0,1916930.0,0.9984194909242351
5622.0,1916630.0,0.9983969886207589
5623.0,1916060.0,0.9982338757387641
5624.0,1915220.0,0.9979300955402163
5625.0,1914920.0,0.9979077003470607
5626.0,1915220.0,0.9981980748662309
5627.0,1915320.0,0.9983843350962652
5628.0,1915140.0,0.9984247323442541
5629.0,1914890.0,0.9984287021791555
5630.0,1914640.0,0.9984327328463531
5631.0,1914380.0,0.9984316087912714
5632.0,1914100.0,0.9984201116478362
5633.0,1913810.0,0.9984034539071882
5634.0,1913520.0,0.9983868508698779
5635.0,1913280.0,0.9983963936311585
5636.0,1913020.0,0.9983955599842105
5637.0,1912690.0,0.9983582472977237
5638.0,1912360.0,0.9983209831510049
5639.0,1912120.0,0.9983307570152196
5640.0,1911890.0,0.9983458136442326
5641.0,1911590.0,0.9983243751837118
5642.0,1911350.0,0.9983343281112839
5643.0,1911100.0,0.9983391177600515
5644.0,1910790.0,0.9983126188470771
5645.0,1910540.0,0.9983175222719194
5646.0,1910330.0,0.9983433886260674
5647.0,1910140.0,0.9983797728362632
5648.0,1909910.0,0.9983953143669473
5649.0,1909640.0,0.9983900045666521
5650.0,1909370.0,0.998384750252027
5651.0,1909130.0,0.9983952400420132
5652.0,1908890.0,0.9984057893384802
5653.0,1908620.0,0.998400704992993
5654.0,1908300.0,0.9983695170141444
5655.0,1907940.0,0.9983174469966042
5656.0,1907610.0,0.9982811182852352
5657.0,1907020.0,0.9981087550553581
5658.0,1906040.0,0.9977322517803224
5659.0,1905620.0,0.9976488778110548
5660.0,1906040.0,0.9980053617310863
5661.0,1906170.0,0.9982101334053919
5662.0,1905770.0,0.9981374315804863
5663.0,1905470.0,0.9981171465697912
5664.0,1905460.0,0.9982488386251642
5665.0,1905350.0,0.9983282255630624
5666.0,1905090.0,0.9983290840797677
5667.0,1904790.0,0.9983090331628647
5668.0,1904520.0,0.9983047563981439
5669.0,1904290.0,0.9983215026285721
5670.0,1904080.0,0.9983487939671313
5671.0,1903860.0,0.9983709028320472
5672.0,1903630.0,0.9983878269356183
5673.0,1903380.0,0.998394318611501
5674.0,1903090.0,0.9983798811974791
5675.0,1902780.0,0.998354999526367
5676.0,1902520.0,0.9983564019520343
5677.0,1902300.0,0.998378850940481
5678.0,1902040.0,0.9983803630864957
5679.0,1901750.0,0.998366179281422
5680.0,1901500.0,0.9983730460096818
5681.0,1901200.0,0.9983537112704294
5682.0,1900840.0,0.9983029121240081
5683.0,1900500.0,0.9982626563907983
5684.0,1900190.0,0.998238201657698
5685.0,1899950.0,0.9982505706979914
5686.0,1899720.0,0.9982682497821528
5687.0,1899440.0,0.9982597076889115
5688.0,1899170.0,0.9982564710078633
5689.0,1898950.0,0.9982795698323191
5690.0,1898740.0,0.9983079840414399
5691.0,1898520.0,0.9983311987654144
5692.0,1898310.0,0.9983597300923458
5693.0,1898080.0,0.9983778002908132
5694.0,1897800.0,0.9983696228366638
5695.0,1897510.0,0.9983562322107259
5696.0,1897260.0,0.9983639367576267
5697.0,1897000.0,0.9983664308069099
5698.0,1896710.0,0.9983531848169689
5699.0,1896420.0,0.9983399850613766
5700.0,1896050.0,0.9982847107999067
5701.0,1895600.0,0.9981873442294772
5702.0,1895340.0,0.9981900643427138
5703.0,1895260.0,0.9982876457167793
5704.0,1895090.0,0.9983378914168247
5705.0,1894780.0,0.9983144376010934
5706.0,1894430.0,0.9982699481359107
5707.0,1894060.0,0.9982149544951324
5708.0,1893420.0,0.9980176776284472
5709.0,1892680.0,0.9977676766737803
5710.0,1892360.0,0.9977390971164957
5711.0,1892350.0,0.9978740269109678
5712.0,1892410.0,0.998045960269304
5713.0,1892500.0,0.9982338139412762
5714.0,1892350.0,0.9982951580313757
5715.0,1892060.0,0.9982827006642024
5716.0,1891840.0,0.9983072256523049
5717.0,1891620.0,0.9983318048921586
5718.0,1891360.0,0.9983353246620835
5719.0,1891110.0,0.9983441716217645
5720.0,1890830.0,0.9983372283205612
5721.0,1890540.0,0.998325049188883
5722.0,1890310.0,0.998344601517968
5723.0,1890090.0,0.9983694879749699
5724.0,1889840.0,0.9983785791798034
5725.0,1889570.0,0.998377151902449
5726.0,1889280.0,0.9983652015270463
5727.0,1889000.0,0.9983585787828559
5728.0,1888740.0,0.99836257164665
5729.0,1888490.0,0.9983718978650116
5730.0,1888220.0,0.9983706974630062
5731.0,1887910.0,0.9983483895822118
5732.0,1887630.0,0.9983419871380357
5733.0,1887390.0,0.9983567863668734
5734.0,1887150.0,0.998371634683061
5735.0,1886890.0,0.9983759497201592
5736.0,1886630.0,0.9983803105784167
5737.0,1886350.0,0.9983741318784851
5738.0,1886080.0,0.9983732891014715
5739.0,1885800.0,0.9983671961124622
5740.0,1885520.0,0.9983611454012833
5741.0,1885250.0,0.9983604324731576
5742.0,1884980.0,0.9983597630642576
5743.0,1884720.0,0.9983644341914346
5744.0,1884450.0,0.9983638521776814
5745.0,1884190.0,0.9983686119463777
5746.0,1883920.0,0.9983681167968821
5747.0,1883620.0,0.998351763973468
5748.0,1883320.0,0.9983354493250397
5749.0,1883080.0,0.9983509828650876
5750.0,1882840.0,0.9983665634077188
5751.0,1882550.0,0.9983556747766478
5752.0,1882160.0,0.9982917856070104
5753.0,1881720.0,0.9982013966096426
5754.0,1881400.0,0.998174689542322
5755.0,1881240.0,0.9982329166344591
5756.0,1881120.0,0.9983124301520612
5757.0,1880880.0,0.9983283147551453
5758.0,1880570.0,0.9983070855679356
5759.0,1880290.0,0.998301819418451
5760.0,1880020.0,0.9983019029137324
5761.0,1879700.0,0.9982754732680289
5762.0,1879240.0,0.9981747146049523
5763.0,1878840.0,0.9981058417142578
5764.0,1878760.0,0.9982070092208877
5765.0,1878720.0,0.998329501749584
5766.0,1878510.0,0.9983617207939274
5767.0,1878250.0,0.9983674121375291
5768.0,1877970.0,0.9983625126948616
5769.0,1877690.0,0.9983576516235144
5770.0,1877410.0,0.9983528287873591
5771.0,1877100.0,0.9983320886068803
5772.0,1876790.0,0.9983113817802228
5773.0,1876530.0,0.998317308256396
5774.0,1876270.0,0.9983232754960552
5775.0,1876000.0,0.9983239618090204
5776.0,1875750.0,0.9983353317302384
5777.0,1875510.0,0.9983520666497322
5778.0,1875230.0,0.998347549410867
5779.0,1874920.0,0.9983270952665179
5780.0,1874560.0,0.9982800463157387
5781.0,1874220.0,0.9982436741113394
5782.0,1873960.0,0.9982499448671164
5783.0,1873740.0,0.9982775660780855
5784.0,1873500.0,0.9982945758859382
5785.0,1873220.0,0.9982903109704094
5786.0,1872960.0,0.9982967422000631
5787.0,1872710.0,0.9983085432620248
5788.0,1872430.0,0.9983043899547304
5789.0,1872150.0,0.9983002722859098
5790.0,1871850.0,0.9982855238197696
5791.0,1871540.0,0.9982654736866715
5792.0,1871290.0,0.9982774623309022
5793.0,1871040.0,0.9982894907236393
5794.0,1870790.0,0.9983015587308887
5795.0,1870560.0,0.9983243402877389
5796.0,1870300.0,0.9983311508654883
5797.0,1869990.0,0.9983113061402062
5798.0,1869690.0,0.9982968305138346
5799.0,1869460.0,0.9983197670860101
5800.0,1869230.0,0.998342745582998
5801.0,1868970.0,0.9983497407400834
5802.0,1868690.0,0.9983460878893088
5803.0,1868380.0,0.9983264389342178
5804.0,1868070.0,0.99830681886527
5805.0,1867780.0,0.9982979172136685
5806.0,1867510.0,0.9982997385320405
5807.0,1867260.0,0.9983122873778948
5808.0,1867010.0,0.9983248739426762
5809.0,1866740.0,0.998326802152839
5810.0,1866460.0,0.9983234159216458
5811.0,1866190.0,0.9983254118334576
5812.0,1865910.0,0.9983220914583811
5813.0,1865620.0,0.9983134523023893
5814.0,1865350.0,0.9983155475509331
5815.0,1865060.0,0.9983069710598655
5816.0,1864740.0,0.9982823645047028
5817.0,1864490.0,0.9982952631995955
5818.0,1864280.0,0.998329618412127
5819.0,1864030.0,0.9983425928281137
5820.0,1863760.0,0.9983448900922323
5821.0,1863480.0,0.9983418627424955
5822.0,1863210.0,0.9983442246629496
5823.0,1862930.0,0.998341260113412
5824.0,1862660.0,0.9983436861338751
5825.0,1862390.0,0.9983461443906463
5826.0,1862110.0,0.9983432733898303
5827.0,1861830.0,0.998340432765357
5828.0,1861560.0,0.9983429853144188
5829.0,1861280.0,0.9983402058135958
5830.0,1860980.0,0.9983267272254384
5831.0,1860680.0,0.9983132752819757
5832.0,1860410.0,0.9983159481618283
5833.0,1860150.0,0.9983240190615862
5834.0,1859870.0,0.9983213871398581
5835.0,1859600.0,0.9983241529589024
5836.0,1859340.0,0.9983323187617001
5837.0,1859070.0,0.9983351466369267
5838.0,1858790.0,0.9983326340596999
5839.0,1858510.0,0.998330150172202
5840.0,1858250.0,0.9983384397646627
5841.0,1857970.0,0.9983360144261763
5842.0,1857690.0,0.9983336173544255
5843.0,1857420.0,0.9983366232646428
5844.0,1857150.0,0.9983396587542146
5845.0,1856860.0,0.9983319707776152
5846.0,1856560.0,0.9983189316542096
5847.0,1856260.0,0.9983059168943438
5848.0,1855990.0,0.9983090629019692
5849.0,1855730.0,0.9983176174064619
5850.0,1855480.0,0.9983315825389998
5851.0,1855180.0,0.9983186729093371
5852.0,1854730.0,0.9982250557064939
5853.0,1854110.0,0.9980399288720184
5854.0,1853750.0,0.9979947483027903
5855.0,1853660.0,0.9980949606754653
5856.0,1853020.0,0.9978990395384618
5857.0,1851840.0,0.9974122382206755
5858.0,1851580.0,0.9974209083754517
5859.0,1852190.0,0.9978983330381733
5860.0,1852420.0,0.9981711628408869
5861.0,1852220.0,0.9982123595230209
5862.0,1851840.0,0.9981565710459213
5863.0,1851620.0,0.9981870437397412
5864.0,1851510.0,0.9982768575008552
5865.0,1851260.0,0.9982912262247858
5866.0,1850920.0,0.998257082286415
5867.0,1850650.0,0.9982607093536516
5868.0,1850440.0,0.9982967291486593
5869.0,1850220.0,0.9983273858443016
5870.0,1849960.0,0.9983364871357719
5871.0,1849670.0,0.9983294203733107
5872.0,1849390.0,0.9983277705701677
5873.0,1849110.0,0.9983261408963212
5874.0,1848840.0,0.9983299308155011
5875.0,1848570.0,0.9983337418822577
5876.0,1848290.0,0.9983321724144649
5877.0,1848010.0,0.9983306218753244
5878.0,1847730.0,0.9983290899640572
5879.0,1847440.0,0.9983221725659321
5880.0,1847160.0,0.9983206761963426
5881.0,1846880.0,0.9983191975508918
5882.0,1846600.0,0.9983177363280968
5883.0,1846280.0,0.998294663986506
5884.0,1845970.0,0.9982770098372908
5885.0,1845740.0,0.9983026368080204
5886.0,1845460.0,0.99830124063134
5887.0,1844400.0,0.997877856068293
5888.0,1837720.0,0.9944133077881137
5889.0,1818600.0,0.9842152803149641
5890.0,1805540.0,0.9772943277431003
5891.0,1820170.0,0.9853614774911486
5892.0,1837620.0,0.9949579269360456
5893.0,1842140.0,0.9975554289379607
5894.0,1837570.0,0.995230570435938
5895.0,1823180.0,0.9875856977237956
5896.0,1813900.0,0.9827069518617935
5897.0,1825120.0,0.988934598336503
5898.0,1837830.0,0.9959716082554598
5899.0,1841380.0,0.9980459437135478
5900.0,1841540.0,0.9982832270035376
5901.0,1841310.0,0.9983091463219076
5902.0,1841040.0,0.9983133949717333
5903.0,1840750.0,0.9983068095699327
5904.0,1840450.0,0.9982948090877348
5905.0,1840150.0,0.9982828157690309
5906.0,1839870.0,0.9982816809607155
5907.0,1839620.0,0.9982968359204121
5908.0,1839370.0,0.9983120053211817
5909.0,1839070.0,0.9983000474224635
5910.0,1838760.0,0.998282666042916
5911.0,1838480.0,0.9982815781270394
5912.0,1838170.0,0.9982642062552398
5913.0,1837730.0,0.9981762270096679
5914.0,1837260.0,0.9980719319648342
5915.0,1837070.0,0.9981197430848051
5916.0,1836970.0,0.9982164824042594
5917.0,1836790.0,0.9982697792036547
5918.0,1836550.0,0.998290484806571
5919.0,1836290.0,0.9983003301225125
5920.0,1836020.0,0.9983047472357408
5921.0,1835720.0,0.998292857059368
5922.0,1835430.0,0.9982864077821001
5923.0,1835160.0,0.9982908413691965
5924.0,1834890.0,0.998295281203806
5925.0,1834620.0,0.9982997269774393
5926.0,1834340.0,0.9982987361038883
5927.0,1834030.0,0.998281419591861
5928.0,1833710.0,0.9982586575572825
5929.0,1833360.0,0.9982195577001239
5930.0,1833010.0,0.9981804490135238
5931.0,1832790.0,0.9982121344799875
5932.0,1832610.0,0.9982656209194223
5933.0,1832330.0,0.9982646450902194
5934.0,1831970.0,0.9982200796468462
5935.0,1831670.0,0.9982082004452658
5936.0,1831470.0,0.9982508242461344
5937.0,1831240.0,0.998277107739165
5938.0,1830980.0,0.9982870431634985
5939.0,1830700.0,0.9982860757827915
5940.0,1830410.0,0.9982796541714126
5941.0,1830110.0,0.9982677755297007
5942.0,1829820.0,0.99826134808962
5943.0,1829550.0,0.9982658303720876
5944.0,1829290.0,0.9982757698664999
5945.0,1829010.0,0.9982747947321707
5946.0,1828720.0,0.9982683585118076
5947.0,1828350.0,0.9982182407302697
5948.0,1827890.0,0.9981189606355875
5949.0,1827580.0,0.9981015673652751
5950.0,1827460.0,0.9981879466419484
5951.0,1827280.0,0.9982415707505919
5952.0,1826960.0,0.9982187138276779
5953.0,1826650.0,0.9982013104556604
5954.0,1826410.0,0.9982221557404204
5955.0,1826170.0,0.9982430026046418
5956.0,1825860.0,0.9982255806655443
5957.0,1825570.0,0.9982190839919043
5958.0,1825320.0,0.9982344549027252
5959.0,1825070.0,0.9982498244726516
5960.0,1824790.0,0.9982487809303032
5961.0,1824520.0,0.9982532017359136
5962.0,1824240.0,0.9982521447679922
5963.0,1823950.0,0.9982456072080715
5964.0,1823660.0,0.9982390600584142
5965.0,1823360.0,0.9982270283446749
5966.0,1823060.0,0.998214984736312
5967.0,1822800.0,0.9982248342216942
5968.0,1822540.0,0.9982346778572845
5969.0,1822260.0,0.9982335593318182
5970.0,1821980.0,0.9982324309808982
5971.0,1821690.0,0.9982258128175485
5972.0,1821400.0,0.9982191825203791
5973.0,1821110.0,0.9982125397703859
5974.0,1820800.0,0.9981949198929317
5975.0,1820450.0,0.9981553515199992
5976.0,1820130.0,0.9981322112472685
5977.0,1819870.0,0.9981419603496023
5978.0,1819640.0,0.9981681569989755
5979.0,1819400.0,0.9981888629621469
5980.0,1819150.0,0.9982040754093853
5981.0,1818870.0,0.9982028154331005
5982.0,1818580.0,0.9981960529255773
5983.0,1818260.0,0.9981728056233001
5984.0,1817890.0,0.9981220845548778
5985.0,1817560.0,0.9980932993407295
5986.0,1817320.0,0.9981139208687609
5987.0,1817070.0,0.9981290407769764
5988.0,1816780.0,0.9981221745058162
5989.0,1816510.0,0.9981262801467444
5990.0,1816270.0,0.9981468580001227
5991.0,1816000.0,0.9981509367452367
5992.0,1815730.0,0.9981550003014125
5993.0,1815480.0,0.9981700445577527
5994.0,1815210.0,0.9981740784506384
5995.0,1814920.0,0.9981670966177438
5996.0,1814630.0,0.9981600949466088
5997.0,1814330.0,0.998147571647227
5998.0,1814050.0,0.9981460307954075
5999.0,1813770.0,0.9981444708157463
6000.0,1813480.0,0.9981373873956899
6001.0,1813160.0,0.9981137680279517
6002.0,1812810.0,0.9980736048166805
6003.0,1812480.0,0.998044422426926
6004.0,1812250.0,0.9980702844150828
6005.0,1812040.0,0.9981071501374685
6006.0,1811740.0,0.9980944249061122
6007.0,1811360.0,0.9980375955452249
6008.0,1810940.0,0.9979586844057023
6009.0,1810680.0,0.9979679123355927
6010.0,1810540.0,0.998043269812252
6011.0,1810320.0,0.9980745218587047
6012.0,1810010.0,0.9980561338388833
6013.0,1809650.0,0.9980101424120937
6014.0,1809370.0,0.9980082397150192
6015.0,1809080.0,0.9980007960660251
6016.0,1808690.0,0.9979381514351531
6017.0,1808390.0,0.9979251280302252
6018.0,1808200.0,0.9979727865933284
6019.0,1807920.0,0.9979707547532221
6020.0,1807520.0,0.9979024468940888
6021.0,1807170.0,0.9978617008967421
6022.0,1806890.0,0.9978595741380893
6023.0,1806590.0,0.9978463736880027
6024.0,1806270.0,0.9978220941536677
6025.0,1806090.0,0.9978751310626343
6026.0,1805910.0,0.9979281569194297
6027.0,1805630.0,0.9979259039348117
6028.0,1805370.0,0.9979346775377586
6029.0,1805140.0,0.9979600109024193
6030.0,1804880.0,0.9979687356210574
6031.0,1804600.0,0.9979663738871996
6032.0,1804310.0,0.9979584512721157
6033.0,1804020.0,0.997950496725819
6034.0,1803730.0,0.9979425099178755
6035.0,1803440.0,0.9979344905176655
6036.0,1803150.0,0.9979264381943839
6037.0,1802860.0,0.997918352617038
6038.0,1802570.0,0.9979102334544512
6039.0,1802290.0,0.9979076172623161
6040.0,1801990.0,0.9978938930479148
6041.0,1801700.0,0.9978856711406813
6042.0,1801400.0,0.9978718748974418
6043.0,1801120.0,0.9978691222586822
6044.0,1800850.0,0.9978718768515411
6045.0,1800560.0,0.9978635149957299
6046.0,1800230.0,0.9978329456662478
6047.0,1799910.0,0.9978078766477231
6048.0,1799650.0,0.9978160326474895
6049.0,1799400.0,0.997829701831027
6050.0,1799130.0,0.9978322478251402
6051.0,1798850.0,0.9978292122580513
6052.0,1798550.0,0.9978150443708692
6053.0,1798250.0,0.9978008362157469
6054.0,1797950.0,0.9977865874583638
6055.0,1797600.0,0.9977445456351162
6056.0,1797270.0,0.9977135566184703
6057.0,1797020.0,0.9977269378689679
6058.0,1796790.0,0.9977513915779261
6059.0,1796530.0,0.9977591534273362
6060.0,1796240.0,0.9977502154607292
6061.0,1795940.0,0.9977356807341361
6062.0,1795630.0,0.997715546370992
6063.0,1795260.0,0.9976620234905135
6064.0,1794590.0,0.9974417033617943
6065.0,1793660.0,0.9970767449888789
6066.0,1793410.0,0.9970896977074044
6067.0,1793780.0,0.9974473704605461
6068.0,1793860.0,0.99764382977784
6069.0,1793640.0,0.9976734393363678
6070.0,1793360.0,0.9976696376905724
6071.0,1793070.0,0.9976602291435066
6072.0,1792780.0,0.9976507756413348
6073.0,1792490.0,0.9976412768464181
6074.0,1792200.0,0.9976317324209371
6075.0,1791910.0,0.9976221420268888
6076.0,1791610.0,0.9976069371112596
6077.0,1791280.0,0.997574976669092
6078.0,1790920.0,0.9975262527352156
6079.0,1790620.0,0.9975108941573148
6080.0,1790400.0,0.9975400590587041
6081.0,1790140.0,0.9975468980160903
6082.0,1789840.0,0.9975314005211857
6083.0,1789540.0,0.9975158526522975
6084.0,1789230.0,0.9974946790756417
6085.0,1788920.0,0.9974734527507119
6086.0,1788630.0,0.9974633267155664
6087.0,1788380.0,0.9974754607874774
6088.0,1788120.0,0.9974819728758473
6089.0,1787840.0,0.9974772808665806
6090.0,1787530.0,0.9974557992558523
6091.0,1787220.0,0.9974342628543945
6092.0,1786940.0,0.9974294166414382
6093.0,1786660.0,0.9974245200397428
6094.0,1786390.0,0.997425156175926
6095.0,1786100.0,0.9974145743040594
6096.0,1785810.0,0.9974039393238742
6097.0,1785510.0,0.9973876648834488
6098.0,1785230.0,0.9973825086705349
6099.0,1784940.0,0.9973717123129293
6100.0,1784590.0,0.9973273301684967
6101.0,1783870.0,0.9970760752845089
6102.0,1782630.0,0.9965339996005953
6103.0,1782020.0,0.9963439463230874
6104.0,1782600.0,0.9968192238508393
6105.0,1783010.0,0.9971995151930371
6106.0,1782860.0,0.9972666250758667
6107.0,1782510.0,0.9972218121759725
6108.0,1782190.0,0.9971937178735792
6109.0,1781960.0,0.9972159264944291
6110.0,1781740.0,0.9972436843868207
6111.0,1781450.0,0.997232210800893
6112.0,1781160.0,0.9972206786141464
6113.0,1780870.0,0.9972090874818058
6114.0,1780580.0,0.9971974370589229
6115.0,1780280.0,0.9971801257459335
6116.0,1779970.0,0.9971571506582206
6117.0,1779700.0,0.9971565236476676
6118.0,1779430.0,0.9971558393504844
6119.0,1779090.0,0.9971158649417503
6120.0,1778310.0,0.9968291793236943
6121.0,1776110.0,0.9957462499199723
6122.0,1773650.0,0.9945171486482922
6123.0,1774380.0,0.9950765775297954
6124.0,1776520.0,0.9964269669217012
6125.0,1777210.0,0.996964295518801
6126.0,1777050.0,0.9970248287167379
6127.0,1776770.0,0.9970179832266621
6128.0,1776460.0,0.9969942385321336
6129.0,1776140.0,0.9969648128724663
6130.0,1775850.0,0.9969521591384348
6131.0,1775580.0,0.9969506698017688
6132.0,1775320.0,0.9969547339516092
6133.0,1775050.0,0.9969531208163112
6134.0,1774670.0,0.9968896542707407
6135.0,1773660.0,0.9964721612964843
6136.0,1771640.0,0.9954869593562334
6137.0,1770180.0,0.9948161099628462
6138.0,1770870.0,0.9953534465033279
6139.0,1772180.0,0.9962394165818756
6140.0,1771890.0,0.9962260058605673
6141.0,1769840.0,0.9952228369105649
6142.0,1768920.0,0.9948548228939966
6143.0,1770370.0,0.9958197402755606
6144.0,1771470.0,0.9965879797729469
6145.0,1771500.0,0.9967543363030674
6146.0,1771240.0,0.9967574801963675
6147.0,1770940.0,0.9967380451849701
6148.0,1770630.0,0.9967129082242417
6149.0,1770340.0,0.9966989563920543
6150.0,1770070.0,0.9966961943972114
6151.0,1769770.0,0.9966764685852937
6152.0,1769490.0,0.9966679335940287
6153.0,1769200.0,0.9966536940550141
6154.0,1768850.0,0.9966055760851846
6155.0,1768470.0,0.9965404692971298
6156.0,1768210.0,0.9965429040422222
6157.0,1767980.0,0.9965621797426857
6158.0,1767680.0,0.996541927926101
6159.0,1767280.0,0.9964652153221464
6160.0,1766170.0,0.9959880218668445
6161.0,1762870.0,0.9942754338830546
6162.0,1759450.0,0.9924945720715305
6163.0,1760910.0,0.9934662948342318
6164.0,1764220.0,0.995482119863501
6165.0,1765360.0,0.9962738425772406
6166.0,1765240.0,0.9963545464406522
6167.0,1764900.0,0.9963110079679512
6168.0,1764270.0,0.9961036494510515
6169.0,1763370.0,0.9957436910748475
6170.0,1763140.0,0.9957619447139378
6171.0,1763500.0,0.9961133908626454
6172.0,1763560.0,0.9962953863564307
6173.0,1763290.0,0.9962909046945341
6174.0,1763010.0,0.9962806950776686
6175.0,1762740.0,0.9962760583530016
6176.0,1762450.0,0.9962600385833632
6177.0,1762170.0,0.9962495909944418
6178.0,1761920.0,0.9962560265013323
6179.0,1761640.0,0.9962454210002897
6180.0,1761320.0,0.9962121105342884
6181.0,1761050.0,0.9962069967188334
6182.0,1760800.0,0.9962131185783787
6183.0,1760530.0,0.9962078465105721
6184.0,1760230.0,0.9961855157260379
6185.0,1759940.0,0.996168759301955
6186.0,1759630.0,0.996140596154092
6187.0,1759320.0,0.9961123447376764
6188.0,1759010.0,0.9960840046970156
6189.0,1758580.0,0.9959876125961243
6190.0,1757570.0,0.9955625743623973
6191.0,1755950.0,0.9947917483828095
6192.0,1755590.0,0.994734541756143
6193.0,1756620.0,0.995464940225277
6194.0,1757130.0,0.9959007478701027
6195.0,1757000.0,0.9959738107000303
6196.0,1756720.0,0.9959617705228123
6197.0,1756440.0,0.99594964351909
6198.0,1756130.0,0.9959204160036117
6199.0,1755780.0,0.9958684081656336
6200.0,1755420.0,0.9958106279704843
