wave,flux,norm
3800.0,91393.4,0.9383961483305263
3801.0,94631.4,0.9744786980947331
3802.0,95910.4,0.9904181733561231
3803.0,97112.3,1.0055252800985617
3804.0,97781.1,1.015054867959801
3805.0,96446.4,1.0036595611669257
3806.0,92575.1,0.9656291001437161
3807.0,89179.1,0.9322769424813345
3808.0,91248.7,0.9559258893801574
3809.0,94464.8,0.9915925344490509
3810.0,92781.4,0.9757531133081198
3811.0,88126.9,0.9284392010256463
3812.0,83796.0,0.8842691674156228
3813.0,80322.8,0.8489197520124343
3814.0,78053.1,0.8261046850734495
3815.0,74762.0,0.792307286945005
3816.0,68910.7,0.7311695002821037
3817.0,63837.9,0.6780780912984913
3818.0,59031.8,0.6276363967793516
3819.0,53508.5,0.5693998294399661
3820.0,49016.1,0.5219843763245267
3821.0,48360.5,0.5153303537457947
3822.0,46110.4,0.49161179832196744
3823.0,38262.4,0.40810945111016383
3824.0,30376.4,0.3240967446928737
3825.0,24918.2,0.26591458960032727
3826.0,22652.4,0.2417577518252401
3827.0,22790.6,0.24322966804792912
3828.0,22784.3,0.24313381660705832
3829.0,22031.6,0.23504947149026748
3830.0,19348.6,0.20635805586958714
3831.0,17436.4,0.18588435406192888
3832.0,17745.7,0.18908157026198838
3833.0,19469.2,0.20731493224945619
3834.0,21302.6,0.22667222970920428
3835.0,22534.8,0.2395851615749111
3836.0,23210.2,0.2465377065702381
3837.0,22904.3,0.24304013283437037
3838.0,21848.1,0.23157404730609013
3839.0,21980.6,0.23269670901348183
3840.0,24721.5,0.2613724245201471
3841.0,27663.2,0.2920666054609371
3842.0,26265.7,0.2769005555853591
3843.0,21581.7,0.22716280599423108
3844.0,18658.8,0.19607125242969367
3845.0,16118.2,0.16907829688784703
3846.0,13334.1,0.1396172813091957
3847.0,12389.5,0.12947830261760565
3848.0,11057.7,0.11532937729190507
3849.0,8483.34,0.08829552680198266
3850.0,9089.89,0.09440445394699366
3851.0,13228.4,0.13707843443152448
3852.0,14623.7,0.15118669439498902
3853.0,12384.0,0.1277258650055798
3854.0,14873.5,0.15302430452417837
3855.0,24217.6,0.24852837944177444
3856.0,26217.3,0.2683486567705286
3857.0,18196.2,0.18574976428129142
3858.0,12745.4,0.1297499758345641
3859.0,11845.5,0.12024975639910314
3860.0,12798.0,0.12954518066567702
3861.0,19496.2,0.19676571887389807
3862.0,34211.9,0.34424650553923475
3863.0,41049.5,0.41178097567655003
3864.0,30988.4,0.3098827532122512
3865.0,19059.2,0.18998405690615439
3866.0,13713.5,0.13625424243219025
3867.0,10114.8,0.10016681220085574
3868.0,5529.84,0.05457831783957467
3869.0,2195.36,0.021593903212397667
3870.0,1497.83,0.014681929738300122
3871.0,4245.59,0.04146979260867528
3872.0,12025.3,0.11704193615857668
3873.0,25148.7,0.2438889028759001
3874.0,40494.3,0.3912740589540521
3875.0,50439.1,0.485562862973709
3876.0,47976.0,0.4601230972766721
3877.0,37244.0,0.3558439929253109
3878.0,27623.0,0.2629114553567456
3879.0,20438.3,0.19377661416645675
3880.0,12079.0,0.1140745176063776
3881.0,5511.87,0.051849118816013395
3882.0,10380.5,0.09725897185384653
3883.0,36164.2,0.3374768792618242
3884.0,74582.8,0.6931750360687373
3885.0,100120.0,0.9267230709989223
3886.0,106039.0,0.9774758153238225
3887.0,106366.0,0.9764305633949125
3888.0,99694.2,0.9113683833798673
3889.0,83894.0,0.7637098449907991
3890.0,80068.5,0.7258067372579486
3891.0,91197.3,0.8231746459138062
3892.0,98960.2,0.8894276891489734
3893.0,99052.8,0.8864347433135561
3894.0,96407.4,0.8590345790163535
3895.0,88919.1,0.7888717340993678
3896.0,91150.6,0.8051433156408531
3897.0,97439.1,0.8569213526281573
3898.0,98652.8,0.8637803594864761
3899.0,104479.0,0.9107553580041269
3900.0,105529.0,0.915833271591158
3901.0,94009.4,0.8122341032794557
3902.0,84799.2,0.7293919102824903
3903.0,96767.3,0.8286123061768382
3904.0,112749.0,0.9611335882478192
3905.0,109017.0,0.9251426874882126
3906.0,100956.0,0.8528754294085336
3907.0,104277.0,0.87695417382878
3908.0,109550.0,0.9171322637802404
3909.0,108788.0,0.9066266831019539
3910.0,99268.2,0.8235360880013489
3911.0,103020.0,0.8507783994803395
3912.0,119103.0,0.9791243043532563
3913.0,118350.0,0.968504779709554
3914.0,106157.0,0.8647668313986466
3915.0,101793.0,0.8254371862037141
3916.0,108646.0,0.8769902675520278
3917.0,121295.0,0.9746268367966477
3918.0,126351.0,1.0106212601200242
3919.0,116441.0,0.9271075516970686
3920.0,94063.8,0.745524015085291
3921.0,81930.7,0.6464002263649695
3922.0,95897.5,0.7531455773517783
3923.0,115921.0,0.9062582357734233
3924.0,126162.0,0.9818345278023457
3925.0,126786.0,0.9822067120058559
3926.0,120051.0,0.9258092095988787
3927.0,104361.0,0.8011624709969806
3928.0,87482.2,0.6685463436854704
3929.0,80918.7,0.6155923981370997
3930.0,73530.3,0.5568606803445982
3931.0,58776.2,0.44311982217364354
3932.0,39730.5,0.29818583356961387
3933.0,22606.4,0.16890471791277054
3934.0,18423.8,0.13703809631709024
3935.0,30066.4,0.22263828446925127
3936.0,52287.0,0.38545462430880734
3937.0,77176.5,0.5664098207464792
3938.0,96689.5,0.7064744108664595
3939.0,109802.0,0.7987378877022747
3940.0,116690.0,0.8451042630404103
3941.0,118561.0,0.8548837108145845
3942.0,116077.0,0.8333089114876497
3943.0,105667.0,0.7552665025816278
3944.0,100539.0,0.7154889578567526
3945.0,112894.0,0.7999327825258062
3946.0,125703.0,0.8868485530829445
3947.0,129308.0,0.9083589805009817
3948.0,129589.0,0.9064333184828439
3949.0,131746.0,0.9175891057451487
3950.0,134283.0,0.9312849809477607
3951.0,129977.0,0.8976079034966015
3952.0,117365.0,0.8070963302743683
3953.0,117264.0,0.8030198291553611
3954.0,135793.0,0.9260236877453569
3955.0,146283.0,0.9934139068363567
3956.0,142641.0,0.9646751539208818
3957.0,139769.0,0.941362193564867
3958.0,142603.0,0.9565170665747303
3959.0,146267.0,0.9770971011668794
3960.0,143167.0,0.9525129697683253
3961.0,127312.0,0.843613180063657
3962.0,108919.0,0.7188417414438532
3963.0,104792.0,0.688847560435065
3964.0,109080.0,0.7141925973361679
3965.0,103353.0,0.6740289117769898
3966.0,82749.1,0.5375440746211753
3967.0,54748.1,0.35426274623982307
3968.0,32682.8,0.2106646783255689
3969.0,33006.8,0.21193488836967128
3970.0,54553.5,0.34894652298046336
3971.0,76979.4,0.49052232932757195
3972.0,91657.1,0.5818476439869732
3973.0,103729.0,0.6560142772722352
3974.0,114616.0,0.7221699676150181
3975.0,129280.0,0.8115548086851502
3976.0,144151.0,0.901587503242184
3977.0,151634.0,0.9449351772592121
3978.0,155722.0,0.9669014273736355
3979.0,160248.0,0.9914329804441258
3980.0,162208.0,0.999984688409726
3981.0,152884.0,0.9391725346523865
3982.0,135469.0,0.8292730903311901
3983.0,132898.0,0.8107044090212173
3984.0,147460.0,0.8964312858830508
3985.0,153434.0,0.9295556939256733
3986.0,141919.0,0.8568757086060902
3987.0,134883.0,0.8116532549192677
3988.0,146973.0,0.8814537977496649
3989.0,159743.0,0.9548722063737626
3990.0,164195.0,0.9782674621703102
3991.0,167767.0,0.9963029656214805
3992.0,169278.0,1.0020413462355744
3993.0,162654.0,0.9597613073367808
3994.0,150838.0,0.8872292363755706
3995.0,149636.0,0.8774069592831469
3996.0,158682.0,0.9275684396363152
3997.0,161012.0,0.9383035415310276
3998.0,155182.0,0.9015853780095667
3999.0,146859.0,0.8506681386816864
4000.0,133929.0,0.7734675231822548
4001.0,128097.0,0.7376122713855175
4002.0,144979.0,0.8323959185159453
4003.0,166284.0,0.9519737146373356
4004.0,170582.0,0.973803089874784
4005.0,158976.0,0.9049957272746552
4006.0,147841.0,0.8392671114797384
4007.0,152098.0,0.8610577309396922
4008.0,166407.0,0.9394997958907735
4009.0,174743.0,0.9839065996455558
4010.0,177618.0,0.997430133654797
4011.0,177884.0,0.9962906108237043
4012.0,173953.0,0.9717324822668703
4013.0,171542.0,0.9557904925907164
4014.0,167999.0,0.9336582912880464
4015.0,157159.0,0.8712061286229318
4016.0,140824.0,0.7786995432658497
4017.0,129648.0,0.7151244370716191
4018.0,134968.0,0.7426427387577472
4019.0,145721.0,0.7998622098462929
4020.0,153681.0,0.8415259421168328
4021.0,165182.0,0.9023489985370736
4022.0,176210.0,0.9603219737593218
4023.0,178893.0,0.972666536899574
4024.0,169146.0,0.9175427438773491
4025.0,152307.0,0.8243048063668718
4026.0,145555.0,0.7859732415291902
4027.0,151938.0,0.818594440935417
4028.0,160453.0,0.8625432745527996
4029.0,164450.0,0.882076664218058
4030.0,159141.0,0.8517310987263227
4031.0,153514.0,0.8198318170537892
4032.0,150979.0,0.8045590175410979
4033.0,139282.0,0.7406431181094824
4034.0,124786.0,0.6621560992478339
4035.0,124559.0,0.6595654199233058
4036.0,137426.0,0.7261853368350656
4037.0,150063.0,0.7913259279682706
4038.0,159137.0,0.8374586580535496
4039.0,158086.0,0.8302390158236475
4040.0,150344.0,0.7879892037638401
4041.0,156739.0,0.8198651803807675
4042.0,169067.0,0.882596157534717
4043.0,168444.0,0.8776129138908279
4044.0,162851.0,0.8468148561760245
4045.0,157839.0,0.8191606747052275
4046.0,151792.0,0.786260394476206
4047.0,147469.0,0.7624069619925802
4048.0,147416.0,0.7606853548234385
4049.0,152630.0,0.7861043828246973
4050.0,160627.0,0.8257416027325741
4051.0,169392.0,0.8691787456000346
4052.0,171645.0,0.879109719551312
4053.0,169029.0,0.8641196221679964
4054.0,169271.0,0.8637753040793187
4055.0,169360.0,0.8626594140639128
4056.0,168512.0,0.8567896944309583
4057.0,166902.0,0.8470796873745804
4058.0,163510.0,0.8283820534339528
4059.0,166903.0,0.8440697152465
4060.0,180558.0,0.9115127882068418
4061.0,192300.0,0.969083235150844
4062.0,191513.0,0.9634287465460827
4063.0,180800.0,0.9079521489736028
4064.0,167986.0,0.8421400788777901
4065.0,151077.0,0.7560659915205985
4066.0,135196.0,0.6754272225263207
4067.0,144930.0,0.7228189226005601
4068.0,173360.0,0.8631367997780306
4069.0,192315.0,0.9558864231715815
4070.0,196276.0,0.9739249533041107
4071.0,191685.0,0.9495420944262369
4072.0,187914.0,0.9292991601111293
4073.0,183370.0,0.9053101734708984
4074.0,170729.0,0.841494717446196
4075.0,164232.0,0.8081258778703235
4076.0,172636.0,0.8480701277933324
4077.0,178611.0,0.8759709176120678
4078.0,182184.0,0.8920200198405498
4079.0,192009.0,0.9385783189359792
4080.0,199848.0,0.9752924611385656
4081.0,201025.0,0.9794284388393847
4082.0,192181.0,0.934807099025459
4083.0,170228.0,0.8266709654772918
4084.0,145597.0,0.705903536075604
4085.0,146435.0,0.7088103676797847
4086.0,175254.0,0.8469274942585918
4087.0,200846.0,0.969025879446861
4088.0,212872.0,1.025381053692241
4089.0,215077.0,1.0343221632726327
4090.0,211512.0,1.0155292336206214
4091.0,208084.0,0.997451986216212
4092.0,202777.0,0.9704387467090743
4093.0,196659.0,0.9396356952587719
4094.0,187740.0,0.895568388170579
4095.0,171768.0,0.818050988341687
4096.0,163092.0,0.7754731625791277
4097.0,171609.0,0.8146479991188089
4098.0,190150.0,0.9012015323784645
4099.0,201075.0,0.9514351189025719
4100.0,195560.0,0.9238394510255874
4101.0,183272.0,0.8643862522531609
4102.0,173491.0,0.8169280986467278
4103.0,168617.0,0.7926898629706989
4104.0,163317.0,0.76652853620405
4105.0,161110.0,0.7549433397362759
4106.0,167838.0,0.7851941160601368
4107.0,174710.0,0.8160172749865436
4108.0,176824.0,0.824551203931954
4109.0,169641.0,0.7897726133787283
4110.0,166852.0,0.7755280301296497
4111.0,177647.0,0.8243636259246975
4112.0,187053.0,0.8666036606616457
4113.0,192423.0,0.8900364080971063
4114.0,192405.0,0.888509672026202
4115.0,190191.0,0.8768612158517688
4116.0,188704.0,0.8685947322207017
4117.0,182328.0,0.8378856339208712
4118.0,167599.0,0.7689501906223087
4119.0,147931.0,0.6776126744248187
4120.0,139415.0,0.6375694769840267
4121.0,139873.0,0.638627695805395
4122.0,140578.0,0.6408069825606025
4123.0,139313.0,0.6340123524689318
4124.0,135854.0,0.6172696175707786
4125.0,132929.0,0.603002086073461
4126.0,129434.0,0.5861979257450075
4127.0,129823.0,0.587008794165743
4128.0,131450.0,0.5934045424150455
4129.0,132856.0,0.5987823868948517
4130.0,133549.0,0.6009333752911801
4131.0,133420.0,0.5993834467587796
4132.0,125868.0,0.564543692916834
4133.0,118206.0,0.5293226494531901
4134.0,113290.0,0.5064908230155052
4135.0,111848.0,0.49923796761740513
4136.0,113635.0,0.506397115838454
4137.0,112952.0,0.5025428649277969
4138.0,109244.0,0.48526305225861843
4139.0,108325.0,0.4804068090892759
4140.0,111422.0,0.49334714699181975
4141.0,109801.0,0.48538861232872377
4142.0,101277.0,0.44698828956634873
4143.0,92546.7,0.40780139600032145
4144.0,89021.7,0.3916395503591051
4145.0,91064.9,0.3999862023329938
4146.0,97719.6,0.4285282618207064
4147.0,99933.2,0.4375340383595457
4148.0,92494.5,0.4043176507930441
4149.0,80998.2,0.3534983506417431
4150.0,71392.1,0.31107700856975884
4151.0,67731.4,0.2946551624221756
4152.0,72185.0,0.3135290092379072
4153.0,80505.3,0.3491102036420964
4154.0,84552.2,0.36607563611640453
4155.0,84908.4,0.36703287748083124
4156.0,82690.1,0.3568755464298172
4157.0,81938.0,0.3530678469740327
4158.0,93104.2,0.40054582025780494
4159.0,109309.0,0.46951510517926837
4160.0,108992.0,0.4674117124761734
4161.0,99863.2,0.4275849232007743
4162.0,98602.1,0.42151752018610056
4163.0,100663.0,0.42964773945963636
4164.0,99460.1,0.42384336971920356
4165.0,97415.1,0.4144739858381017
4166.0,89831.0,0.3816035355429208
4167.0,78002.2,0.33083301248138713
4168.0,83852.7,0.3550876388637048
4169.0,102629.0,0.4339161435645967
4170.0,118067.0,0.498404722797517
4171.0,126125.0,0.5315858610179507
4172.0,116001.0,0.4881500261451064
4173.0,100870.0,0.4238124166551574
4174.0,103696.0,0.43500522186806495
4175.0,114230.0,0.4784474032948727
4176.0,115782.0,0.48419175327583097
4177.0,108495.0,0.4530114169126235
4178.0,93558.2,0.39003639890219943
4179.0,79543.1,0.3310933317107831
4180.0,72748.6,0.3023416614672571
4181.0,83735.4,0.34746309985620566
4182.0,104661.0,0.43362220740760277
4183.0,113450.0,0.4693091270096391
4184.0,118151.0,0.48800086671605897
4185.0,116896.0,0.48207251299674997
4186.0,97842.2,0.40287405495588396
4187.0,77771.5,0.31973839461231884
4188.0,65863.6,0.2703658686281889
4189.0,63262.2,0.259288732806735
4190.0,81735.6,0.334491003520413
4191.0,104221.0,0.42585636236456353
4192.0,102638.0,0.4187469882338835
4193.0,90655.8,0.3692968674294264
4194.0,78666.1,0.31996691359003754
4195.0,63560.3,0.2581319318699686
4196.0,57053.2,0.231352964193614
4197.0,73665.2,0.2982617987993093
4198.0,100460.0,0.40613421273506517
4199.0,117977.0,0.47622900347128944
4200.0,126290.0,0.509014910082049
4201.0,125803.0,0.506286737022053
4202.0,121349.0,0.4876258705656828
4203.0,115235.0,0.46236069381416434
4204.0,102827.0,0.411955795271016
4205.0,85369.3,0.3415018943444213
4206.0,74345.0,0.29695600351202733
4207.0,74124.2,0.2956312363690667
4208.0,89076.5,0.354735308394194
4209.0,107712.0,0.4283091578823103
4210.0,105328.0,0.4182058812341305
4211.0,90656.7,0.3594183702026587
4212.0,80321.6,0.3179712298205931
4213.0,69182.8,0.2734700526518202
4214.0,53521.5,0.21125020484300924
4215.0,52242.9,0.20589909043864657
4216.0,90885.3,0.35766806007019725
4217.0,147994.0,0.5815553632399355
4218.0,186211.0,0.7306574532082459
4219.0,213832.0,0.8378066587466996
4220.0,237911.0,0.9307849576570042
4221.0,238478.0,0.9316396971394845
4222.0,220282.0,0.8592996216319633
4223.0,202003.0,0.7868473643119461
4224.0,197474.0,0.7680876653021275
4225.0,204384.0,0.7938109551150025
4226.0,203213.0,0.788119634360448
4227.0,201752.0,0.7813221226322644
4228.0,216841.0,0.8385451274747328
4229.0,224296.0,0.8661248356730297
4230.0,207406.0,0.7997520644646651
4231.0,191949.0,0.7390880332014431
4232.0,195022.0,0.7498447642848518
4233.0,213933.0,0.8213800760368076
4234.0,235937.0,0.9045701483986517
4235.0,225752.0,0.8642886657905245
4236.0,176121.0,0.6733185342088164
4237.0,146392.0,0.5588692248861454
4238.0,161135.0,0.6142814116212275
4239.0,187080.0,0.7121815386478892
4240.0,206302.0,0.7842488231142637
4241.0,208478.0,0.7914053634767066
4242.0,176752.0,0.6700275376856929
4243.0,148969.0,0.5639167842753068
4244.0,172477.0,0.6519921418960803
4245.0,216800.0,0.8183964918351748
4246.0,231030.0,0.8708982752545371
4247.0,200107.0,0.7532812753996819
4248.0,153602.0,0.5774160793010304
4249.0,136667.0,0.5130433408654208
4250.0,165186.0,0.619246136579022
4251.0,206720.0,0.7738798351609835
4252.0,216576.0,0.8096617508692859
4253.0,190095.0,0.7096881452328908
4254.0,162770.0,0.6068426395737055
4255.0,157097.0,0.5848921562873062
4256.0,187095.0,0.6956288493188516
4257.0,225977.0,0.8390512000925223
4258.0,215115.0,0.797636589244444
4259.0,187408.0,0.6939592693233553
4260.0,188116.0,0.6956397842342699
4261.0,184777.0,0.6823713007181094
4262.0,179533.0,0.6621138058537407
4263.0,184616.0,0.6799462162209712
4264.0,175105.0,0.6440535820066305
4265.0,176788.0,0.6493753943716077
4266.0,191146.0,0.7011795209649021
4267.0,180272.0,0.6604114955846221
4268.0,171459.0,0.6272928711550337
4269.0,173488.0,0.6338764388849238
4270.0,159683.0,0.5826668975868694
4271.0,154148.0,0.5617297760368751
4272.0,165654.0,0.6028659659485864
4273.0,161320.0,0.5863241018416531
4274.0,136967.0,0.49716160430191897
4275.0,132731.0,0.4811577908159298
4276.0,156094.0,0.5651143087109832
4277.0,187300.0,0.677211359047498
4278.0,200941.0,0.7255925381825672
4279.0,169492.0,0.6112412837259459
4280.0,128353.0,0.4622853850934986
4281.0,142805.0,0.5136764575570157
4282.0,186336.0,0.66940133431539
4283.0,210287.0,0.7544791464582504
4284.0,194576.0,0.6972211518487129
4285.0,145319.0,0.52005779883091
4286.0,120341.0,0.43012256381874797
4287.0,147400.0,0.5261710649918843
4288.0,177199.0,0.6317468566232239
4289.0,170999.0,0.608876509236788
4290.0,160138.0,0.5694890255156829
4291.0,164865.0,0.5855665047741695
4292.0,184553.0,0.6546771205646609
4293.0,203580.0,0.7212751303405859
4294.0,193879.0,0.686053391637159
4295.0,171543.0,0.606265632524138
4296.0,147524.0,0.5207352114535692
4297.0,115881.0,0.40853788201804253
4298.0,101259.0,0.35655053039668083
4299.0,88613.5,0.311642171854608
4300.0,74619.4,0.262106923808094
4301.0,79614.8,0.27931386345788967
4302.0,84391.9,0.2957147104979145
4303.0,76595.9,0.2680727760062562
4304.0,70610.8,0.2468282650460104
4305.0,74485.5,0.2600600355416853
4306.0,86983.1,0.3033307497165906
4307.0,87462.0,0.3046366827986186
4308.0,66909.2,0.232772371400385
4309.0,49161.2,0.17082539644475297
4310.0,41865.2,0.14530115708506988
4311.0,40501.4,0.14040205191659175
4312.0,49866.8,0.17266488216186654
4313.0,76740.0,0.26540249016522977
4314.0,119588.0,0.41310749264864294
4315.0,177226.0,0.6115004322078594
4316.0,232340.0,0.8007349382483844
4317.0,255585.0,0.8798268613089093
4318.0,256197.0,0.8809161289787708
4319.0,259064.0,0.889749729240186
4320.0,252144.0,0.8649904747232856
4321.0,225903.0,0.774084179758321
4322.0,186327.0,0.6377450737626352
4323.0,132646.0,0.45349471713967154
4324.0,101411.0,0.34631517463918077
4325.0,113196.0,0.3861246720513292
4326.0,143186.0,0.4878751319320448
4327.0,165048.0,0.561735259460977
4328.0,168188.0,0.5717831649319443
4329.0,166769.0,0.5663283086237022
4330.0,174908.0,0.5933088978224356
4331.0,189031.0,0.6405073499500907
4332.0,190506.0,0.6447944688903483
4333.0,177598.0,0.6004459773207097
4334.0,170986.0,0.5774592122877542
4335.0,186352.0,0.628668043201682
4336.0,200450.0,0.6754942064408147
4337.0,180521.0,0.6076775894623293
4338.0,151902.0,0.5107878843905355
4339.0,151019.0,0.5072732712305396
4340.0,170153.0,0.5709327890383725
4341.0,178662.0,0.5988447513256617
4342.0,173320.0,0.5803221098901491
4343.0,167886.0,0.5615326364937202
4344.0,181874.0,0.6076771837412258
4345.0,204838.0,0.6836854550107175
4346.0,200621.0,0.6689095883401425
4347.0,182773.0,0.608765463264759
4348.0,183072.0,0.6091279799156533
4349.0,205074.0,0.6816282929680978
4350.0,201090.0,0.6676972593351906
4351.0,163540.0,0.5424590507675199
4352.0,130764.0,0.4332980626998534
4353.0,123400.0,0.4084802236145063
4354.0,127265.0,0.4208467012383772
4355.0,124200.0,0.41029607266630613
4356.0,126489.0,0.417437147566115
4357.0,141361.0,0.4660497407520307
4358.0,146092.0,0.4811662787387322
4359.0,137837.0,0.4535262314476015
4360.0,145154.0,0.4771283527558897
4361.0,161546.0,0.5304858621520505
4362.0,147794.0,0.48485019167712684
4363.0,115600.0,0.37886417780285764
4364.0,111042.0,0.3635713970503815
4365.0,135048.0,0.44174241396250263
4366.0,146165.0,0.4776443372326265
4367.0,143805.0,0.46948024353578593
4368.0,156685.0,0.5110397077062837
4369.0,157342.0,0.512693227269613
4370.0,131477.0,0.4280063323802744
4371.0,117351.0,0.3816598768123304
4372.0,129577.0,0.42102583524420084
4373.0,147342.0,0.4782999281256706
4374.0,150997.0,0.48970757593678316
4375.0,148431.0,0.4809386600563835
4376.0,150882.0,0.48842839762881346
4377.0,157171.0,0.508318737806183
4378.0,165517.0,0.5348209012228899
4379.0,168925.0,0.5453352779622742
4380.0,158160.0,0.5101196625267584
4381.0,145711.0,0.4695429594628296
4382.0,148004.0,0.476503267152521
4383.0,164436.0,0.5289329492116652
4384.0,176883.0,0.5684639882277425
4385.0,172922.0,0.555241752597923
4386.0,171893.0,0.5514509962235096
4387.0,178965.0,0.5736349110678147
4388.0,188549.0,0.6038266952165044
4389.0,184411.0,0.5900616371098829
4390.0,172969.0,0.5529720637244202
4391.0,172776.0,0.5518798959277732
4392.0,177275.0,0.5657659160490153
4393.0,177431.0,0.5657815798427028
4394.0,173087.0,0.551462093774622
4395.0,171913.0,0.5472600452472335
4396.0,180125.0,0.5729209795580374
4397.0,193036.0,0.61347469797023
4398.0,194971.0,0.6191100972259711
4399.0,186788.0,0.5926363341819469
4400.0,189133.0,0.599583901795411
4401.0,209577.0,0.663852418926334
4402.0,224196.0,0.7095826306229738
4403.0,215451.0,0.6813539082282726
4404.0,203544.0,0.6431815738567304
4405.0,204011.0,0.6441423607314882
4406.0,212182.0,0.6694092977060048
4407.0,221868.0,0.6994146710988741
4408.0,226298.0,0.7128195453223268
4409.0,226867.0,0.714053868315143
4410.0,237391.0,0.7465976460886242
4411.0,257948.0,0.8106235329578707
4412.0,270207.0,0.8484969312727423
4413.0,265097.0,0.8318156681077805
4414.0,254338.0,0.7974511852639994
4415.0,241430.0,0.7564089103982256
4416.0,234258.0,0.7333889391365576
4417.0,237280.0,0.7422967550550522
4418.0,249498.0,0.7799414214177058
4419.0,275139.0,0.8594637201627479
4420.0,289192.0,0.9027014483247282
4421.0,275797.0,0.8602642374249807
4422.0,273244.0,0.8516858515349867
4423.0,296345.0,0.923027997089605
4424.0,307898.0,0.9583289723732806
4425.0,297234.0,0.9244825724388349
4426.0,285326.0,0.8868212671118684
4427.0,280383.0,0.8708492033650586
4428.0,286106.0,0.8880078394322461
4429.0,290144.0,0.8999202204014082
4430.0,286777.0,0.888868155686599
4431.0,299462.0,0.9275544252958184
4432.0,317418.0,0.9825076102341437
4433.0,318094.0,0.9839399293134428
4434.0,304365.0,0.9408461276294084
4435.0,286670.0,0.8855620053879222
4436.0,292103.0,0.9017530907602107
4437.0,319599.0,0.9859933556207736
4438.0,333218.0,1.0273443795434416
4439.0,322108.0,0.9924535639123591
4440.0,304388.0,0.9372584685219489
4441.0,295627.0,0.9097062357622406
4442.0,298009.0,0.9164604095714922
4443.0,304609.0,0.9361733669593363
4444.0,312208.0,0.9589339988611976
4445.0,321801.0,0.9877910346136862
4446.0,323948.0,0.9937743984290237
4447.0,312490.0,0.9580434187860285
4448.0,303411.0,0.9296482569133613
4449.0,305911.0,0.9367470865324956
4450.0,309682.0,0.947730238861549
4451.0,316213.0,0.9671449249705193
4452.0,322366.0,0.9853842620461537
4453.0,320233.0,0.9782919272346812
4454.0,312931.0,0.9554288615158127
4455.0,309001.0,0.9428842286947573
4456.0,316741.0,0.9659458306612041
4457.0,327655.0,0.9986573958334748
4458.0,334044.0,1.0175501276861354
4459.0,331565.0,1.009425708434083
4460.0,324966.0,0.9887767065062065
4461.0,313453.0,0.953209539275735
4462.0,305280.0,0.9278353699862921
4463.0,313808.0,0.9532221557919727
4464.0,323216.0,0.9812538806713398
4465.0,326270.0,0.989976578637001
4466.0,330218.0,1.0014021792098815
4467.0,326794.0,0.9904728986933051
4468.0,309407.0,0.9372599533632325
4469.0,291827.0,0.8835221064539943
4470.0,289987.0,0.8774716061337141
4471.0,300632.0,0.9091862560112492
4472.0,312924.0,0.9458453025399314
4473.0,315885.0,0.9542765326127303
4474.0,315653.0,0.9530584434390539
4475.0,321592.0,0.9704642477166888
4476.0,326746.0,0.9854839279713092
4477.0,328124.0,0.9891051125890331
4478.0,334367.0,1.0073797419319945
4479.0,341890.0,1.0294889273781567
4480.0,343432.0,1.0335740362477617
4481.0,336220.0,1.0113231541199563
4482.0,322040.0,0.9681480482399873
4483.0,322913.0,0.9702484589909114
4484.0,335614.0,1.0078661390784176
4485.0,339194.0,1.0180664587565051
4486.0,332086.0,0.9961930275891534
4487.0,324905.0,0.974123498950537
4488.0,325154.0,0.9743412837450967
4489.0,325130.0,0.9737401128186889
4490.0,327196.0,0.9793943706015344
4491.0,334387.0,1.0003734170412721
4492.0,332277.0,0.9935178398123977
4493.0,319817.0,0.9557383416495316
4494.0,301317.0,0.8999586789729432
4495.0,290596.0,0.8674598559695552
4496.0,297612.0,0.8879127903223732
4497.0,308252.0,0.9191473723770278
4498.0,311933.0,0.9296064930406961
4499.0,312874.0,0.9318908328680028
4500.0,310568.0,0.9245046947471661
4501.0,299384.0,0.8907112095700617
4502.0,299331.0,0.8900511423718369
4503.0,319721.0,0.9501416010794063
4504.0,335048.0,0.9951236129909918
4505.0,336882.0,0.9999988897098432
4506.0,332271.0,0.9857452457414649
4507.0,331936.0,0.9841831752584353
4508.0,338980.0,1.0044856182217952
4509.0,342796.0,1.0152012756555129
4510.0,338299.0,1.0012961187687135
4511.0,322790.0,0.9548296629819211
4512.0,307248.0,0.9083170444386142
4513.0,296524.0,0.8760912219906803
4514.0,285386.0,0.8426780644096097
4515.0,288488.0,0.8513237390473885
4516.0,306663.0,0.9044086609947254
4517.0,318011.0,0.9373033032406813
4518.0,324133.0,0.9547599915289232
4519.0,336310.0,0.9900153838639475
4520.0,341643.0,1.0050879918745
4521.0,337852.0,0.9933118102088334
4522.0,328704.0,0.9658056663822219
4523.0,325636.0,0.9561827179661265
4524.0,330022.0,0.9684408686406978
4525.0,332428.0,0.974871843467182
4526.0,333415.0,0.9771308170648644
4527.0,322936.0,0.94580057042095
4528.0,311204.0,0.9108390869288717
4529.0,313617.0,0.9172912807504724
4530.0,311317.0,0.9099540136380424
4531.0,293266.0,0.8566136259809457
4532.0,287192.0,0.8383008913990799
4533.0,290017.0,0.845966183509815
4534.0,295036.0,0.8600111927161439
4535.0,309473.0,0.9014651609722538
4536.0,324501.0,0.9445758003711633
4537.0,340935.0,0.9917093721001228
4538.0,352292.0,1.0240120911600192
4539.0,355290.0,1.0319820392865646
4540.0,349302.0,1.0138516555478594
4541.0,339867.0,0.985743274892835
4542.0,343350.0,0.9951089052296933
4543.0,354871.0,1.0277323342898959
4544.0,354290.0,1.0252777333700536
4545.0,351969.0,1.0177879347459282
4546.0,358691.0,1.036431747770847
4547.0,359280.0,1.0373317360585839
4548.0,342138.0,0.9870686101422994
4549.0,309880.0,0.8933012736481473
4550.0,289329.0,0.8333965162484118
4551.0,285045.0,0.820399417146423
4552.0,276161.0,0.7941879923631617
4553.0,280042.0,0.8046926021281083
4554.0,309261.0,0.8879216336937623
4555.0,337117.0,0.9670958405386373
4556.0,349052.0,1.0004953428438808
4557.0,352328.0,1.0090317646911025
4558.0,349556.0,1.0002390417749862
4559.0,342540.0,0.9793192258912797
4560.0,336579.0,0.961440685657701
4561.0,339920.0,0.9701328309792489
4562.0,344577.0,0.9825535883079374
4563.0,340952.0,0.9713485931204839
4564.0,340160.0,0.9682186156066569
4565.0,346329.0,0.9848809116537542
4566.0,353527.0,1.0044271711952724
4567.0,359601.0,1.020737452801369
4568.0,360391.0,1.0220229471907607
4569.0,354035.0,1.0030502262085779
4570.0,340420.0,0.9635572112281313
4571.0,321212.0,0.9083146271871398
4572.0,311165.0,0.8790498657994298
4573.0,317508.0,0.8960902437983849
4574.0,324325.0,0.9144245080673891
4575.0,317433.0,0.8940995416924798
4576.0,296470.0,0.8342128990246648
4577.0,281015.0,0.7899215206675347
4578.0,302902.0,0.8505714382162174
4579.0,343482.0,0.9635244281681068
4580.0,360195.0,1.0093513506383422
4581.0,367085.0,1.0275739505295576
4582.0,370838.0,1.0369748472474432
4583.0,359055.0,1.0029476597545859
4584.0,350036.0,0.9766951334629125
4585.0,356270.0,0.993002353459257
4586.0,360525.0,1.003752830720918
4587.0,360007.0,1.0011942504457716
4588.0,360763.0,1.0021690722171408
4589.0,359207.0,0.9967149508390746
4590.0,356769.0,0.9888171928102041
4591.0,360205.0,0.9971875861558647
4592.0,361532.0,0.9996951423924597
4593.0,358380.0,0.9898144042923882
4594.0,361903.0,0.9983590989486777
4595.0,371884.0,1.0246654245626543
4596.0,371809.0,1.023221951294928
4597.0,363258.0,0.9984718921471248
4598.0,363086.0,0.9967728080771693
4599.0,364881.0,1.0004588726171257
4600.0,353804.0,0.9688740080077886
4601.0,342138.0,0.9357453823639296
4602.0,334439.0,0.9135247587472933
4603.0,321659.0,0.877488282982241
4604.0,313510.0,0.8541504834389563
4605.0,305599.0,0.8315099171739063
4606.0,307849.0,0.836528758902229
4607.0,336055.0,0.9119608689028149
4608.0,365032.0,0.9892693615757754
4609.0,370607.0,1.0030211263315134
4610.0,359095.0,0.970540820344168
4611.0,354406.0,0.9565523548869872
4612.0,355882.0,0.9592068692394397
4613.0,350318.0,0.9428937056403034
4614.0,352995.0,0.9487644694673445
4615.0,356721.0,0.9574227847109351
4616.0,345796.0,0.9267786466596069
4617.0,346647.0,0.9277272634199287
4618.0,344391.0,0.9203593609681145
4619.0,332352.0,0.8868961089878367
4620.0,333826.0,0.8895278873775017
4621.0,341725.0,0.9092375432884886
4622.0,340145.0,0.9036957428509964
4623.0,337539.0,0.8954391486844098
4624.0,332519.0,0.8808036187550095
4625.0,322175.0,0.8521216436940842
4626.0,323332.0,0.8538907460148354
4627.0,317518.0,0.8372644416127156
4628.0,306075.0,0.8058602753108541
4629.0,302133.0,0.7942635891854367
4630.0,302926.0,0.7951237846759868
4631.0,305091.0,0.79956999844621
4632.0,304732.0,0.7973910252103584
4633.0,305616.0,0.7984595816447217
4634.0,294741.0,0.7688443784564022
4635.0,287364.0,0.7484259820953558
4636.0,284358.0,0.7394319408305338
4637.0,278419.0,0.7228457470932815
4638.0,286990.0,0.7439185113501365
4639.0,291153.0,0.7535110680161657
4640.0,289219.0,0.7473137367153119
4641.0,303805.0,0.783748897347899
4642.0,311089.0,0.8012549967687981
4643.0,314988.0,0.8099952133495936
4644.0,309788.0,0.7953416865896453
4645.0,288897.0,0.7405107184441725
4646.0,275757.0,0.7056877212998711
4647.0,270170.0,0.6902707296265398
4648.0,269284.0,0.6868911345036363
4649.0,276146.0,0.7032503145707905
4650.0,278818.0,0.7088995120199402
4651.0,278362.0,0.7065867142616852
4652.0,283575.0,0.7186445720714202
4653.0,277189.0,0.7013132002130547
4654.0,269535.0,0.6808323866985511
4655.0,267745.0,0.6752035411452293
4656.0,257291.0,0.6477771231605367
4657.0,254237.0,0.6390382928608414
4658.0,256098.0,0.6426595377780461
4659.0,264360.0,0.662303060543985
4660.0,271224.0,0.6783831746132235
4661.0,266985.0,0.6666831954971904
4662.0,262430.0,0.6542318179020309
4663.0,256178.0,0.63759582471749
4664.0,257681.0,0.64028227168939
4665.0,265307.0,0.658147604681934
4666.0,257505.0,0.6377433290768832
4667.0,249873.0,0.617824992091447
4668.0,244204.0,0.602816447269066
4669.0,243934.0,0.6011615637444856
4670.0,238875.0,0.5877282415324792
4671.0,225289.0,0.5533926104306194
4672.0,221575.0,0.5433782166571733
4673.0,219976.0,0.5385741767496339
4674.0,220124.0,0.5380555488286014
4675.0,216996.0,0.529543625445053
4676.0,199055.0,0.48496933669851683
4677.0,172418.0,0.41938791462843933
4678.0,151719.0,0.36843969548287103
4679.0,152789.0,0.3704356295456722
4680.0,162565.0,0.3934985042896597
4681.0,170082.0,0.4110276033234285
4682.0,165297.0,0.398818682153562
4683.0,154173.0,0.3713796410864751
4684.0,150662.0,0.3623382389472827
4685.0,167703.0,0.4026738592854821
4686.0,194114.0,0.46534300236442633
4687.0,213592.0,0.5112186142929239
4688.0,227314.0,0.5431939180481197
4689.0,230074.0,0.5489149391790666
4690.0,224767.0,0.5354028387373597
4691.0,212545.0,0.505488768418082
4692.0,191495.0,0.4547079015703823
4693.0,167839.0,0.39790958577835384
4694.0,152029.0,0.3598624127805038
4695.0,138826.0,0.3280964461851955
4696.0,122017.0,0.2879213865177252
4697.0,125068.0,0.29466253067367326
4698.0,168518.0,0.39641716873254285
4699.0,215890.0,0.5070707027360387
4700.0,238855.0,0.5601477643528577
4701.0,250445.0,0.5864289717967496
4702.0,251016.0,0.5868698571844024
4703.0,235832.0,0.5505326803620512
4704.0,223132.0,0.5200976400850932
4705.0,224499.0,0.5224958353305944
4706.0,226991.0,0.5275033947864424
4707.0,220949.0,0.512695751964175
4708.0,215491.0,0.4992876118065984
4709.0,211369.0,0.4890124286293446
4710.0,196805.0,0.4546474034259266
4711.0,175119.0,0.40395680441413984
4712.0,148279.0,0.3415446808431779
4713.0,115600.0,0.2658857930104667
4714.0,97846.5,0.22472700976720272
4715.0,128523.0,0.29475883117086754
4716.0,199966.0,0.457953617860264
4717.0,251876.0,0.5760164835058259
4718.0,264808.0,0.6047355419621689
4719.0,255582.0,0.5828468597311551
4720.0,237202.0,0.5401768106033882
4721.0,211623.0,0.48125748059752665
4722.0,194355.0,0.4413784024348816
4723.0,216129.0,0.4901543823546453
4724.0,255425.0,0.5784842481478147
4725.0,273232.0,0.6179763352680477
4726.0,269242.0,0.6081338110641635
4727.0,261282.0,0.5893670555602022
4728.0,259702.0,0.5850267128769319
4729.0,260518.0,0.5860926093870122
4730.0,260307.0,0.5848528144319831
4731.0,263390.0,0.5910121642876359
4732.0,258083.0,0.5783585502490263
4733.0,241140.0,0.5396993801159332
4734.0,210264.0,0.4699988688703682
4735.0,162644.0,0.36309773846542504
4736.0,140628.0,0.31355615765516653
4737.0,206012.0,0.4587737587032951
4738.0,312127.0,0.694231694095283
4739.0,366821.0,0.8148898703146971
4740.0,369802.0,0.8205220319388709
4741.0,352926.0,0.7821419689104445
4742.0,324089.0,0.7173843615267705
4743.0,288440.0,0.6377251758157733
4744.0,287301.0,0.6344691451392054
4745.0,352213.0,0.7769246972313835
4746.0,422123.0,0.9300743571258715
4747.0,449091.0,0.988378062600696
4748.0,451183.0,0.9918742054864422
4749.0,444975.0,0.9771465076673438
4750.0,436851.0,0.9582586340702626
4751.0,429644.0,0.9414313842877142
4752.0,430478.0,0.942251040002272
4753.0,442387.0,0.9672952204839392
4754.0,452734.0,0.9888858106348106
4755.0,457926.0,0.9991945628219536
4756.0,460222.0,1.0031809715975628
4757.0,461370.0,1.004671048420384
4758.0,462776.0,1.0067311636178684
4759.0,462506.0,1.0051567120468952
4760.0,457242.0,0.992754500293418
4761.0,447280.0,0.9701977011880997
4762.0,438604.0,0.9504824071219783
4763.0,436989.0,0.9461031766091227
4764.0,441938.0,0.9559422575643294
4765.0,450589.0,0.9737760396148835
4766.0,458506.0,0.9900055342897256
4767.0,463252.0,0.999378419039777
4768.0,465354.0,1.0030491023172037
4769.0,463679.0,0.9985924833746352
4770.0,455075.0,0.9792463714367646
4771.0,443207.0,0.9529271008508247
4772.0,436038.0,0.9367579103023316
4773.0,439754.0,0.9439926722560591
4774.0,452893.0,0.9714400448984408
4775.0,461401.0,0.9889315056287791
4776.0,463350.0,0.9923612532237313
4777.0,467190.0,0.9998451090898189
4778.0,468343.0,1.0015838882968877
4779.0,459797.0,0.982605145577085
4780.0,450599.0,0.9622727126651495
4781.0,454212.0,0.9693195784053367
4782.0,458306.0,0.977394051162938
4783.0,452676.0,0.9647452872825956
4784.0,452388.0,0.9635018366894081
4785.0,461744.0,0.9827978090480175
4786.0,466230.0,0.9917214425654209
4787.0,462904.0,0.9840384318658041
4788.0,456511.0,0.9698599563559536
4789.0,452474.0,0.9607115920915124
4790.0,458325.0,0.9725668960147639
4791.0,466185.0,0.9886797241872214
4792.0,465609.0,0.9869039936257085
4793.0,460056.0,0.9745973084177995
4794.0,456077.0,0.9656469182467708
4795.0,456592.0,0.9662262337579366
4796.0,457775.0,0.9682277994607733
4797.0,455542.0,0.9630157967939535
4798.0,451257.0,0.9534830137940712
4799.0,453743.0,0.9582689819004934
4800.0,462717.0,0.9767554548667753
4801.0,468247.0,0.9879674921978915
4802.0,467393.0,0.9857151527088113
4803.0,459443.0,0.9685158070826881
4804.0,445370.0,0.9384391093741655
4805.0,438704.0,0.9239978691074284
4806.0,444309.0,0.9354118049481009
4807.0,452292.0,0.9518293211080948
4808.0,460965.0,0.9696937375010631
4809.0,465855.0,0.9795979070793945
4810.0,465164.0,0.9777719344586766
4811.0,462130.0,0.9710328115704712
4812.0,460177.0,0.9665776855271369
4813.0,456533.0,0.9585834811355743
4814.0,444465.0,0.9329212612376695
4815.0,439773.0,0.9227612451376846
4816.0,453161.0,0.9505398498968586
4817.0,463380.0,0.9716631144556094
4818.0,464098.0,0.9728644259746928
4819.0,461600.0,0.9673333065271602
4820.0,459119.0,0.9618487759065116
4821.0,456544.0,0.956178093229807
4822.0,448712.0,0.9395109311761504
4823.0,436912.0,0.9145542434887705
4824.0,432456.0,0.9049864164008378
4825.0,439824.0,0.9201676159740891
4826.0,445796.0,0.9324279445366823
4827.0,448476.0,0.9378050638477246
4828.0,453518.0,0.9481242724375802
4829.0,458429.0,0.9581715261476962
4830.0,458292.0,0.9576722947120498
4831.0,448285.0,0.9365593587711308
4832.0,438624.0,0.9161843841128013
4833.0,437999.0,0.9146941518411268
4834.0,440804.0,0.9203721143552697
4835.0,444557.0,0.9280328048344544
4836.0,450281.0,0.939810325687737
4837.0,452448.0,0.9441667449113818
4838.0,447471.0,0.9336219123806516
4839.0,439312.0,0.9164482734568288
4840.0,436840.0,0.9111473788896864
4841.0,437738.0,0.9128814243965478
4842.0,431884.0,0.9005412892899531
4843.0,429587.0,0.8956256051768416
4844.0,443496.0,0.9244988026111172
4845.0,452899.0,0.9439775345207716
4846.0,447631.0,0.9328814055440378
4847.0,445278.0,0.9278671397123047
4848.0,445228.0,0.9276572595509761
4849.0,446871.0,0.9309791995040357
4850.0,453276.0,0.9442248382070303
4851.0,448683.0,0.9345645866195359
4852.0,439213.0,0.9147532855026204
4853.0,438299.0,0.9127679726294523
4854.0,441291.0,0.9189208318492957
4855.0,444732.0,0.9260116909890679
4856.0,446811.0,0.9302697892816713
4857.0,449012.0,0.9347852362414655
4858.0,448344.0,0.933331487277096
4859.0,435274.0,0.9060657647240438
4860.0,408443.0,0.8501638407120594
4861.0,384450.0,0.8001785604650312
4862.0,399574.0,0.8316140047855082
4863.0,438566.0,0.9127223226441046
4864.0,456882.0,0.9507984601892424
4865.0,458546.0,0.9542223122447072
4866.0,458385.0,0.9538515230162922
4867.0,458868.0,0.9548239805712412
4868.0,464321.0,0.9661408349490624
4869.0,466121.0,0.9698592408609272
4870.0,451281.0,0.9389583565678692
4871.0,433486.0,0.9019134790560921
4872.0,438296.0,0.911903875538416
4873.0,459019.0,0.9550039348475949
4874.0,463810.0,0.9649586429862306
4875.0,452952.0,0.942358116618947
4876.0,454008.0,0.9445469865829946
4877.0,460876.0,0.9588296282143614
4878.0,458893.0,0.9547002992890227
4879.0,462437.0,0.9620716433307684
4880.0,466281.0,0.9700690973808775
4881.0,457234.0,0.9512494874324123
4882.0,454479.0,0.9455217463241213
4883.0,458602.0,0.9541050632006891
4884.0,455190.0,0.9470136842447677
4885.0,451640.0,0.9396365800528205
4886.0,450344.0,0.9369502244455481
4887.0,455442.0,0.9475681259440246
4888.0,463172.0,0.9636635964595016
4889.0,464584.0,0.9666154152558336
4890.0,455262.0,0.9472348358829805
4891.0,445140.0,0.9261900483592859
4892.0,458960.0,0.9549616934538642
4893.0,482086.0,1.0030985740373615
4894.0,490334.0,1.0202800470933036
4895.0,486900.0,1.0131546022128364
4896.0,479832.0,0.9984675273798952
4897.0,480076.0,0.9989959088555543
4898.0,484479.0,1.0081793396764496
4899.0,482188.0,1.003433183448076
4900.0,474906.0,0.9883004728007545
4901.0,468404.0,0.9747904068308729
4902.0,464637.0,0.9669716111324873
4903.0,467118.0,0.9721555358537083
4904.0,472460.0,0.9832938145417874
4905.0,474111.0,0.986750273890744
4906.0,468358.0,0.9747964497451099
4907.0,463383.0,0.9644609155326096
4908.0,465822.0,0.9695557741022777
4909.0,463625.0,0.9650006309984978
4910.0,455799.0,0.9487279834437548
4911.0,448401.0,0.9333447883100843
4912.0,447960.0,0.9324413408118769
4913.0,457365.0,0.9520318491394202
4914.0,469356.0,0.9770047272009321
4915.0,480912.0,1.0010714553292124
4916.0,481507.0,1.0023205458977233
4917.0,472075.0,0.9826954418438816
4918.0,464338.0,0.9665968714844193
4919.0,456577.0,0.9504464930755152
4920.0,453078.0,0.9431664064394945
4921.0,452294.0,0.9415362883138507
4922.0,452338.0,0.9416279404364643
4923.0,450768.0,0.9383577924133785
4924.0,455869.0,0.9489724978698855
4925.0,472382.0,0.9833408908819554
4926.0,474363.0,0.987455946518647
4927.0,461858.0,0.9614140990950881
4928.0,466790.0,0.9716671965909466
4929.0,484973.0,1.0095001451122636
4930.0,487664.0,1.0150820616692386
4931.0,469489.0,0.9772288314298727
4932.0,445955.0,0.9282201716520826
4933.0,434323.0,0.9039836713937166
4934.0,437965.0,0.911535511453055
4935.0,446563.0,0.9293984609617584
4936.0,436507.0,0.9084353031693828
4937.0,424825.0,0.8840868822513083
4938.0,429331.0,0.8934241520871097
4939.0,433314.0,0.9016690234917785
4940.0,439071.0,0.9136009814784976
4941.0,441356.0,0.9183041751654276
4942.0,452431.0,0.9412909905733521
4943.0,480911.0,1.0004803045566966
4944.0,495191.0,1.0301182493382544
4945.0,483183.0,1.0050662012493652
4946.0,467087.0,0.9715107814582343
4947.0,477159.0,0.9923797230826371
4948.0,495275.0,1.02996897048585
4949.0,492666.0,1.024451284908588
4950.0,474535.0,0.9866563767364658
4951.0,464708.0,0.966128100323808
4952.0,476588.0,0.9907234559900954
4953.0,488358.0,1.015080007403666
4954.0,481108.0,0.9998963401301555
4955.0,465442.0,0.9672220057433711
4956.0,449043.0,0.9330275185427646
4957.0,440156.0,0.9144432449484063
4958.0,446537.0,0.9275745636101592
4959.0,461464.0,0.9584469055160302
4960.0,468090.0,0.972066577086622
4961.0,469164.0,0.9741487176121799
4962.0,475040.0,0.986193596619572
4963.0,478847.0,0.9939341756677055
4964.0,479227.0,0.9945540384320727
4965.0,470974.0,0.9772544388239817
4966.0,468886.0,0.9727447945686446
4967.0,474103.0,0.9833826952878061
4968.0,480837.0,0.9971561759996121
4969.0,481258.0,0.9978285145249401
4970.0,465538.0,0.9650346042653638
4971.0,462896.0,0.9593522474099503
4972.0,479953.0,0.9944830308073117
4973.0,485331.0,1.005397344493555
4974.0,467360.0,0.9679418661291486
4975.0,457044.0,0.9463477184640319
4976.0,472065.0,0.9772067341803375
4977.0,487262.0,1.008407468322112
4978.0,481076.0,0.9953435833591956
4979.0,465779.0,0.9634341416300194
4980.0,469232.0,0.9703078558996839
4981.0,472434.0,0.9766520972312048
4982.0,458471.0,0.9475114493475283
4983.0,445898.0,0.921253252330064
4984.0,453311.0,0.9362843396420472
4985.0,468196.0,0.9667279865043111
4986.0,463308.0,0.956331809403516
4987.0,448665.0,0.9258067499963186
4988.0,445410.0,0.9187865358695001
4989.0,456598.0,0.9415477534696586
4990.0,453190.0,0.9341993315359535
4991.0,432412.0,0.891056164326981
4992.0,424671.0,0.8747929891901822
4993.0,435503.0,0.8967811033833505
4994.0,441581.0,0.9089616607383889
4995.0,446315.0,0.9183619059374494
4996.0,448857.0,0.9232405960811886
4997.0,446071.0,0.9171549934656363
4998.0,447111.0,0.9189318776745753
4999.0,436276.0,0.8963051383323369
5000.0,428594.0,0.8801661351546578
5001.0,428600.0,0.8798166229791451
5002.0,427942.0,0.8780996047347923
5003.0,435452.0,0.8931316865951138
5004.0,448632.0,0.9197700839134993
5005.0,429108.0,0.8793605407044589
5006.0,400795.0,0.8209779910482724
5007.0,406117.0,0.8315086924205458
5008.0,424546.0,0.8688490891935347
5009.0,417924.0,0.8549062062748694
5010.0,407852.0,0.8339171866483697
5011.0,409964.0,0.8378433946378933
5012.0,412967.0,0.8435812678093805
5013.0,413732.0,0.8447395200871005
5014.0,405812.0,0.828167909306019
5015.0,408816.0,0.8338903009602973
5016.0,413370.0,0.8427625928138948
5017.0,398398.0,0.8118325431362092
5018.0,383502.0,0.7810839704464985
5019.0,393045.0,0.8001123015311865
5020.0,405445.0,0.8249298438799767
5021.0,406907.0,0.827474193284682
5022.0,407431.0,0.8281050895563752
5023.0,408821.0,0.8304902609445327
5024.0,407173.0,0.8267004626988911
5025.0,408185.0,0.8283083305622475
5026.0,404485.0,0.8203536721834223
5027.0,394523.0,0.7997103362870666
5028.0,402504.0,0.8154366732272401
5029.0,413406.0,0.8370559168792265
5030.0,391888.0,0.7930404456757679
5031.0,378359.0,0.7652285398443884
5032.0,395446.0,0.7993298960829771
5033.0,393720.0,0.7953828223763206
5034.0,366502.0,0.7399681783956739
5035.0,371520.0,0.7496611061852808
5036.0,400576.0,0.807815043661486
5037.0,391161.0,0.7883606738896906
5038.0,368264.0,0.7417699704130938
5039.0,375451.0,0.7557915432001694
5040.0,365050.0,0.7344092214035717
5041.0,338848.0,0.6812804799920568
5042.0,350806.0,0.7048903212979586
5043.0,377499.0,0.7580574863363252
5044.0,383680.0,0.7699909189457242
5045.0,380578.0,0.763288208394315
5046.0,378040.0,0.7577211434508923
5047.0,378691.0,0.7585457490267469
5048.0,388386.0,0.7774704499668812
5049.0,390891.0,0.7819841160564336
5050.0,388467.0,0.7766346337706106
5051.0,386911.0,0.7730231624566757
5052.0,361477.0,0.7217376701444141
5053.0,336942.0,0.6723100655906656
5054.0,358250.0,0.7143563819511197
5055.0,366046.0,0.7294191938310516
5056.0,338079.0,0.6732417716359865
5057.0,347857.0,0.6922508681762074
5058.0,366920.0,0.7296971244709031
5059.0,345332.0,0.6863018458149512
5060.0,331381.0,0.6581299651125238
5061.0,338358.0,0.6715291541740582
5062.0,337120.0,0.6686147717595414
5063.0,325818.0,0.6457556759471348
5064.0,319043.0,0.631891905101645
5065.0,341483.0,0.6758678606385297
5066.0,356831.0,0.7057536965425938
5067.0,328217.0,0.6487065682063097
5068.0,323300.0,0.6385403535223458
5069.0,331427.0,0.6541310279990278
5070.0,317600.0,0.6263980513839701
5071.0,324139.0,0.6388414271938524
5072.0,324849.0,0.6397850014519845
5073.0,313156.0,0.6163151905644482
5074.0,325933.0,0.641001402969217
5075.0,339457.0,0.6671182804689306
5076.0,328466.0,0.6450521925145934
5077.0,305523.0,0.5995613914088049
5078.0,316298.0,0.6202552979065686
5079.0,339046.0,0.6643790678785946
5080.0,334177.0,0.6543591230076943
5081.0,329747.0,0.6452110223427058
5082.0,307973.0,0.6021628183973968
5083.0,291517.0,0.5695667291046718
5084.0,311525.0,0.608208031487133
5085.0,328347.0,0.6405749077744927
5086.0,327164.0,0.6377920864577525
5087.0,319964.0,0.6232906652998629
5088.0,325076.0,0.6327752160289583
5089.0,325298.0,0.632732545251954
5090.0,321534.0,0.6249411282529654
5091.0,301317.0,0.5852056054365272
5092.0,277442.0,0.5384295929761479
5093.0,274803.0,0.5329044031313019
5094.0,271914.0,0.526901945205819
5095.0,254465.0,0.4927152135070463
5096.0,232107.0,0.44908147756928113
5097.0,216055.0,0.41770487045227644
5098.0,230853.0,0.44597282523677506
5099.0,279286.0,0.5391244845537664
5100.0,304650.0,0.5876347459734587
5101.0,301823.0,0.581733946145346
5102.0,297920.0,0.5737688148087059
5103.0,285590.0,0.5495977096005259
5104.0,282750.0,0.5437116241530617
5105.0,285176.0,0.5479520190556998
5106.0,271366.0,0.5210123651118227
5107.0,255577.0,0.4903169500942078
5108.0,237629.0,0.4555296403972462
5109.0,223963.0,0.4289978107612403
5110.0,227009.0,0.43449324544688445
5111.0,240758.0,0.46044886549848213
5112.0,266666.0,0.5095990891072738
5113.0,278512.0,0.5318202032244569
5114.0,272687.0,0.5202893078140061
5115.0,265580.0,0.5063315882205985
5116.0,249019.0,0.47438504313472124
5117.0,240248.0,0.4573164322436741
5118.0,233619.0,0.4443481758769299
5119.0,219204.0,0.41660227836165764
5120.0,208245.0,0.39546258417428976
5121.0,207963.0,0.39461563255074866
5122.0,217930.0,0.4132019720003002
5123.0,214531.0,0.4064361749535773
5124.0,201729.0,0.3818803916213471
5125.0,184153.0,0.3483327892520789
5126.0,158313.0,0.2992185405262221
5127.0,125709.0,0.23740753511002405
5128.0,93299.2,0.17606057380053827
5129.0,98917.8,0.18651535188990712
5130.0,160401.0,0.30220597146135786
5131.0,232921.0,0.438490672999988
5132.0,268338.0,0.504765381655116
5133.0,279919.0,0.5261327942867837
5134.0,277246.0,0.5206955338089219
5135.0,267289.0,0.50159730303146
5136.0,255616.0,0.4793113069868666
5137.0,246794.0,0.4624020767060504
5138.0,244729.0,0.4581695007400739
5139.0,247975.0,0.4638784941156491
5140.0,247618.0,0.46284353795287686
5141.0,240300.0,0.44880892760254953
5142.0,236069.0,0.4405573849696422
5143.0,244202.0,0.4553744418896467
5144.0,251302.0,0.46824312304268667
5145.0,243339.0,0.45304708635525465
5146.0,234333.0,0.4359346434201291
5147.0,231912.0,0.43108967798955494
5148.0,231821.0,0.4305799760198757
5149.0,233531.0,0.4334135048091584
5150.0,235317.0,0.43638343821972453
5151.0,237399.0,0.439897125080008
5152.0,238586.0,0.44174812730166374
5153.0,226339.0,0.4187423946933218
5154.0,213181.0,0.3940887928205105
5155.0,216329.0,0.3995937329568507
5156.0,221090.0,0.4080671764725364
5157.0,214791.0,0.39612987558250323
5158.0,202125.0,0.37247817978286996
5159.0,195012.0,0.3590887276233664
5160.0,182829.0,0.33639188727733127
5161.0,148549.0,0.27310555399844383
5162.0,101380.0,0.18624037943541782
5163.0,62780.9,0.11524186162305793
5164.0,69469.9,0.1274209942441499
5165.0,171247.0,0.3138551872398788
5166.0,324396.0,0.5940791387713223
5167.0,415545.0,0.7604134859019583
5168.0,450824.0,0.824332066149752
5169.0,480241.0,0.8774417822183042
5170.0,510504.0,0.9320144457959327
5171.0,512572.0,0.9350682560178905
5172.0,492270.0,0.8973405269533379
5173.0,493377.0,0.8986670972630479
5174.0,521583.0,0.9493141698072316
5175.0,546912.0,0.9946520031930683
5176.0,556853.0,1.011956956978248
5177.0,559228.0,1.0154972700714957
5178.0,560395.0,1.0168411231421022
5179.0,561630.0,1.0183071232578769
5180.0,561222.0,1.0167951239566562
5181.0,557055.0,1.0084811678006544
5182.0,542875.0,0.9820671510043815
5183.0,517064.0,0.9346692655318996
5184.0,510480.0,0.9220732358885778
5185.0,528765.0,0.9543839545892222
5186.0,542542.0,0.9785167629187749
5187.0,547587.0,0.9868775274969926
5188.0,540094.0,0.9726474856858666
5189.0,535728.0,0.9640670089848288
5190.0,544154.0,0.9785031990050201
5191.0,539948.0,0.9702210895543717
5192.0,524604.0,0.9419536570139084
5193.0,523658.0,0.9395625015447192
5194.0,531900.0,0.9536494427537674
5195.0,536514.0,0.9612171794114246
5196.0,546283.0,0.9780042471752486
5197.0,550020.0,0.9839772533066928
5198.0,547053.0,0.9779586075807856
5199.0,551935.0,0.9859718253475793
5200.0,557622.0,0.9954123304381663
5201.0,554932.0,0.9898981567931389
5202.0,547083.0,0.9751978112933156
5203.0,541516.0,0.9645854389783255
5204.0,527976.0,0.9397983902369899
5205.0,512806.0,0.9121493516145179
5206.0,515768.0,0.9167709869640891
5207.0,528075.0,0.937987377953592
5208.0,529616.0,0.9400668712156204
5209.0,532905.0,0.9452465320858718
5210.0,541881.0,0.9605020291168404
5211.0,548270.0,0.9711568262094354
5212.0,558129.0,0.9879420852140613
5213.0,569525.0,1.0074261796465347
5214.0,571536.0,1.0102971746775706
5215.0,558333.0,0.9862920994822646
5216.0,542602.0,0.9578599053735609
5217.0,546124.0,0.963433822970146
5218.0,563674.0,0.9937344865785737
5219.0,573868.0,1.011038854825998
5220.0,573745.0,1.0101596411369507
5221.0,572458.0,1.0072373188797834
5222.0,573552.0,1.0085093112295647
5223.0,574682.0,1.0098468909682343
5224.0,569568.0,1.000221694128006
5225.0,550119.0,0.9654550199560002
5226.0,516114.0,0.9052066767822663
5227.0,502418.0,0.8806351991889904
5228.0,533533.0,0.9345939072702871
5229.0,564414.0,0.9880805465006864
5230.0,571384.0,0.9996723891326472
5231.0,568462.0,0.9939585764097939
5232.0,558406.0,0.9757899848864238
5233.0,548846.0,0.9585140019262653
5234.0,553041.0,0.9652709674139955
5235.0,564956.0,0.9854913378415125
5236.0,574474.0,1.0015143677358753
5237.0,576012.0,1.003620079594437
5238.0,572379.0,0.9967240224488454
5239.0,566840.0,0.9865238756917554
5240.0,565756.0,0.9840896071183586
5241.0,570524.0,0.991836951912295
5242.0,573054.0,0.9956927878733234
5243.0,573313.0,0.9956063149997719
5244.0,573203.0,0.9948852108391822
5245.0,569736.0,0.9883471443961763
5246.0,564562.0,0.978862111026164
5247.0,562108.0,0.9741064049799335
5248.0,564470.0,0.9777031643554647
5249.0,561735.0,0.9724783974683836
5250.0,551857.0,0.9549050538371541
5251.0,551415.0,0.9536746507059257
5252.0,559942.0,0.9679560479787745
5253.0,563500.0,0.9736444274420294
5254.0,557797.0,0.9633397426184566
5255.0,551962.0,0.9528232174340363
5256.0,558515.0,0.9636978328916297
5257.0,566610.0,0.9772287632713385
5258.0,567538.0,0.978399060992391
5259.0,566376.0,0.9759737658862938
5260.0,564370.0,0.9721037565699816
5261.0,558491.0,0.9615757295734217
5262.0,550122.0,0.9467780662791018
5263.0,545264.0,0.9380395364805479
5264.0,544463.0,0.936291649744505
5265.0,542545.0,0.9326320917184435
5266.0,538492.0,0.925313808176664
5267.0,543208.0,0.9330707226816045
5268.0,540607.0,0.9282653574855178
5269.0,512390.0,0.8795017056811701
5270.0,497600.0,0.853818379294163
5271.0,526038.0,0.9023081727466598
5272.0,553011.0,0.9482607664701186
5273.0,555024.0,0.9514054675470789
5274.0,555098.0,0.9512333608375905
5275.0,555610.0,0.9518197075774147
5276.0,557379.0,0.9545665295162127
5277.0,566229.0,0.9694433542367111
5278.0,572348.0,0.9796456866778022
5279.0,574639.0,0.9833006543856101
5280.0,570574.0,0.9760890720376443
5281.0,561351.0,0.960068285729815
5282.0,558873.0,0.9555971488197169
5283.0,558928.0,0.9554669190642291
5284.0,557628.0,0.9530297267790574
5285.0,564505.0,0.9645745585234498
5286.0,571604.0,0.9765027920079018
5287.0,572335.0,0.9775587693058999
5288.0,573371.0,0.979144505442362
5289.0,575928.0,0.983336024870855
5290.0,578014.0,0.9867315875828275
5291.0,579097.0,0.9884237441075768
5292.0,577542.0,0.9856231777835869
5293.0,572255.0,0.9764651506481087
5294.0,569159.0,0.971057505697848
5295.0,571132.0,0.9743083715972516
5296.0,569624.0,0.9716307777936355
5297.0,562990.0,0.9602209804637571
5298.0,561808.0,0.9581212536430258
5299.0,570023.0,0.9720565589971594
5300.0,571641.0,0.9747510670885313
5301.0,561403.0,0.9572401397910857
5302.0,558706.0,0.9525987307301292
5303.0,572044.0,0.9753068926447553
5304.0,584177.0,0.9959699851648932
5305.0,581833.0,0.9919616082694698
5306.0,570556.0,0.9727345176037939
5307.0,561484.0,0.9572774474826963
5308.0,562754.0,0.9594631935454929
5309.0,571875.0,0.9750458966095078
5310.0,576235.0,0.9825231030077707
5311.0,579136.0,0.9875245479114784
5312.0,585232.0,0.9979864666663683
5313.0,580361.0,0.9897582821384812
5314.0,567070.0,0.9671794511346511
5315.0,561356.0,0.957532203300606
5316.0,561249.0,0.9574595559509455
5317.0,568363.0,0.9697186315709144
5318.0,577957.0,0.9862246220197813
5319.0,573577.0,0.9788986701917144
5320.0,561775.0,0.958913612506308
5321.0,564413.0,0.963586167042499
5322.0,577586.0,0.9862616102999933
5323.0,576994.0,0.98544906238741
5324.0,563413.0,0.962460005324328
5325.0,556228.0,0.9504016753755603
5326.0,552897.0,0.9449366924529422
5327.0,533914.0,0.9127242301256755
5328.0,511675.0,0.8749393735301619
5329.0,528187.0,0.9034262494526172
5330.0,560022.0,0.9581579465250264
5331.0,571004.0,0.9772462618360614
5332.0,568451.0,0.9731877298826939
5333.0,566298.0,0.9698247360499073
5334.0,568331.0,0.9736439616266911
5335.0,570560.0,0.9778151372230477
5336.0,566878.0,0.9718689181819056
5337.0,564059.0,0.967411785911354
5338.0,569510.0,0.9771541627951523
5339.0,564945.0,0.9697258644605058
5340.0,547354.0,0.9399362869268838
5341.0,547219.0,0.9401234311224578
5342.0,567015.0,0.9745815181636549
5343.0,579414.0,0.996365989835738
5344.0,579541.0,0.9970726032938778
5345.0,573439.0,0.9870724233579315
5346.0,564431.0,0.9720717950753425
5347.0,561929.0,0.9682804996207971
5348.0,564382.0,0.9730423977165342
5349.0,566839.0,0.9778311447211743
5350.0,573497.0,0.9898913717935572
5351.0,580013.0,1.0017356387707779
5352.0,576954.0,0.9970625598028464
5353.0,569097.0,0.9841022019719475
5354.0,565555.0,0.9786070885531756
5355.0,567619.0,0.9828268375289567
5356.0,574571.0,0.9955368605647426
5357.0,577886.0,1.0019735391557834
5358.0,572653.0,0.9936027615135811
5359.0,562962.0,0.9774939789115404
5360.0,557964.0,0.9695303210545453
5361.0,563218.0,0.979395832802982
5362.0,568321.0,0.9890268844733694
5363.0,567249.0,0.9879314556218609
5364.0,560782.0,0.9774435628438223
5365.0,545712.0,0.9519440099091862
5366.0,536743.0,0.9370659270055315
5367.0,545658.0,0.9534228908096656
5368.0,560819.0,0.9807410332250659
5369.0,563884.0,0.9869453883578913
5370.0,544864.0,0.9544829708724522
5371.0,511249.0,0.8963840329793176
5372.0,505059.0,0.8863189376538259
5373.0,540305.0,0.9490251700408912
5374.0,570402.0,1.002801610162754
5375.0,573702.0,1.009531433173837
5376.0,557996.0,0.982806858194339
5377.0,542936.0,0.9571793158587726
5378.0,544183.0,0.9602869420064357
5379.0,552591.0,0.9760563923970036
5380.0,556584.0,0.9840572900713918
5381.0,555572.0,0.9832227971780773
5382.0,542488.0,0.9610076841930661
5383.0,529302.0,0.9385738546034965
5384.0,538757.0,0.9562885179540029
5385.0,561510.0,0.9976710287581456
5386.0,571513.0,1.0164649987893386
5387.0,564102.0,1.0042985783072278
5388.0,548660.0,0.9777992283599187
5389.0,543947.0,0.9703899572387429
5390.0,553214.0,0.9879345265017409
5391.0,561310.0,1.0034249501528574
5392.0,555477.0,0.9940242409249989
5393.0,544142.0,0.9747504090912265
5394.0,541591.0,0.9711900991607144
5395.0,535497.0,0.9612639754164801
5396.0,520749.0,0.9357674052852373
5397.0,515147.0,0.9266705367564748
5398.0,524057.0,0.9436873257196148
5399.0,534075.0,0.9627373126843727
5400.0,543797.0,0.9812930015737984
5401.0,548080.0,0.9900620294070904
5402.0,542030.0,0.9801631789364007
5403.0,527841.0,0.9555087694823425
5404.0,521014.0,0.9441416769668364
5405.0,526970.0,0.9559373782239504
5406.0,525550.0,0.9543611614722316
5407.0,520803.0,0.946730962604042
5408.0,517214.0,0.9411889420044062
5409.0,520135.0,0.9474906823382033
5410.0,530300.0,0.9670112719396184
5411.0,541942.0,0.9892642247289052
5412.0,535810.0,0.9790801979854175
5413.0,515944.0,0.9437482921861922
5414.0,520293.0,0.9526772294447801
5415.0,541158.0,0.9918909577439986
5416.0,551476.0,1.011826836243394
5417.0,543867.0,0.9988712707928563
5418.0,522661.0,0.9608851459936858
5419.0,507470.0,0.9338851859851564
5420.0,521876.0,0.9613447255641359
5421.0,546170.0,1.007082800151385
5422.0,554206.0,1.0228941665623228
5423.0,527471.0,0.9744883609656575
5424.0,495163.0,0.915674489737569
5425.0,508657.0,0.941518605958907
5426.0,541724.0,1.0036650950849029
5427.0,550084.0,1.0200990685535445
5428.0,521327.0,0.9676575729406277
5429.0,477872.0,0.8878029398059406
5430.0,476706.0,0.8864297260337033
5431.0,517082.0,0.9623583455820482
5432.0,533031.0,0.9929065818898467
5433.0,502735.0,0.9372775338155271
5434.0,479550.0,0.8948095272072075
5435.0,488624.0,0.9125010815096948
5436.0,507368.0,0.9482822930264982
5437.0,521837.0,0.9761112416198512
5438.0,526190.0,0.9850326580476929
5439.0,522931.0,0.9796919781714891
5440.0,516084.0,0.9676003775042925
5441.0,511486.0,0.9596945204380861
5442.0,516186.0,0.9692193790469597
5443.0,522442.0,0.9816650785989388
5444.0,519484.0,0.976785999645685
5445.0,503942.0,0.9482049358376946
5446.0,484395.0,0.9120275175703461
5447.0,470924.0,0.8872332100701531
5448.0,486173.0,0.9165334735840642
5449.0,515988.0,0.9733281704338939
5450.0,533916.0,1.0077349128017437
5451.0,525141.0,0.9917318661550013
5452.0,512283.0,0.9679755003099669
5453.0,521531.0,0.985965118535063
5454.0,523069.0,0.989368642146259
5455.0,497492.0,0.9414419511686959
5456.0,470789.0,0.8913174358695423
5457.0,481399.0,0.9118010904756298
5458.0,510378.0,0.9670873238656595
5459.0,519980.0,0.9856642729571768
5460.0,516639.0,0.9796880652539952
5461.0,504206.0,0.9564369273967226
5462.0,490966.0,0.9316155728297371
5463.0,501987.0,0.9528051945141023
5464.0,518344.0,0.9841140802439172
5465.0,502552.0,0.9543629513843275
5466.0,484505.0,0.9202918389542624
5467.0,484174.0,0.9198417826317099
5468.0,485146.0,0.9218455834043029
5469.0,482084.0,0.9161619860248856
5470.0,497928.0,0.9463891895852005
5471.0,521423.0,0.9911445607783504
5472.0,509177.0,0.9679416848420497
5473.0,489355.0,0.9303109295092085
5474.0,496168.0,0.9432931521081903
5475.0,508360.0,0.9664811280462655
5476.0,499798.0,0.9501910124212131
5477.0,478856.0,0.910345262643287
5478.0,480520.0,0.913456675239372
5479.0,507718.0,0.9650835087999328
5480.0,525809.0,0.999371240090236
5481.0,507103.0,0.9637008508679028
5482.0,476272.0,0.9049803740973449
5483.0,480282.0,0.9124506223396435
5484.0,493124.0,0.9366754531369405
5485.0,491142.0,0.9327195613202098
5486.0,487546.0,0.9256819159122842
5487.0,471104.0,0.8942447336307922
5488.0,460678.0,0.8742221858144613
5489.0,474269.0,0.8997570589201731
5490.0,477763.0,0.9061095753923715
5491.0,465056.0,0.881724156936652
5492.0,450815.0,0.8544306392178612
5493.0,449947.0,0.852476783548062
5494.0,471551.0,0.8930679007204739
5495.0,477536.0,0.904041761739759
5496.0,436635.0,0.8262653348971931
5497.0,402436.0,0.76121714234735
5498.0,418879.0,0.791960097228798
5499.0,444911.0,0.8407815057581686
5500.0,439087.0,0.8293699396244671
5501.0,414413.0,0.7823683761858348
5502.0,430891.0,0.8130516569873616
5503.0,474486.0,0.8948280786192863
5504.0,489209.0,0.9220806328605788
5505.0,474701.0,0.8942228026541978
5506.0,456839.0,0.860068138636844
5507.0,467702.0,0.8799866078546894
5508.0,484338.0,0.9107216818809093
5509.0,485179.0,0.9117224813395131
5510.0,470123.0,0.8828543026135358
5511.0,463108.0,0.8691007390334582
5512.0,480191.0,0.9005455167804352
5513.0,495418.0,0.9284550093013962
5514.0,479681.0,0.8983234447053168
5515.0,457672.0,0.8564844769010385
5516.0,476256.0,0.8906035880871533
5517.0,491086.0,0.9176442496552727
5518.0,471421.0,0.8802227963579194
5519.0,451206.0,0.841820735083049
5520.0,459462.0,0.8565440104690825
5521.0,474059.0,0.8830436463686935
5522.0,468454.0,0.8718883360819494
5523.0,438952.0,0.8162996975979809
5524.0,421196.0,0.7826186030036713
5525.0,441856.0,0.8203038347795195
5526.0,449498.0,0.8337668595877366
5527.0,423955.0,0.7856957847715474
5528.0,416464.0,0.7711252660313921
5529.0,440921.0,0.8156731329349068
5530.0,452879.0,0.8370292933519721
5531.0,443750.0,0.819398616928061
5532.0,429878.0,0.7930413713341253
5533.0,432950.0,0.7979535331308647
5534.0,446082.0,0.8213709749241117
5535.0,441837.0,0.8127690949447158
5536.0,420740.0,0.7732057833525333
5537.0,406535.0,0.7463649882185452
5538.0,390283.0,0.7158151789405333
5539.0,359022.0,0.6578188264337115
5540.0,350765.0,0.642039227276066
5541.0,399211.0,0.729968436888355
5542.0,456329.0,0.8335510634391786
5543.0,473606.0,0.8642119565778814
5544.0,462550.0,0.8431544959424894
5545.0,469536.0,0.8549866340890778
5546.0,474318.0,0.8627771491864735
5547.0,453963.0,0.8248686843722455
5548.0,440259.0,0.7991066649049402
5549.0,458785.0,0.8318303848537059
5550.0,474944.0,0.8601892912757294
5551.0,453209.0,0.8199234198087488
5552.0,440573.0,0.7961831000414693
5553.0,467176.0,0.8433214925184727
5554.0,473994.0,0.8546738209573073
5555.0,442480.0,0.796954533666544
5556.0,438716.0,0.7892838791286769
5557.0,465831.0,0.8371159298686152
5558.0,457991.0,0.8220898978220033
5559.0,438009.0,0.7853230084337249
5560.0,454002.0,0.8130623098548863
5561.0,458030.0,0.8193297122620993
5562.0,430409.0,0.7690292621814925
5563.0,435298.0,0.7768605043115115
5564.0,461798.0,0.8231926021461394
5565.0,445763.0,0.7936787329617035
5566.0,420431.0,0.7476961211095029
5567.0,434615.0,0.7720105190791418
5568.0,438406.0,0.7778245138905352
5569.0,422183.0,0.7481541870195582
5570.0,433686.0,0.7676260191923926
5571.0,442739.0,0.7827169574481769
5572.0,413626.0,0.7303757006483976
5573.0,402780.0,0.7103736277049434
5574.0,415184.0,0.731373114534727
5575.0,395684.0,0.6961861919524432
5576.0,373448.0,0.6562733197251096
5577.0,388802.0,0.6824330260449419
5578.0,403482.0,0.7073461014604769
5579.0,404338.0,0.7079914412102404
5580.0,417974.0,0.7309839471467372
5581.0,406506.0,0.7100684336344668
5582.0,363575.0,0.6343100030896827
5583.0,331184.0,0.5770997679201844
5584.0,307684.0,0.5355009553710067
5585.0,332564.0,0.5781016541391196
5586.0,429515.0,0.7457287429034617
5587.0,485998.0,0.8427729831776842
5588.0,489138.0,0.8471907043753211
5589.0,509836.0,0.8819705548194829
5590.0,512598.0,0.8856752992298655
5591.0,514286.0,0.8875169702662049
5592.0,526042.0,0.9067072683562843
5593.0,506201.0,0.8714547382842892
5594.0,501124.0,0.8616734643022853
5595.0,504101.0,0.8657476990644372
5596.0,497126.0,0.8527411061897396
5597.0,501434.0,0.8590969308534494
5598.0,486621.0,0.8327175350771807
5599.0,482099.0,0.8239909534285134
5600.0,496362.0,0.847354294784619
5601.0,494440.0,0.8430656981592433
5602.0,496672.0,0.8458627451842001
5603.0,493480.0,0.8394277654256095
5604.0,497864.0,0.8458810117908376
5605.0,503546.0,0.8545230331045711
5606.0,498001.0,0.8441162672804697
5607.0,491639.0,0.8323524129194031
5608.0,477134.0,0.8068478374123483
5609.0,472440.0,0.7979760512085227
5610.0,471014.0,0.7946402631206473
5611.0,477434.0,0.8045357476558727
5612.0,482627.0,0.8123452262089672
5613.0,481109.0,0.8088562514977697
5614.0,466298.0,0.7830548094591807
5615.0,447861.0,0.7512328309045173
5616.0,444240.0,0.7443097487883128
5617.0,451443.0,0.7555197040877335
5618.0,447944.0,0.748816797505862
5619.0,443760.0,0.740988061212969
5620.0,446285.0,0.744369958114255
5621.0,443800.0,0.7394004044858579
5622.0,430764.0,0.7168859006382391
5623.0,413658.0,0.687658466180845
5624.0,396081.0,0.6577163595359009
5625.0,392053.0,0.6503172687409505
5626.0,424156.0,0.7028046975497032
5627.0,461427.0,0.7637360792892393
5628.0,468053.0,0.7738724574659306
5629.0,464028.0,0.7663999161164842
5630.0,455912.0,0.7521978752364447
5631.0,432028.0,0.7120422532870088
5632.0,393491.0,0.6478500594940682
5633.0,338734.0,0.5571182883914918
5634.0,289410.0,0.4755040723662709
5635.0,322052.0,0.528593732350294
5636.0,451398.0,0.740140585538828
5637.0,560425.0,0.9179816679025402
5638.0,599124.0,0.9803892560352521
5639.0,602905.0,0.9855972629686163
5640.0,603022.0,0.9848181765983143
5641.0,603465.0,0.9845796598361972
5642.0,604082.0,0.984632528781972
5643.0,607847.0,0.9898189627848063
5644.0,610826.0,0.9937244384345965
5645.0,609572.0,0.9907503719590999
5646.0,607269.0,0.9860864643782208
5647.0,611509.0,0.992054022831246
5648.0,616690.0,0.9995440757228218
5649.0,613509.0,0.993487950599898
5650.0,612857.0,0.9915429862008851
5651.0,617912.0,0.9988353870121349
5652.0,614049.0,0.9917208349919271
5653.0,608297.0,0.9815795068500202
5654.0,616257.0,0.993572154430001
5655.0,620453.0,0.9994902677016101
5656.0,610987.0,0.9834181958218412
5657.0,601894.0,0.9679822298471285
5658.0,601000.0,0.96575621728114
5659.0,605151.0,0.9716438203454623
5660.0,608572.0,0.9763606898837589
5661.0,610296.0,0.9783597216849201
5662.0,613576.0,0.9828583385989982
5663.0,615346.0,0.9849435080803595
5664.0,616248.0,0.9856477928743101
5665.0,616115.0,0.9847075652024828
5666.0,615486.0,0.982987420046091
5667.0,615934.0,0.9829995816320578
5668.0,617618.0,0.9849940687922932
5669.0,615847.0,0.9814907224071665
5670.0,612711.0,0.975829398090613
5671.0,617057.0,0.9820949191674381
5672.0,624756.0,0.9936962272877643
5673.0,629514.0,1.000618762681178
5674.0,621917.0,0.9879175405988503
5675.0,612502.0,0.9723569649923963
5676.0,617127.0,0.9791012467107626
5677.0,626766.0,0.993798110860887
5678.0,630447.0,0.9990467292658652
5679.0,623119.0,0.9868643350147772
5680.0,616200.0,0.9753536409481152
5681.0,621407.0,0.983049043138907
5682.0,629548.0,0.9953851351041029
5683.0,629376.0,0.994581386577662
5684.0,617335.0,0.975042269063517
5685.0,611172.0,0.9648124333332285
5686.0,618281.0,0.975543648308247
5687.0,628141.0,0.9906123365393505
5688.0,634478.0,1.000122795081596
5689.0,628377.0,0.9900372775805918
5690.0,619062.0,0.974909320887209
5691.0,620549.0,0.9768080410726377
5692.0,630601.0,0.9921905611339407
5693.0,638192.0,1.0036984708096794
5694.0,633346.0,0.9956542455136926
5695.0,621625.0,0.9768226080088013
5696.0,618119.0,0.9709192189538716
5697.0,628018.0,0.9860771447623803
5698.0,640431.0,1.005177890756773
5699.0,640133.0,1.004330203319683
5700.0,629084.0,0.9866305933453565
5701.0,620054.0,0.9721179238079288
5702.0,622230.0,0.9751865694731391
5703.0,633508.0,0.9925216475824503
5704.0,639726.0,1.0019285638070703
5705.0,635591.0,0.995128311257378
5706.0,629520.0,0.9853105649652386
5707.0,626773.0,0.9807081641255094
5708.0,628332.0,0.9828521567251002
5709.0,629642.0,0.9846134794889659
5710.0,628836.0,0.9830737093845385
5711.0,627491.0,0.9807002248154134
5712.0,627631.0,0.98065602654009
5713.0,629324.0,0.9830453837189926
5714.0,633046.0,0.9886097306379221
5715.0,637509.0,0.9953357733658134
5716.0,640689.0,1.0000634349073974
5717.0,642600.0,1.002816013086801
5718.0,639711.0,0.9980857374072002
5719.0,634601.0,0.9899003387003401
5720.0,631468.0,0.9848087971100593
5721.0,628219.0,0.9795455054211771
5722.0,628075.0,0.9791317258173794
5723.0,633413.0,0.9872694737454133
5724.0,634129.0,0.9882082836924004
5725.0,632131.0,0.98492482852141
5726.0,635608.0,0.9901783352001235
5727.0,638902.0,0.9951517080594283
5728.0,634007.0,0.9873768811016893
5729.0,623602.0,0.9710310064757934
5730.0,611950.0,0.9527545693934771
5731.0,605171.0,0.9420750082352756
5732.0,607511.0,0.9455979656283408
5733.0,611393.0,0.9515257694756599
5734.0,612803.0,0.9536112146178263
5735.0,615146.0,0.957153687200249
5736.0,619604.0,0.9639916813681324
5737.0,619466.0,0.9636841371710123
5738.0,617112.0,0.9599351966532765
5739.0,617936.0,0.9611354628964285
5740.0,616454.0,0.9587545030068765
5741.0,607749.0,0.9451463352607906
5742.0,596393.0,0.9274228403190075
5743.0,588973.0,0.9158269892760321
5744.0,590302.0,0.9178409450900314
5745.0,597830.0,0.9294976244003191
5746.0,602795.0,0.937173236428926
5747.0,597087.0,0.9282601899719973
5748.0,589455.0,0.9163614722749873
5749.0,585263.0,0.9098157239723623
5750.0,586822.0,0.9122147160283642
5751.0,587749.0,0.9136355363015825
5752.0,589058.0,0.9156543992517573
5753.0,593563.0,0.9226453643771759
5754.0,588126.0,0.9141864816066118
5755.0,587155.0,0.9126737419736225
5756.0,599025.0,0.9311250842772144
5757.0,599111.0,0.9312633994545031
5758.0,589655.0,0.916573361044449
5759.0,591964.0,0.9201748392075703
5760.0,598036.0,0.929629662244422
5761.0,592081.0,0.9203925535923496
5762.0,591426.0,0.9193977111740023
5763.0,594176.0,0.9236997321210574
5764.0,594803.0,0.9247050038937976
5765.0,597170.0,0.9284189370237719
5766.0,599374.0,0.9318830886543448
5767.0,602299.0,0.9364718617752736
5768.0,602905.0,0.9374584760407734
5769.0,602875.0,0.9374593905459786
5770.0,600056.0,0.9331263262518917
5771.0,596008.0,0.926884506179933
5772.0,604018.0,0.9393980561978221
5773.0,610747.0,0.9499236425040005
5774.0,605478.0,0.9417911438767163
5775.0,608420.0,0.9464329773584997
5776.0,616458.0,0.959005853534618
5777.0,608963.0,0.9474171768115567
5778.0,601463.0,0.9358214908263212
5779.0,613270.0,0.9542687500242367
5780.0,618265.0,0.962120850168728
5781.0,602333.0,0.937408033290365
5782.0,597105.0,0.9293532079909509
5783.0,611255.0,0.951462330469344
5784.0,613420.0,0.9549203534123542
5785.0,601641.0,0.9366721731398092
5786.0,602138.0,0.9375363224773126
5787.0,614872.0,0.9574575313568747
5788.0,615890.0,0.9591389372015383
5789.0,604089.0,0.9408570843619418
5790.0,607425.0,0.9461511441633664
5791.0,617373.0,0.9617481115401387
5792.0,615698.0,0.959241591748989
5793.0,606001.0,0.9442365522654276
5794.0,608137.0,0.9476691248158872
5795.0,617760.0,0.962772148732538
5796.0,615035.0,0.9586333967591427
5797.0,603555.0,0.9408471882066108
5798.0,603576.0,0.940988268945482
5799.0,619759.0,0.9663302041789332
5800.0,624124.0,0.973250162680888
5801.0,612824.0,0.9557419460663154
5802.0,608111.0,0.9485044602709882
5803.0,613019.0,0.9562741416236206
5804.0,623340.0,0.9724912915890374
5805.0,620236.0,0.967765635172038
5806.0,608103.0,0.9489494860228539
5807.0,609833.0,0.951765109142582
5808.0,617653.0,0.9640875515673669
5809.0,624990.0,0.9756592562025176
5810.0,624434.0,0.9749108587206872
5811.0,615251.0,0.9606916355207963
5812.0,613938.0,0.9587591645785416
5813.0,622052.0,0.971549691903993
5814.0,632977.0,0.9887341168554464
5815.0,635529.0,0.9928419980934424
5816.0,619921.0,0.9685770456631793
5817.0,608870.0,0.9514266299735838
5818.0,618719.0,0.9669341391902803
5819.0,634161.0,0.9911866936120936
5820.0,637693.0,0.9968270581796309
5821.0,626064.0,0.978765931897861
5822.0,614751.0,0.961193833168386
5823.0,615806.0,0.9629570294815777
5824.0,626565.0,0.9798960102877666
5825.0,637681.0,0.9973963472242587
5826.0,634412.0,0.9923974995661202
5827.0,621571.0,0.9724213726983193
5828.0,619822.0,0.9697944345193009
5829.0,627917.0,0.9825696040222777
5830.0,634922.0,0.9936404055879852
5831.0,632824.0,0.9904646029218778
5832.0,624430.0,0.9774313394351201
5833.0,620535.0,0.9714368210601677
5834.0,621345.0,0.9728057496880078
5835.0,625474.0,0.979370127164298
5836.0,637803.0,0.9987748870082647
5837.0,645039.0,1.0102053270401294
5838.0,637533.0,0.9985460707271373
5839.0,626809.0,0.9818418728248642
5840.0,620608.0,0.9722181461417313
5841.0,622534.0,0.9753233043637021
5842.0,636097.0,0.9966603880087993
5843.0,644063.0,1.0092289139031894
5844.0,636705.0,0.9977833278551662
5845.0,631375.0,0.9895122730722996
5846.0,630159.0,0.9876861116696262
5847.0,631912.0,0.9905116596246367
5848.0,635229.0,0.9957875319081216
5849.0,630347.0,0.9882086139777431
5850.0,623383.0,0.9773625251806349
5851.0,628505.0,0.9854633139913168
5852.0,629130.0,0.9865119147327505
5853.0,611668.0,0.95919552136019
5854.0,605969.0,0.9503213009863662
5855.0,626182.0,0.9820838082376404
5856.0,636931.0,0.9990046731435582
5857.0,624105.0,0.9789470673771131
5858.0,611917.0,0.9598861860761275
5859.0,603355.0,0.946509726728167
5860.0,600364.0,0.9418701295309841
5861.0,608928.0,0.9553572919241069
5862.0,619428.0,0.9718819037193792
5863.0,620216.0,0.9731677480875202
5864.0,614665.0,0.9645052729626667
5865.0,612990.0,0.9619227581216241
5866.0,611059.0,0.9589367401976413
5867.0,611670.0,0.9599382981398079
5868.0,615795.0,0.9664534709772378
5869.0,616556.0,0.9676878972993502
5870.0,610938.0,0.9589086833388445
5871.0,600855.0,0.9431189535258357
5872.0,590843.0,0.9274380822411545
5873.0,584281.0,0.9171703235831137
5874.0,587355.0,0.9220270664260869
5875.0,601182.0,0.943763366231942
5876.0,609020.0,0.9560976082800461
5877.0,603290.0,0.9471302864441253
5878.0,587264.0,0.921996547650526
5879.0,578306.0,0.9079571163077953
5880.0,576955.0,0.9058592303839865
5881.0,577114.0,0.9061308875094986
5882.0,586334.0,0.9206284262410239
5883.0,589438.0,0.9255222028610387
5884.0,580145.0,0.9109491037402673
5885.0,584168.0,0.9172835736595425
5886.0,596966.0,0.9373962173423146
5887.0,592902.0,0.9310300996187774
5888.0,571685.0,0.8977269780903444
5889.0,552967.0,0.8683460640938886
5890.0,544514.0,0.8550830610913646
5891.0,560189.0,0.8797088154203251
5892.0,587071.0,0.9219335163849404
5893.0,594649.0,0.9338428092234188
5894.0,586253.0,0.9206653161417242
5895.0,567016.0,0.8904615094934287
5896.0,557392.0,0.875352999842576
5897.0,573800.0,0.9011253800169529
5898.0,585539.0,0.9195645595122751
5899.0,593316.0,0.9317807241919146
5900.0,599974.0,0.94223863037498
5901.0,589304.0,0.9254825495146936
5902.0,584619.0,0.9181247715867512
5903.0,595168.0,0.9346905607360739
5904.0,596464.0,0.9367239044468159
5905.0,597536.0,0.9384045594262316
5906.0,604385.0,0.9491568134715402
5907.0,595870.0,0.9357798093552471
5908.0,586006.0,0.9202835843197849
5909.0,599570.0,0.9415786065093149
5910.0,610560.0,0.9588302597383729
5911.0,595978.0,0.9359225957797452
5912.0,583828.0,0.9168337212104382
5913.0,595170.0,0.9346355282257459
5914.0,607766.0,0.9544054196325731
5915.0,604281.0,0.9489215985200643
5916.0,601181.0,0.9440417403884928
5917.0,607387.0,0.9537744161354315
5918.0,609918.0,0.9577353734427847
5919.0,600327.0,0.9426609949761995
5920.0,587243.0,0.9221016138586493
5921.0,590884.0,0.927803768806456
5922.0,598658.0,0.9399946116719855
5923.0,598069.0,0.9390533087813616
5924.0,595858.0,0.9355647031544237
5925.0,607078.0,0.9531634293522353
5926.0,617988.0,0.9702741744572106
5927.0,609766.0,0.9573459979711032
5928.0,599464.0,0.9411522064997905
5929.0,598405.0,0.9394696599897927
5930.0,612527.0,0.9616196503929526
5931.0,620873.0,0.9747004779292245
5932.0,603980.0,0.9481587299752956
5933.0,584976.0,0.918303847291555
5934.0,592486.0,0.9300709927887024
5935.0,618457.0,0.9708160813766272
5936.0,628729.0,0.9869160019454711
5937.0,609301.0,0.9563957609129079
5938.0,591322.0,0.9281510422387215
5939.0,598663.0,0.9396491531102621
5940.0,616025.0,0.9668746287543997
5941.0,622408.0,0.976866792142504
5942.0,613530.0,0.9629066351213281
5943.0,605236.0,0.9498634425040793
5944.0,607941.0,0.9540821171812401
5945.0,609328.0,0.9562318878404625
5946.0,613906.0,0.9633888144203077
5947.0,615105.0,0.9652426223372376
5948.0,600309.0,0.9419969229348407
5949.0,596567.0,0.9360976240527579
5950.0,608788.0,0.9552459070018834
5951.0,616532.0,0.967368218725101
5952.0,622860.0,0.9772679050991674
5953.0,621943.0,0.9757997445155244
5954.0,600211.0,0.9416747238548119
5955.0,586268.0,0.9197714668619252
5956.0,594372.0,0.9324569810882748
5957.0,601524.0,0.9436481410719768
5958.0,609884.0,0.9567335176013823
5959.0,614201.0,0.9634758846810968
5960.0,601577.0,0.9436438235905109
5961.0,600870.0,0.942505562948869
5962.0,622939.0,0.9770919306477605
5963.0,637462.0,0.9998404414175348
5964.0,636494.0,0.9982911023475117
5965.0,626390.0,0.9824132076755089
5966.0,608973.0,0.9550671647348905
5967.0,603810.0,0.9469405050866676
5968.0,612203.0,0.9600732846445047
5969.0,622537.0,0.9762491476468252
5970.0,631998.0,0.9910550947644917
5971.0,635389.0,0.9963419288770149
5972.0,627509.0,0.983955182436901
5973.0,612372.0,0.9601903722674351
5974.0,604438.0,0.947720912047231
5975.0,621857.0,0.9750029469515903
5976.0,640675.0,1.004476749858118
5977.0,636675.0,0.9981748635596247
5978.0,620668.0,0.973049460311691
5979.0,607480.0,0.9523449438333887
5980.0,610705.0,0.9573715335895812
5981.0,627906.0,0.9843066213031455
5982.0,636569.0,0.9978562837046712
5983.0,624785.0,0.9793543108786191
5984.0,610074.0,0.9562655031926547
5985.0,609826.0,0.9558475418336856
5986.0,612454.0,0.9599373144744836
5987.0,610091.0,0.9562043399942027
5988.0,616918.0,0.9668747345749904
5989.0,626541.0,0.9819263737079212
5990.0,622830.0,0.9760803964461523
5991.0,619073.0,0.9701626382257966
5992.0,616715.0,0.9664375219761936
5993.0,596641.0,0.9349511633839551
5994.0,580745.0,0.9100135147937187
5995.0,592243.0,0.928001752550714
5996.0,615217.0,0.9639702913244037
5997.0,617122.0,0.9669249683048082
5998.0,602295.0,0.9436639999570451
5999.0,598443.0,0.9375992727105656
6000.0,592899.0,0.928884003726677
6001.0,589436.0,0.923429344348864
6002.0,600464.0,0.9406762677220691
6003.0,600942.0,0.9413950623933638
6004.0,584122.0,0.9150166831196863
6005.0,577258.0,0.904235269989495
6006.0,589090.0,0.9227394890593545
6007.0,592519.0,0.928080503257577
6008.0,586724.0,0.9189736707648098
6009.0,592377.0,0.9277974691730515
6010.0,606486.0,0.949864127739904
6011.0,613460.0,0.960754872673603
6012.0,609644.0,0.9547468061819708
6013.0,597047.0,0.9349877459937639
6014.0,584193.0,0.9148273848944148
6015.0,583197.0,0.9132368275003703
6016.0,595435.0,0.9323688130990206
6017.0,603856.0,0.9455226189259315
6018.0,607319.0,0.9509123190489477
6019.0,600766.0,0.9406193944320934
6020.0,589460.0,0.9228854666924352
6021.0,597961.0,0.9361622288431808
6022.0,608239.0,0.9522198014438907
6023.0,600032.0,0.9393381175090982
6024.0,596377.0,0.9335829369591326
6025.0,604239.0,0.9458562818139219
6026.0,602832.0,0.9436196354477898
6027.0,601224.0,0.9410682943430277
6028.0,603335.0,0.9443378601195727
6029.0,605667.0,0.947952828548762
6030.0,605033.0,0.9469252421060069
6031.0,597779.0,0.93553702657027
6032.0,601120.0,0.9407301803699087
6033.0,606198.0,0.9486409039149301
6034.0,606526.0,0.9491177401590596
6035.0,612315.0,0.958139529529551
6036.0,608296.0,0.9518135409990115
6037.0,593412.0,0.9284877260519598
6038.0,594638.0,0.9303691239800852
6039.0,611750.0,0.9571042748348976
6040.0,609682.0,0.9538303944355976
6041.0,594369.0,0.9298358710330159
6042.0,594689.0,0.930298384638534
6043.0,605748.0,0.9475593398667268
6044.0,604941.0,0.9462575608549113
6045.0,601874.0,0.9414205773350928
6046.0,611932.0,0.9571122467749612
6047.0,616655.0,0.9644582053013719
6048.0,599593.0,0.9377325566290698
6049.0,588034.0,0.9196149009782831
6050.0,602863.0,0.9427643432362771
6051.0,618715.0,0.9675110882006475
6052.0,609197.0,0.952584869323405
6053.0,592551.0,0.9265142483409456
6054.0,595776.0,0.9315145439907166
6055.0,608104.0,0.9507461747154896
6056.0,604938.0,0.9457525117076536
6057.0,583515.0,0.91221747962235
6058.0,567784.0,0.8875831689417311
6059.0,565949.0,0.884672567446648
6060.0,581627.0,0.9091362784792559
6061.0,605138.0,0.9458403309144449
6062.0,624772.0,0.9764808703311888
6063.0,629989.0,0.9845861680399681
6064.0,616035.0,0.9627300630127134
6065.0,607562.0,0.9494408867006471
6066.0,614145.0,0.9596795141599479
6067.0,626633.0,0.979143479190336
6068.0,631993.0,0.9874677095713487
6069.0,625082.0,0.9766185696366408
6070.0,613642.0,0.9586944154673143
6071.0,613923.0,0.9590824518692852
6072.0,628384.0,0.9816210450605484
6073.0,637760.0,0.9962136770224927
6074.0,627675.0,0.980406792369555
6075.0,611966.0,0.9558171217818772
6076.0,618016.0,0.9652127149999892
6077.0,634295.0,0.990581417612547
6078.0,639718.0,0.9989938164980754
6079.0,637019.0,0.9947219938680512
6080.0,626796.0,0.9787018710871923
6081.0,619124.0,0.9666660579008897
6082.0,630239.0,0.9839623703999345
6083.0,643501.0,1.0046078853129565
6084.0,639074.0,0.9976366594560142
6085.0,632721.0,0.9876592685271588
6086.0,624312.0,0.9744733578176925
6087.0,616755.0,0.9626182802000248
6088.0,629001.0,0.9816702812277456
6089.0,639620.0,0.9981802338193771
6090.0,638284.0,0.996031905593625
6091.0,632092.0,0.986306020409526
6092.0,627642.0,0.9792987946342913
6093.0,627855.0,0.9795669934806926
6094.0,631541.0,0.9852526901531682
6095.0,643495.0,1.00383486503869
6096.0,647442.0,1.0099240442545814
6097.0,637539.0,0.9944090461936098
6098.0,624160.0,0.9734741617902651
6099.0,612974.0,0.9559616132272348
6100.0,618685.0,0.9648006896457275
6101.0,634345.0,0.9891516304811624
6102.0,640562.0,0.9987747712077603
6103.0,632475.0,0.9860944305798871
6104.0,625257.0,0.9747700130308208
6105.0,624295.0,0.9731989095810021
6106.0,623959.0,0.9726031468557702
6107.0,626350.0,0.9762572170500377
6108.0,634098.0,0.9882590817149887
6109.0,640321.0,0.9978818527959794
6110.0,634450.0,0.9886564902931735
6111.0,622050.0,0.9692585578197251
6112.0,617872.0,0.9626731991977878
6113.0,622845.0,0.9703447267526554
6114.0,635849.0,0.990525005666492
6115.0,645021.0,1.0047323105573056
6116.0,639126.0,0.9954690010568049
6117.0,622511.0,0.9695109120111458
6118.0,609276.0,0.9488200025966932
6119.0,600158.0,0.9345426360209229
6120.0,579494.0,0.902289475484217
6121.0,565622.0,0.8806155192140225
6122.0,586942.0,0.9137302156829208
6123.0,628996.0,0.9791136410828916
6124.0,645694.0,1.005018476309297
6125.0,645438.0,1.0045315003410171
6126.0,649601.0,1.0109207302113972
6127.0,651106.0,1.0131719446343617
6128.0,654602.0,1.0185197994566115
6129.0,665133.0,1.034810867188178
6130.0,668862.0,1.0405165465248958
6131.0,658528.0,1.0243452037942669
6132.0,645532.0,1.0040356515090552
6133.0,641670.0,0.99793440823777
6134.0,640748.0,0.9964053726220261
6135.0,637643.0,0.9914813982812307
6136.0,634060.0,0.9858143475885466
6137.0,629900.0,0.9792505396087475
6138.0,632115.0,0.9825968485535012
6139.0,638909.0,0.9930587911316503
6140.0,635219.0,0.9872240802780532
6141.0,615775.0,0.9569081174441373
6142.0,609741.0,0.9474343522612559
6143.0,632518.0,0.982724482672198
6144.0,655995.0,1.0190938642413712
6145.0,659376.0,1.0242386843657183
6146.0,647376.0,1.0054920092300321
6147.0,636092.0,0.9878603579712181
6148.0,634558.0,0.9853718412700112
6149.0,634247.0,0.9847818735421333
6150.0,634087.0,0.9844255428114803
6151.0,639760.0,0.9931231468976546
6152.0,646214.0,1.0030301213007211
6153.0,644190.0,0.9997761565999108
6154.0,639582.0,0.9925120835975184
6155.0,641092.0,0.9947416201788739
6156.0,642501.0,0.9968129855416006
6157.0,637499.0,0.9889376636949436
6158.0,630278.0,0.9776213314458108
6159.0,631477.0,0.9793653809161872
6160.0,638009.0,0.9893780775522191
6161.0,632557.0,0.9808057092284103
6162.0,626238.0,0.970890271035178
6163.0,631202.0,0.9784667707526702
6164.0,633699.0,0.9822166398510652
6165.0,631594.0,0.978832491317343
6166.0,627122.0,0.9717803127447502
6167.0,620444.0,0.9613109486598648
6168.0,626075.0,0.9699122844538224
6169.0,637995.0,0.9882520580524979
6170.0,644113.0,0.9975999655810919
6171.0,649418.0,1.0056853955357938
6172.0,652171.0,1.0098161567240094
6173.0,647328.0,1.0021847322963444
6174.0,647668.0,1.0025774504695044
6175.0,645144.0,0.9985361702252565
6176.0,636566.0,0.9851259602023483
6177.0,641497.0,0.9926215061596446
6178.0,649341.0,1.0046207359350465
6179.0,643393.0,0.9952803734928111
6180.0,634943.0,0.9820716543560112
6181.0,630983.0,0.9758093000904563
6182.0,628448.0,0.9717510714356674
6183.0,628285.0,0.9713601481450551
6184.0,632739.0,0.9781053362928459
6185.0,633963.0,0.9798551767844426
6186.0,630246.0,0.9739676932290369
6187.0,624146.0,0.9643987428226511
6188.0,621301.0,0.9598602383519201
6189.0,617311.0,0.953553319169234
6190.0,592638.0,0.9153032172529789
6191.0,563399.0,0.870012717692902
6192.0,567098.0,0.8755907929333248
6193.0,597954.0,0.9230896698393232
6194.0,619682.0,0.9564836333723352
6195.0,621851.0,0.9596813268399447
6196.0,622098.0,0.9599111922573851
6197.0,630031.0,0.9719976325878698
6198.0,639948.0,0.9871394423836982
6199.0,638740.0,0.985117319001601
6200.0,627608.0,0.9677915396143327
