wave,flux,norm
3800.0,150511.0,0.928989068356871
3801.0,156494.0,0.9686827193735436
3802.0,159024.0,0.987060036785442
3803.0,161535.0,1.005310106291182
3804.0,162680.0,1.015022189300282
3805.0,160164.0,1.0017737773085453
3806.0,153701.0,0.9636076465008662
3807.0,148310.0,0.9318975925181125
3808.0,151740.0,0.955492947591436
3809.0,156993.0,0.9905874569755234
3810.0,154576.0,0.9772265596237825
3811.0,147372.0,0.9333927755764345
3812.0,140463.0,0.8911757095136256
3813.0,134773.0,0.8564697335570272
3814.0,131251.0,0.8353632453832558
3815.0,126794.0,0.8081483387866606
3816.0,119621.0,0.7634412372581324
3817.0,114403.0,0.7310342512387689
3818.0,108015.0,0.6909919733565184
3819.0,98779.2,0.632557103915822
3820.0,91094.3,0.5838854005102526
3821.0,90135.9,0.578220503553354
3822.0,87674.1,0.5628382464516355
3823.0,76674.9,0.4925379100184538
3824.0,64746.1,0.4161328841678818
3825.0,55385.2,0.3561247965991544
3826.0,50197.0,0.3228751915684134
3827.0,49321.3,0.31732078204994496
3828.0,49038.5,0.31554930473634113
3829.0,47765.7,0.3073771119615841
3830.0,43005.6,0.2767357883082966
3831.0,39318.8,0.2529795728137375
3832.0,39035.8,0.251103904934536
3833.0,41134.6,0.26452303820493306
3834.0,43819.2,0.2816745053080605
3835.0,45906.9,0.2949506427311963
3836.0,47915.5,0.30767874275564394
3837.0,48508.8,0.31128220253302213
3838.0,46946.7,0.30103274190229007
3839.0,46850.3,0.3001642573562192
3840.0,50800.9,0.3251766857279263
3841.0,55431.2,0.35446026645878465
3842.0,53837.0,0.3438933272027828
3843.0,46900.4,0.2992360029060811
3844.0,42067.5,0.26806717649654443
3845.0,37086.5,0.23601419484630667
3846.0,31616.4,0.20092140130799566
3847.0,29892.1,0.18968297625042396
3848.0,27487.5,0.17415359356488094
3849.0,22095.0,0.1397603817193381
3850.0,22870.4,0.1444191554992451
3851.0,31616.6,0.19929470544373554
3852.0,35518.7,0.2234787835067015
3853.0,30875.1,0.19389018937576175
3854.0,33616.8,0.21068913822428967
3855.0,49473.5,0.30943349488936706
3856.0,53436.0,0.33350983391439304
3857.0,39752.5,0.24756587620824866
3858.0,29408.1,0.18273303488084539
3859.0,26638.9,0.16514399979231972
3860.0,27868.9,0.17235977265258315
3861.0,38959.6,0.24036643891889384
3862.0,64211.1,0.39517267232557907
3863.0,76978.8,0.4725416602087228
3864.0,60516.5,0.37051873941426694
3865.0,39895.6,0.24361528962200582
3866.0,29966.2,0.18248646343654723
3867.0,22702.2,0.13786789955941858
3868.0,13387.6,0.08107211146339027
3869.0,6159.73,0.037194763391262535
3870.0,4100.82,0.02468996870006324
3871.0,9182.94,0.055123925922693544
3872.0,23722.3,0.14197213489674715
3873.0,46456.8,0.2771809697269923
3874.0,71380.9,0.42456512443425853
3875.0,87183.1,0.5169203957179506
3876.0,83088.2,0.49106746514738364
3877.0,65483.0,0.38576490439042055
3878.0,49668.8,0.2916436544985491
3879.0,37951.0,0.22210057345160955
3880.0,23528.7,0.13723514462855815
3881.0,11162.7,0.06488756420338895
3882.0,18087.2,0.10477862592899309
3883.0,60188.5,0.34746321157075516
3884.0,123004.0,0.7076097077842917
3885.0,164386.0,0.9423329395084259
3886.0,173779.0,0.9926315157822222
3887.0,173411.0,0.9869731051536175
3888.0,161605.0,0.9164494723676861
3889.0,136472.0,0.771098654196574
3890.0,131168.0,0.7384056194169116
3891.0,148959.0,0.8354549716844366
3892.0,161313.0,0.9013714688548113
3893.0,161679.0,0.9000270564351044
3894.0,157462.0,0.8732428320111164
3895.0,145640.0,0.8046138081814567
3896.0,149088.0,0.8205172129160052
3897.0,159094.0,0.8722240812106634
3898.0,160721.0,0.8777435399414597
3899.0,169313.0,0.9210812708405799
3900.0,171279.0,0.928146827148959
3901.0,154013.0,0.8313187012739385
3902.0,139545.0,0.7502657673425485
3903.0,157155.0,0.8416144802500799
3904.0,181536.0,0.9683352647920249
3905.0,176089.0,0.9355509105580913
3906.0,163857.0,0.8670956426446856
3907.0,169207.0,0.8918300385193122
3908.0,177695.0,0.9328161700234455
3909.0,177045.0,0.9256723463835966
3910.0,162634.0,0.8469031772412045
3911.0,168074.0,0.8717021661984825
3912.0,192028.0,0.9919140361622634
3913.0,189592.0,0.9753678281696485
3914.0,169931.0,0.8706775737376945
3915.0,162882.0,0.8311738607771658
3916.0,173016.0,0.8793000996146487
3917.0,192378.0,0.9737258112551473
3918.0,200356.0,1.0099798597883156
3919.0,185927.0,0.9334281113840355
3920.0,152593.0,0.7629575075644455
3921.0,133803.0,0.6662826206415418
3922.0,154209.0,0.7647669529559069
3923.0,183911.0,0.908351644728296
3924.0,198773.0,0.9777572337057392
3925.0,198479.0,0.9723357801343675
3926.0,186863.0,0.9117044393658769
3927.0,162335.0,0.7888114871642156
3928.0,135545.0,0.6559585509508272
3929.0,123260.0,0.5940851301857419
3930.0,109728.0,0.5267198079568027
3931.0,86013.2,0.4112115081687142
3932.0,57703.5,0.27475324282512753
3933.0,33374.9,0.15827195004759304
3934.0,27819.0,0.1313928819071898
3935.0,44991.1,0.21164428731460777
3936.0,77151.3,0.3614733693688201
3937.0,113621.0,0.5302107393914831
3938.0,144020.0,0.6693812339727886
3939.0,166480.0,0.7706865646747384
3940.0,179777.0,0.8289326456008725
3941.0,184434.0,0.8470325652951458
3942.0,181340.0,0.8295289858285073
3943.0,166379.0,0.7580892329162392
3944.0,159830.0,0.7253860815047408
3945.0,180020.0,0.8138159784241735
3946.0,201093.0,0.9055294481718879
3947.0,206961.0,0.9283251935042265
3948.0,206411.0,0.9222665901640662
3949.0,208357.0,0.9273634083967204
3950.0,211230.0,0.9365308133885498
3951.0,204216.0,0.9019602971848489
3952.0,184909.0,0.8135675906734507
3953.0,184847.0,0.8102011520050233
3954.0,213221.0,0.9310272329963625
3955.0,229232.0,0.997164662816349
3956.0,223454.0,0.9683813860805699
3957.0,218983.0,0.945459576181254
3958.0,223657.0,0.9620487635492448
3959.0,229130.0,0.9819434880200211
3960.0,223789.0,0.9555233462210684
3961.0,199369.0,0.848137876742301
3962.0,171338.0,0.7262349878701577
3963.0,163822.0,0.6918610488310409
3964.0,167518.0,0.7049202747519117
3965.0,155644.0,0.6526068073768501
3966.0,122140.0,0.510301443625042
3967.0,79505.5,0.330997590405851
3968.0,47308.5,0.19626138835608167
3969.0,47516.6,0.19643481598333637
3970.0,78528.1,0.32350808478819304
3971.0,113339.0,0.46530318419511313
3972.0,138853.0,0.5680915155451606
3973.0,159936.0,0.652117074783277
3974.0,178149.0,0.7239175118094346
3975.0,201023.0,0.8141191450426501
3976.0,223270.0,0.9011963237952505
3977.0,234515.0,0.9434456935565065
3978.0,241382.0,0.9678742690262343
3979.0,248886.0,0.994701963104608
3980.0,251867.0,1.0033512608405262
3981.0,237855.0,0.9444829850578409
3982.0,211885.0,0.8386740416165549
3983.0,207775.0,0.8198011862690038
3984.0,229554.0,0.90288745890366
3985.0,239459.0,0.9389117597768781
3986.0,223403.0,0.8732506905580659
3987.0,212962.0,0.8298888914099571
3988.0,230181.0,0.8942663483752937
3989.0,248683.0,0.9632408377953758
3990.0,254866.0,0.9842466913974822
3991.0,259582.0,0.9994979583221144
3992.0,261932.0,1.0055954107594518
3993.0,252680.0,0.9672643754111472
3994.0,235291.0,0.8981141923217236
3995.0,232923.0,0.8865494385131103
3996.0,245542.0,0.9319513384575653
3997.0,248961.0,0.9422979699503432
3998.0,241676.0,0.912205474293768
3999.0,231522.0,0.8714981223703517
4000.0,214166.0,0.8039937678257233
4001.0,205617.0,0.7698430041610448
4002.0,229044.0,0.8552954969347469
4003.0,258360.0,0.9622543473549386
4004.0,263339.0,0.9782737454857507
4005.0,245916.0,0.9112252075217786
4006.0,229731.0,0.8491123775998496
4007.0,236255.0,0.8710556652837663
4008.0,257663.0,0.9476518071301757
4009.0,270183.0,0.9912858221432148
4010.0,274033.0,1.0029978172834493
4011.0,273676.0,0.9993140634684005
4012.0,267278.0,0.9736623710666293
4013.0,264294.0,0.9605586810029045
4014.0,260906.0,0.9460703640702752
4015.0,247871.0,0.8967657880467613
4016.0,226497.0,0.8175996414259923
4017.0,210565.0,0.7584031952479839
4018.0,217469.0,0.781551653178646
4019.0,231511.0,0.8302115507699074
4020.0,240955.0,0.8622241335065065
4021.0,255814.0,0.913452018099369
4022.0,270347.0,0.9633189938389884
4023.0,273787.0,0.9735500876999447
4024.0,260542.0,0.9245485740904344
4025.0,237823.0,0.8422127230164907
4026.0,229931.0,0.8126259848779986
4027.0,239725.0,0.8455530392505615
4028.0,250651.0,0.8823487570565032
4029.0,255277.0,0.8968806087076666
4030.0,247522.0,0.8679555970245598
4031.0,239509.0,0.8382523636739492
4032.0,236607.0,0.826529051552937
4033.0,221125.0,0.7709995980748672
4034.0,201245.0,0.7003823824285056
4035.0,201832.0,0.7011353027651986
4036.0,221090.0,0.766638011325929
4037.0,239063.0,0.8274669320800895
4038.0,251487.0,0.8689170237909221
4039.0,249684.0,0.8611628179874323
4040.0,237528.0,0.8178022961593114
4041.0,244753.0,0.841215988710266
4042.0,261498.0,0.8972236912157879
4043.0,260536.0,0.8924003149091504
4044.0,252190.0,0.8623549435152303
4045.0,244904.0,0.8360394467838733
4046.0,237849.0,0.8106086869657123
4047.0,233844.0,0.7956487631146466
4048.0,233217.0,0.7922215890387938
4049.0,238582.0,0.8091357516032843
4050.0,249232.0,0.8438991974272407
4051.0,262081.0,0.8859945329133939
4052.0,265341.0,0.8956001327051571
4053.0,260856.0,0.8790838919792934
4054.0,261230.0,0.8789770593798981
4055.0,263141.0,0.884042567161963
4056.0,263374.0,0.8834719489443341
4057.0,261023.0,0.8742562970534251
4058.0,255330.0,0.8538995002101574
4059.0,258902.0,0.8645495981568514
4060.0,277035.0,0.9237262644270323
4061.0,292807.0,0.9748744304789616
4062.0,290955.0,0.9672882918057973
4063.0,275353.0,0.9140858569417569
4064.0,258158.0,0.8557637894167204
4065.0,235640.0,0.7799960901146074
4066.0,212934.0,0.703829317142338
4067.0,226036.0,0.746075195040336
4068.0,266414.0,0.8781087025632817
4069.0,293131.0,0.9648120649618009
4070.0,297776.0,0.9787319802135953
4071.0,290224.0,0.952585094744618
4072.0,285113.0,0.934516546793919
4073.0,280104.0,0.9168363804119092
4074.0,263283.0,0.8605989639123397
4075.0,253542.0,0.8276299489245995
4076.0,263354.0,0.8584938549140396
4077.0,269674.0,0.877909857100465
4078.0,274458.0,0.8922833738691022
4079.0,289692.0,0.9405498958318967
4080.0,301957.0,0.9790641206586064
4081.0,304846.0,0.9871187192756772
4082.0,294332.0,0.9518122112558889
4083.0,264875.0,0.8554243502088893
4084.0,229995.0,0.7418015220807219
4085.0,230038.0,0.7409677878371647
4086.0,268928.0,0.8651029952028995
4087.0,303221.0,0.9741473249423521
4088.0,319254.0,1.02432248940967
4089.0,322633.0,1.0338212602372623
4090.0,318663.0,1.0197784744862992
4091.0,314501.0,1.0051592465156034
4092.0,308337.0,0.9841881630688532
4093.0,301146.0,0.9599976249667298
4094.0,289409.0,0.9213963084695345
4095.0,269071.0,0.8555460980437308
4096.0,258527.0,0.820965916639979
4097.0,269663.0,0.855231707522931
4098.0,292256.0,0.9256983954518425
4099.0,304009.0,0.9616932685382178
4100.0,292843.0,0.9251868758638343
4101.0,269028.0,0.8488618262272264
4102.0,254112.0,0.8007741140215614
4103.0,255641.0,0.8045649684841044
4104.0,256140.0,0.805108123779452
4105.0,256231.0,0.8043685885691975
4106.0,264972.0,0.8307502494115255
4107.0,273787.0,0.8572960563437966
4108.0,277566.0,0.8680249726395995
4109.0,268943.0,0.83999092595471
4110.0,265639.0,0.8286192764648043
4111.0,279966.0,0.8722034216939352
4112.0,292420.0,0.909848994762389
4113.0,299318.0,0.9301335127332451
4114.0,300064.0,0.9312730244660298
4115.0,298921.0,0.9265539030490806
4116.0,298183.0,0.923099984334782
4117.0,289696.0,0.8956955807141679
4118.0,269332.0,0.8316841581109339
4119.0,243370.0,0.7505688379345633
4120.0,233742.0,0.7199688951358272
4121.0,235604.0,0.7247923618132731
4122.0,236129.0,0.7254955090262735
4123.0,234131.0,0.7184544798998002
4124.0,230461.0,0.7063064997029329
4125.0,228007.0,0.6979106965182927
4126.0,224743.0,0.6870593490895789
4127.0,225345.0,0.6880387633079932
4128.0,226031.0,0.6892715997253951
4129.0,226171.0,0.688838153592757
4130.0,225954.0,0.6873195699252366
4131.0,225110.0,0.683899629751241
4132.0,215058.0,0.6525481992026623
4133.0,205138.0,0.6216744688493459
4134.0,198265.0,0.6000996916532069
4135.0,198184.0,0.5991104404462229
4136.0,203605.0,0.6147353721547459
4137.0,203017.0,0.6122011710180867
4138.0,197688.0,0.5953941530131395
4139.0,196601.0,0.591388686629078
4140.0,200781.0,0.6032168454402689
4141.0,197568.0,0.5928318652337027
4142.0,184022.0,0.5515048058480031
4143.0,170542.0,0.5104768589436871
4144.0,165630.0,0.4951643825835454
4145.0,169538.0,0.5062251047008001
4146.0,179577.0,0.5355426989150869
4147.0,184268.0,0.5488587896783993
4148.0,174734.0,0.5198235801119505
4149.0,156539.0,0.46512482035449093
4150.0,142986.0,0.4243355619557962
4151.0,141356.0,0.4189861475528023
4152.0,149336.0,0.4420994660592675
4153.0,159466.0,0.4715135649014359
4154.0,163048.0,0.48151823677015737
4155.0,164193.0,0.4843102224927412
4156.0,163140.0,0.4806199042335656
4157.0,161606.0,0.4755231198650185
4158.0,173632.0,0.5102903465084
4159.0,195392.0,0.5735461395619638
4160.0,199552.0,0.5850489936226233
4161.0,188569.0,0.5521811695583203
4162.0,182430.0,0.5335600080575202
4163.0,180493.0,0.5272585990021073
4164.0,177975.0,0.5192771166341148
4165.0,176990.0,0.5157822224213299
4166.0,165964.0,0.4830694510730753
4167.0,147159.0,0.42782005056541605
4168.0,155688.0,0.4520730945251254
4169.0,184059.0,0.5338145201869267
4170.0,206051.0,0.5968819513079553
4171.0,217333.0,0.6288113678783422
4172.0,203135.0,0.5870310228119142
4173.0,181502.0,0.5238897388360791
4174.0,183999.0,0.5304649851072247
4175.0,197410.0,0.5684519910915458
4176.0,198924.0,0.5721314406004842
4177.0,186100.0,0.5346131005375448
4178.0,164425.0,0.4717873307936946
4179.0,146398.0,0.4195651202768955
4180.0,135226.0,0.387089022475914
4181.0,148792.0,0.4254193780288445
4182.0,179385.0,0.5122847881189987
4183.0,192716.0,0.5497071336155138
4184.0,199503.0,0.5683971794068062
4185.0,200233.0,0.5698068179657562
4186.0,176510.0,0.501708464357134
4187.0,149017.0,0.4230665403794342
4188.0,132564.0,0.3759151587081987
4189.0,127713.0,0.3617356809189878
4190.0,148943.0,0.42137520034415615
4191.0,175660.0,0.496380848573913
4192.0,172583.0,0.48711785595681356
4193.0,157913.0,0.44519312716330517
4194.0,142120.0,0.4002035470177435
4195.0,119913.0,0.3372778408196236
4196.0,110168.0,0.30950912083804655
4197.0,134728.0,0.3780706261447375
4198.0,174989.0,0.49048254167959443
4199.0,202263.0,0.5662753072427079
4200.0,214367.0,0.599470936204132
4201.0,211908.0,0.5919121099200548
4202.0,206695.0,0.5766870038317536
4203.0,200944.0,0.5599976551656174
4204.0,185007.0,0.5149925562866517
4205.0,162530.0,0.45190651943026156
4206.0,150094.0,0.41685147261386674
4207.0,150176.0,0.41660275356083043
4208.0,166869.0,0.4623826417678731
4209.0,187206.0,0.5181440780367523
4210.0,181038.0,0.5005023230679392
4211.0,158963.0,0.4389738490031352
4212.0,142665.0,0.39352012669848574
4213.0,125473.0,0.34570635927409915
4214.0,101299.0,0.27878569909452966
4215.0,95067.5,0.26134026387444637
4216.0,144638.0,0.3971606842924025
4217.0,222317.0,0.6097710198839317
4218.0,274069.0,0.7508703610970581
4219.0,310605.0,0.8500120963661909
4220.0,343002.0,0.9376172986518542
4221.0,344776.0,0.9414103335233243
4222.0,320645.0,0.8745407754776413
4223.0,295314.0,0.804551719101414
4224.0,288662.0,0.785551336129913
4225.0,297449.0,0.8085617241597037
4226.0,295068.0,0.8011967449870567
4227.0,292453.0,0.7932137437348983
4228.0,313098.0,0.8482663123663913
4229.0,324016.0,0.8768733101115135
4230.0,302576.0,0.8179448722288887
4231.0,283511.0,0.7655601643794895
4232.0,288574.0,0.7783719283917605
4233.0,312258.0,0.8413269274056536
4234.0,339473.0,0.9136469365763582
4235.0,325205.0,0.8742849996479718
4236.0,259096.0,0.6957927060050317
4237.0,220172.0,0.5906161312333332
4238.0,241450.0,0.646986449165213
4239.0,277604.0,0.7430519157127482
4240.0,303297.0,0.810938135167064
4241.0,304992.0,0.8145822390057137
4242.0,261578.0,0.6978712267168663
4243.0,224996.0,0.5996214707938334
4244.0,257249.0,0.6848336411349586
4245.0,315229.0,0.8382764812594027
4246.0,331805.0,0.8814029208368686
4247.0,289389.0,0.7679001218174127
4248.0,228387.0,0.6053770785720298
4249.0,207065.0,0.548269245245471
4250.0,245141.0,0.6483902225012503
4251.0,300351.0,0.7935670429385149
4252.0,314658.0,0.8304778980361149
4253.0,280836.0,0.7404190154775594
4254.0,244398.0,0.6436631442629914
4255.0,235466.0,0.6194783565589076
4256.0,274120.0,0.7204043372656397
4257.0,325423.0,0.8543232661469046
4258.0,312092.0,0.818456778627507
4259.0,276394.0,0.7240717117349622
4260.0,276308.0,0.7230811129516636
4261.0,270717.0,0.7077019793737657
4262.0,264031.0,0.6894961741663856
4263.0,271286.0,0.7076966135728651
4264.0,259609.0,0.6765236957101405
4265.0,263122.0,0.6849591980505015
4266.0,281443.0,0.7318852659926138
4267.0,264683.0,0.6875817721462266
4268.0,251058.0,0.6515066721854512
4269.0,252688.0,0.6550533337306581
4270.0,235015.0,0.6086051327503061
4271.0,228632.0,0.5914605396798602
4272.0,243614.0,0.6295648627351716
4273.0,237284.0,0.6125716879049012
4274.0,205151.0,0.529069932366921
4275.0,200868.0,0.5174899567512342
4276.0,233883.0,0.6019248949263964
4277.0,275451.0,0.7081760510591678
4278.0,291310.0,0.7481802891543909
4279.0,247543.0,0.6351206909594355
4280.0,191480.0,0.49077737005097605
4281.0,210494.0,0.5389606865228025
4282.0,269025.0,0.6881245012573477
4283.0,301035.0,0.7692174862723347
4284.0,280249.0,0.7153766549334365
4285.0,215086.0,0.548481688302799
4286.0,182333.0,0.4644888874416353
4287.0,218787.0,0.5567912337006587
4288.0,257863.0,0.6555736616808725
4289.0,248430.0,0.630955691410417
4290.0,233722.0,0.5930038882735984
4291.0,241599.0,0.6123743226900925
4292.0,268700.0,0.6803841196586168
4293.0,292915.0,0.7409579247290712
4294.0,279821.0,0.7071286673056467
4295.0,250746.0,0.6330224770273031
4296.0,218763.0,0.5517301777539018
4297.0,175843.0,0.4430436122163411
4298.0,155195.0,0.39063254416884496
4299.0,135821.0,0.34152908900045353
4300.0,115371.0,0.2898199585724776
4301.0,123369.0,0.30960596087752734
4302.0,131286.0,0.3291501836992991
4303.0,120768.0,0.30248285024317734
4304.0,112829.0,0.2823212711937103
4305.0,119003.0,0.29747846652978477
4306.0,136536.0,0.3409732791532009
4307.0,136030.0,0.3393784020417971
4308.0,106530.0,0.2655207995739591
4309.0,82069.6,0.2043557404776421
4310.0,72197.8,0.17960035143954736
4311.0,70697.8,0.17569872087939467
4312.0,85338.2,0.21187828588046562
4313.0,125475.0,0.3112298477218957
4314.0,186659.0,0.46254588978014444
4315.0,266765.0,0.6604156991869016
4316.0,342885.0,0.848048067749579
4317.0,374638.0,0.9256952730611333
4318.0,375362.0,0.9265984249903662
4319.0,379041.0,0.9347883101602772
4320.0,369847.0,0.9112463718385572
4321.0,335426.0,0.8256535683786481
4322.0,281423.0,0.6920682957506205
4323.0,204331.0,0.5020103302811152
4324.0,159792.0,0.392214147999628
4325.0,179023.0,0.4390031997109524
4326.0,225809.0,0.5532119313612397
4327.0,261558.0,0.6401924362296937
4328.0,268888.0,0.6575170172689354
4329.0,266165.0,0.6502500208839017
4330.0,274405.0,0.6697552218966575
4331.0,292843.0,0.7140923865784019
4332.0,296880.0,0.7232638746798593
4333.0,280746.0,0.6833237199707233
4334.0,271898.0,0.6611756186273254
4335.0,292109.0,0.7096667619810814
4336.0,310444.0,0.7535157257652003
4337.0,281264.0,0.6820614989437342
4338.0,238937.0,0.5788871963707374
4339.0,232312.0,0.5623207998273587
4340.0,250012.0,0.6046111359239322
4341.0,260936.0,0.6304532514385356
4342.0,263112.0,0.6351319540180959
4343.0,261960.0,0.6317765865880128
4344.0,281119.0,0.6773681977731617
4345.0,313208.0,0.7540051792273572
4346.0,310096.0,0.7458394448183343
4347.0,287543.0,0.6909720923521331
4348.0,288468.0,0.6925716315442206
4349.0,317540.0,0.7616854634442148
4350.0,310035.0,0.7430173388618033
4351.0,256070.0,0.6131387289145148
4352.0,209139.0,0.5003198406390986
4353.0,199835.0,0.47763674720422017
4354.0,206520.0,0.49317675785809073
4355.0,201536.0,0.48084849033985066
4356.0,204965.0,0.48859756378016067
4357.0,227860.0,0.5426958279272167
4358.0,235141.0,0.5595441795873607
4359.0,223242.0,0.5307626960976216
4360.0,235593.0,0.5596366760841627
4361.0,262963.0,0.6241062990492158
4362.0,246501.0,0.5845256527549519
4363.0,203958.0,0.48322282652749315
4364.0,204982.0,0.485227120910353
4365.0,240721.0,0.5693335830409572
4366.0,246874.0,0.5833812929904363
4367.0,237015.0,0.559600557832966
4368.0,257017.0,0.6063036172281594
4369.0,261648.0,0.6166980468842912
4370.0,227098.0,0.5348058510895393
4371.0,205675.0,0.4839415118660513
4372.0,216497.0,0.5089705199391643
4373.0,233586.0,0.5486782883130702
4374.0,232696.0,0.5461236058176839
4375.0,227550.0,0.5335938107420165
4376.0,233987.0,0.5482244910431406
4377.0,246311.0,0.5766125887713026
4378.0,260789.0,0.6099918595366844
4379.0,269451.0,0.6297234672268285
4380.0,260482.0,0.6082525733838114
4381.0,249277.0,0.5816014188894562
4382.0,248108.0,0.5783914697391334
4383.0,256749.0,0.5980377362792598
4384.0,265273.0,0.6173798460178778
4385.0,258658.0,0.6014863008881829
4386.0,258077.0,0.5996397425850231
4387.0,269028.0,0.6245694381507303
4388.0,284404.0,0.6597234824316345
4389.0,280454.0,0.650027508353078
4390.0,263997.0,0.6113836253751564
4391.0,262681.0,0.6078396779087629
4392.0,269851.0,0.6239227933609657
4393.0,271427.0,0.6270572058903673
4394.0,265237.0,0.6122606981537446
4395.0,260943.0,0.6018620340058185
4396.0,268853.0,0.6196066506150447
4397.0,284852.0,0.6559507123153732
4398.0,287409.0,0.6613082116693514
4399.0,276444.0,0.6355697280258233
4400.0,278371.0,0.6394894377810295
4401.0,305489.0,0.7012278917444963
4402.0,327273.0,0.7506351041599332
4403.0,318725.0,0.7304504833701426
4404.0,304591.0,0.6975069609858913
4405.0,305644.0,0.6993668677734547
4406.0,316175.0,0.7228950958533151
4407.0,328301.0,0.7500313247760166
4408.0,332929.0,0.7600097111047246
4409.0,331143.0,0.7553431373492134
4410.0,342469.0,0.7805703373087234
4411.0,368263.0,0.8387099782683161
4412.0,385110.0,0.8763999446876967
4413.0,380127.0,0.8643924481846592
4414.0,365450.0,0.8303779169253618
4415.0,347529.0,0.7890514713164622
4416.0,338020.0,0.7668740101387871
4417.0,340873.0,0.7727561050275455
4418.0,356044.0,0.8065338797299484
4419.0,389367.0,0.8813493111628192
4420.0,408230.0,0.9233465131756589
4421.0,391200.0,0.8841590469680499
4422.0,385281.0,0.8701252650968638
4423.0,412362.0,0.9305856420655533
4424.0,427604.0,0.9642593966478007
4425.0,415630.0,0.9365571974194953
4426.0,401577.0,0.9042165169872566
4427.0,395847.0,0.8906519812657208
4428.0,403719.0,0.9076905934987298
4429.0,409680.0,0.9204119850852214
4430.0,405218.0,0.9097163056980282
4431.0,418903.0,0.9397478945303447
4432.0,439891.0,0.986108042903243
4433.0,440947.0,0.9877527429699207
4434.0,424040.0,0.9491874788374832
4435.0,402573.0,0.9004799287582239
4436.0,409619.0,0.9155764233625964
4437.0,442982.0,0.9894334748186924
4438.0,459680.0,1.0259897893549468
4439.0,447582.0,0.9982696134730425
4440.0,427308.0,0.952368388612326
4441.0,414808.0,0.9238483273746088
4442.0,413240.0,0.9197004262585481
4443.0,417719.0,0.9290083094894679
4444.0,426728.0,0.9483718869755301
4445.0,442111.0,0.9818650888354362
4446.0,448481.0,0.995309831694462
4447.0,436381.0,0.9677754088575684
4448.0,425808.0,0.9436649031405975
4449.0,427234.0,0.9461625192464826
4450.0,429694.0,0.9509459969951704
4451.0,437611.0,0.9677921380102797
4452.0,447178.0,0.9882622861095853
4453.0,445921.0,0.9848005149813364
4454.0,435617.0,0.9613782718568358
4455.0,428805.0,0.9456905146125754
4456.0,437702.0,0.9646460242825267
4457.0,451741.0,0.99490069555553
4458.0,459833.0,1.0120259256848942
4459.0,456968.0,1.0050300465402746
4460.0,449713.0,0.9883958339953353
4461.0,436631.0,0.9589868871006051
4462.0,427574.0,0.938452805114997
4463.0,436996.0,0.9584777614055554
4464.0,446220.0,0.9780417733157108
4465.0,449878.0,0.9853879826665808
4466.0,455988.0,0.998091529640117
4467.0,452459.0,0.989693989462198
4468.0,431303.0,0.9427774753327677
4469.0,411463.0,0.8987994015420433
4470.0,411580.0,0.8984455132538338
4471.0,424967.0,0.9270398191325735
4472.0,440357.0,0.9599618402861243
4473.0,445688.0,0.9709258206370318
4474.0,446897.0,0.9729011853345979
4475.0,452536.0,0.9845113502247366
4476.0,457143.0,0.9938619477502055
4477.0,459946.0,0.9992802491501352
4478.0,467464.0,1.0149277985652607
4479.0,474928.0,1.0304366587235625
4480.0,475402.0,1.030768379003927
4481.0,465468.0,1.0085477271022898
4482.0,448785.0,0.9717431000551314
4483.0,451071.0,0.9760329728249895
4484.0,467249.0,1.0103557909264984
4485.0,472925.0,1.021937882520082
4486.0,466043.0,1.00638548709345
4487.0,457772.0,0.9878559240713525
4488.0,455624.0,0.9825548853757604
4489.0,453965.0,0.9783139716033634
4490.0,456707.0,0.9835558034129236
4491.0,465365.0,1.0015215041925567
4492.0,465325.0,1.0007553578431467
4493.0,453934.0,0.97559363373714
4494.0,435026.0,0.9343204944274638
4495.0,424304.0,0.9106718089491974
4496.0,431467.0,0.9254141275183174
4497.0,443334.0,0.9502174471550168
4498.0,449333.0,0.9624170845180555
4499.0,450995.0,0.9653157434741388
4500.0,445755.0,0.9534460516374771
4501.0,430495.0,0.9201737017457875
4502.0,432180.0,0.923140318394551
4503.0,456967.0,0.9754135078918608
4504.0,474128.0,1.0113463409886443
4505.0,475520.0,1.0136148207318703
4506.0,469729.0,1.0005777967754106
4507.0,468397.0,0.9970486735662843
4508.0,474343.0,1.00900412450958
4509.0,480123.0,1.020588217303629
4510.0,478079.0,1.0155345026296898
4511.0,463147.0,0.9831283299565963
4512.0,449138.0,0.9527234170312564
4513.0,440421.0,0.9335768306706549
4514.0,429038.0,0.908807948614554
4515.0,429241.0,0.90859669074674
4516.0,445804.0,0.9429893192144445
4517.0,456140.0,0.9641688054891807
4518.0,459902.0,0.971430080234473
4519.0,471073.0,0.9943173079000213
4520.0,476958.0,1.0060200769354877
4521.0,472602.0,0.9961183884159869
4522.0,459995.0,0.9688500216593472
4523.0,455454.0,0.9585949400311662
4524.0,461653.0,0.9709403579389292
4525.0,466141.0,0.9796694501267337
4526.0,469188.0,0.985356987203037
4527.0,458398.0,0.9619952210614925
4528.0,444335.0,0.9318011765291272
4529.0,446712.0,0.9360992466194811
4530.0,449316.0,0.9408636789557803
4531.0,436605.0,0.9135725572163308
4532.0,429575.0,0.898197454146321
4533.0,423922.0,0.8857194835638348
4534.0,422259.0,0.881587658794159
4535.0,438943.0,0.9157353156789174
4536.0,459571.0,0.9580509065291549
4537.0,480156.0,1.0002103233823647
4538.0,492504.0,1.0251574836260784
4539.0,494550.0,1.0286359859130378
4540.0,487470.0,1.0131386823752941
4541.0,476510.0,0.989603710375347
4542.0,479866.0,0.9958096832034924
4543.0,491332.0,1.0188194896603062
4544.0,488634.0,1.012442686167139
4545.0,485362.0,1.0048837681363518
4546.0,494440.0,1.0228822885116695
4547.0,497346.0,1.0280905818930033
4548.0,477188.0,0.9856475048685567
4549.0,437749.0,0.9034732353911905
4550.0,417964.0,0.8619571135067322
4551.0,424002.0,0.8737153351426299
4552.0,421282.0,0.8674188005481849
4553.0,422009.0,0.8682206271991141
4554.0,443059.0,0.9107957107920602
4555.0,467621.0,0.9605124497821619
4556.0,482408.0,0.9900830051337253
4557.0,490986.0,1.0068687065001953
4558.0,491136.0,1.0063536674368316
4559.0,485925.0,0.9948594335957245
4560.0,482442.0,0.9869148184277581
4561.0,485854.0,0.9930723172588855
4562.0,486736.0,0.9940483955027037
4563.0,477544.0,0.9744618415913338
4564.0,474960.0,0.9683765564928869
4565.0,485666.0,0.9893708350267668
4566.0,497525.0,1.0126721181453937
4567.0,504814.0,1.026635386586032
4568.0,505206.0,1.0265558227016742
4569.0,499357.0,1.01380111976976
4570.0,484649.0,0.9830934542107509
4571.0,460322.0,0.9329392481016209
4572.0,448791.0,0.9087788157835172
4573.0,462309.0,0.93533478482273
4574.0,475552.0,0.9612839153578586
4575.0,470185.0,0.9495975516358686
4576.0,449631.0,0.9072822785013333
4577.0,434633.0,0.8762387244282812
4578.0,452717.0,0.9118812652285637
4579.0,485893.0,0.9778270450167036
4580.0,497903.0,1.0010925052758395
4581.0,503443.0,1.0113138978239435
4582.0,506130.0,1.0157856500278852
4583.0,492572.0,0.9876706452249625
4584.0,484939.0,0.9714714973998464
4585.0,495592.0,0.9918953212525019
4586.0,503249.0,1.006285334083924
4587.0,504079.0,1.0070048115840917
4588.0,503288.0,1.0044822568245082
4589.0,498067.0,0.993125737980036
4590.0,493238.0,0.982566107909293
4591.0,497629.0,0.9903705303544293
4592.0,500539.0,0.9952099382185734
4593.0,499538.0,0.9922658257605982
4594.0,504983.0,1.0021135499488563
4595.0,515208.0,1.021413010672002
4596.0,516387.0,1.0227526747768974
4597.0,509751.0,1.0086206545153205
4598.0,509772.0,1.0076694543580889
4599.0,511322.0,1.0097336407525537
4600.0,501481.0,0.9893157698588232
4601.0,491034.0,0.9677383986439696
4602.0,482846.0,0.9506460619068903
4603.0,470723.0,0.9258428424849766
4604.0,466098.0,0.9158166883739468
4605.0,461791.0,0.906429528308677
4606.0,463074.0,0.908017125062071
4607.0,485631.0,0.9512679998034345
4608.0,510015.0,0.9979988682507885
4609.0,514806.0,1.0063268749224141
4610.0,505527.0,0.9871563762450578
4611.0,502100.0,0.9794352830132719
4612.0,503248.0,0.9806394338668298
4613.0,498063.0,0.9695076636006067
4614.0,500193.0,0.9726177596582827
4615.0,502494.0,0.9760477958504982
4616.0,491628.0,0.9539167675065956
4617.0,491730.0,0.9530865621702247
4618.0,489448.0,0.9476372361026708
4619.0,479484.0,0.9273374438829355
4620.0,482557.0,0.9322634596178075
4621.0,490733.0,0.9470217866021822
4622.0,489843.0,0.944266591359236
4623.0,488347.0,0.940345932331373
4624.0,485243.0,0.9333365177843589
4625.0,475980.0,0.9145048876854485
4626.0,476174.0,0.9138604743049576
4627.0,470710.0,0.90236682418278
4628.0,456857.0,0.8748308649091657
4629.0,448202.0,0.8572952316130592
4630.0,451477.0,0.8625887450117693
4631.0,459506.0,0.8769395625190124
4632.0,460536.0,0.8779124550310563
4633.0,460050.0,0.8759931010549787
4634.0,449971.0,0.8558292463419312
4635.0,444108.0,0.8437176072161897
4636.0,441459.0,0.8377295294676743
4637.0,436630.0,0.8276200753912374
4638.0,445552.0,0.8435657653028215
4639.0,449784.0,0.8506028032404511
4640.0,448433.0,0.8470749335926829
4641.0,459601.0,0.8671733742767898
4642.0,461609.0,0.8699598957162576
4643.0,464341.0,0.8741004186579687
4644.0,462581.0,0.8697827666430095
4645.0,446193.0,0.8379997678179942
4646.0,434865.0,0.8157802907475896
4647.0,429735.0,0.805223799386647
4648.0,429223.0,0.8033328801934827
4649.0,437056.0,0.8170449079385071
4650.0,440327.0,0.8222049507773568
4651.0,436442.0,0.8140047298331669
4652.0,437657.0,0.8153228679197178
4653.0,431671.0,0.8032370775592612
4654.0,425834.0,0.7914548720999344
4655.0,423957.0,0.7870502192357705
4656.0,413073.0,0.765953064837542
4657.0,411053.0,0.7613210435354919
4658.0,416684.0,0.7708528604123139
4659.0,428496.0,0.7917829009384527
4660.0,435413.0,0.8036288023747579
4661.0,429983.0,0.7926843019796503
4662.0,425625.0,0.783738402560857
4663.0,420592.0,0.7735710863717288
4664.0,421903.0,0.7750813650718631
4665.0,427757.0,0.7849238890461402
4666.0,418097.0,0.7663083048839268
4667.0,409406.0,0.7495094330941109
4668.0,403538.0,0.7379112922660744
4669.0,403369.0,0.7367489014990293
4670.0,399317.0,0.7285049677191638
4671.0,389846.0,0.7104050819506685
4672.0,389361.0,0.7087029556526989
4673.0,387658.0,0.7047903726424588
4674.0,387084.0,0.7029371350017583
4675.0,381100.0,0.6912751523813611
4676.0,359741.0,0.651783529828895
4677.0,329322.0,0.5959864542366903
4678.0,305441.0,0.5521358804291064
4679.0,308339.0,0.5567380714766859
4680.0,322150.0,0.5810122498456523
4681.0,332364.0,0.5987516580867586
4682.0,327608.0,0.5895135522283267
4683.0,315780.0,0.5675856936349777
4684.0,310361.0,0.5572146246365122
4685.0,330885.0,0.5933924878806476
4686.0,363528.0,0.6511987005094931
4687.0,381957.0,0.6834424588669913
4688.0,392080.0,0.7007694537914588
4689.0,394034.0,0.70347450969902
4690.0,388579.0,0.6929620145583067
4691.0,376261.0,0.6702487594149495
4692.0,356274.0,0.6339411832470032
4693.0,332893.0,0.5916826988213024
4694.0,314851.0,0.5589977236081372
4695.0,297350.0,0.5273452997860032
4696.0,272976.0,0.4835876837975234
4697.0,271346.0,0.48017473926622306
4698.0,321761.0,0.5687690201204934
4699.0,377579.0,0.6667124530409617
4700.0,401394.0,0.7079969907550059
4701.0,409984.0,0.7223686233395965
4702.0,408984.0,0.7198323794555452
4703.0,395729.0,0.6957572347575314
4704.0,385125.0,0.6763914220010103
4705.0,385696.0,0.6766744967103705
4706.0,386295.0,0.6770080858647228
4707.0,379208.0,0.6638870389394853
4708.0,372428.0,0.6513326111173591
4709.0,368313.0,0.6434625090208385
4710.0,357874.0,0.6245741208107141
4711.0,338870.0,0.5907946687274418
4712.0,309053.0,0.5382549326339667
4713.0,266948.0,0.4644461548850853
4714.0,236776.0,0.4115305627536139
4715.0,267324.0,0.4641519522019548
4716.0,353181.0,0.6126035549774873
4717.0,415812.0,0.7205121633064949
4718.0,431732.0,0.7473479625800595
4719.0,424089.0,0.7333852514251833
4720.0,409180.0,0.7069006407259062
4721.0,387482.0,0.6687543497191507
4722.0,371233.0,0.6400812426070355
4723.0,390165.0,0.6720670954332847
4724.0,427056.0,0.7348984716863977
4725.0,445230.0,0.7654336523330487
4726.0,443374.0,0.7615114300494036
4727.0,437341.0,0.7504330589473193
4728.0,434834.0,0.7454239423271626
4729.0,434129.0,0.7435142059568932
4730.0,432949.0,0.7407990649858947
4731.0,430577.0,0.7360551186302211
4732.0,417698.0,0.7133790891031173
4733.0,395135.0,0.6742246464740235
4734.0,360193.0,0.6140422358068802
4735.0,307658.0,0.5240078313049749
4736.0,276469.0,0.47046288168129
4737.0,341839.0,0.5811827143402739
4738.0,461866.0,0.784552588296725
4739.0,527198.0,0.8947416784534128
4740.0,534933.0,0.9070767658402038
4741.0,523063.0,0.8861807531529694
4742.0,502695.0,0.8509410824068738
4743.0,475740.0,0.8046262362916959
4744.0,470844.0,0.7956721737364754
4745.0,516624.0,0.8723029858996006
4746.0,569850.0,0.9613733067313881
4747.0,591453.0,0.9969963653596475
4748.0,593631.0,0.9998500472293903
4749.0,589066.0,0.9913576980351606
4750.0,583425.0,0.9810762967828109
4751.0,578799.0,0.9725234143448195
4752.0,579315.0,0.9726237446187579
4753.0,586161.0,0.9833499450059554
4754.0,591744.0,0.9919492192611731
4755.0,595831.0,0.9980364768010147
4756.0,598388.0,1.001560784300465
4757.0,599651.0,1.0029228324704464
4758.0,601216.0,1.0047949418255633
4759.0,601257.0,1.004126603344886
4760.0,596591.0,0.9956115727950412
4761.0,586206.0,0.9775791536237979
4762.0,574490.0,0.9573618844615414
4763.0,569468.0,0.9483279568173313
4764.0,573763.0,0.9548187735536211
4765.0,584686.0,0.9723305470635073
4766.0,594894.0,0.9886380463453267
4767.0,600596.0,0.9974482069629739
4768.0,603081.0,1.0009155190318155
4769.0,601919.0,0.9983373671230367
4770.0,594767.0,0.9858418378137178
4771.0,583877.0,0.9671780538841687
4772.0,576659.0,0.9546240517416572
4773.0,580279.0,0.9600235817556708
4774.0,592134.0,0.9790396538150827
4775.0,598341.0,0.9887072981133479
4776.0,599557.0,0.9901285315384115
4777.0,604322.0,0.9974129900514472
4778.0,605732.0,0.9991622521770321
4779.0,596285.0,0.983018314129114
4780.0,586646.0,0.9665834860918678
4781.0,591563.0,0.9741438033488627
4782.0,596784.0,0.9822031068855763
4783.0,591521.0,0.9730151102615409
4784.0,591486.0,0.9724389918721104
4785.0,600404.0,0.9865818315298652
4786.0,603885.0,0.991787330461307
4787.0,600907.0,0.9863918190926761
4788.0,595948.0,0.9777583390686342
4789.0,592164.0,0.9710669596599549
4790.0,597339.0,0.9790730213964783
4791.0,604854.0,0.9909113471121427
4792.0,604485.0,0.989834920807643
4793.0,600277.0,0.9824826361881188
4794.0,597846.0,0.9780506744871313
4795.0,598528.0,0.9787194833347288
4796.0,599196.0,0.9793710369844068
4797.0,596088.0,0.9738591482219539
4798.0,590277.0,0.9639441030904533
4799.0,592205.0,0.966676262808848
4800.0,602050.0,0.9823297302326387
4801.0,608350.0,0.992194244700581
4802.0,608080.0,0.9913455659009043
4803.0,600276.0,0.9782258922705551
4804.0,584758.0,0.9525566462571031
4805.0,575977.0,0.937883424804255
4806.0,582576.0,0.9482611887796162
4807.0,592946.0,0.9647721506806309
4808.0,602183.0,0.9794333078853686
4809.0,606668.0,0.9863629205810327
4810.0,605421.0,0.9839768606746414
4811.0,602434.0,0.9787709925901322
4812.0,601114.0,0.976281589441871
4813.0,598449.0,0.9716155306596035
4814.0,588275.0,0.9547707804077779
4815.0,584329.0,0.9480471676050858
4816.0,596056.0,0.9667533217561213
4817.0,604987.0,0.9809187990448416
4818.0,605575.0,0.9815572500114859
4819.0,603442.0,0.9777912897218954
4820.0,601754.0,0.9747534337982448
4821.0,599673.0,0.9710858835475256
4822.0,591229.0,0.9571244396293908
4823.0,577519.0,0.9346534980443407
4824.0,572161.0,0.9257131137948842
4825.0,580941.0,0.9396499531740893
4826.0,588990.0,0.9524012745778343
4827.0,592763.0,0.9582374962956483
4828.0,597040.0,0.9648894396187978
4829.0,600840.0,0.9707714872045995
4830.0,601066.0,0.9708818026389039
4831.0,593029.0,0.9576528467909675
4832.0,584973.0,0.944404161457182
4833.0,584410.0,0.9432601950207339
4834.0,586748.0,0.9468019874825152
4835.0,589583.0,0.9511478272354237
4836.0,594418.0,0.9587212873731538
4837.0,597246.0,0.963058837246548
4838.0,593476.0,0.9567614357094825
4839.0,585414.0,0.9435529744918645
4840.0,582307.0,0.9383386519530593
4841.0,583453.0,0.939982110249828
4842.0,579471.0,0.9333686568641005
4843.0,577888.0,0.9306248269043533
4844.0,589762.0,0.9495521626809842
4845.0,597744.0,0.9622102007655028
4846.0,592710.0,0.953918473489007
4847.0,589494.0,0.9485587327172083
4848.0,587937.0,0.9458733674547116
4849.0,589301.0,0.9478907001038706
4850.0,596668.0,0.9595645544318855
4851.0,593965.0,0.9550456570586608
4852.0,585953.0,0.941996588806137
4853.0,584944.0,0.9402114210033685
4854.0,585541.0,0.9410108201022683
4855.0,585981.0,0.9415606164586326
4856.0,588384.0,0.9452667705906079
4857.0,591597.0,0.9502756625664917
4858.0,589156.0,0.9462052467016787
4859.0,569621.0,0.9146895442535597
4860.0,526487.0,0.8452969456319
4861.0,485015.0,0.7785956408813144
4862.0,505103.0,0.8107241263623074
4863.0,563307.0,0.9040153967345399
4864.0,592986.0,0.9515109781194523
4865.0,597420.0,0.9584929784275671
4866.0,598131.0,0.9595031661198444
4867.0,600575.0,0.9632951117154883
4868.0,606978.0,0.9734376128762935
4869.0,609238.0,0.9769363281873981
4870.0,594481.0,0.9531524551767965
4871.0,574092.0,0.9203478310646576
4872.0,576416.0,0.9239609102957664
4873.0,597826.0,0.9581651817780718
4874.0,605103.0,0.9697143612688883
4875.0,596427.0,0.9557001369923027
4876.0,596516.0,0.9557342589688016
4877.0,601364.0,0.9633942203716244
4878.0,598865.0,0.9592855936899827
4879.0,603718.0,0.9669550764728045
4880.0,610044.0,0.9769836491822078
4881.0,603136.0,0.9658198017968397
4882.0,599206.0,0.9594281546407453
4883.0,599752.0,0.9602054606957702
4884.0,596070.0,0.954215745911025
4885.0,595465.0,0.9531539784968872
4886.0,596226.0,0.9542801425808117
4887.0,600968.0,0.9617785596861149
4888.0,606056.0,0.9698305497290144
4889.0,603760.0,0.9660672816912499
4890.0,590766.0,0.9451897613032488
4891.0,579034.0,0.9263360899835831
4892.0,595519.0,0.9526242768772607
4893.0,621598.0,0.9942546090263202
4894.0,631543.0,1.0100744054424553
4895.0,629946.0,1.0074340633385017
4896.0,624355.0,0.9984082905951572
4897.0,624216.0,0.99810249772611
4898.0,626356.0,1.0014413312753616
4899.0,620755.0,0.9924048053457939
4900.0,612055.0,0.978416482717589
4901.0,608913.0,0.9733152418622576
4902.0,608103.0,0.9719426862466746
4903.0,609880.0,0.9747053987373453
4904.0,615208.0,0.9831428743472643
4905.0,618839.0,0.988867730255281
4906.0,614906.0,0.9825061719791596
4907.0,610760.0,0.9758055956695575
4908.0,613059.0,0.9794026153906542
4909.0,610654.0,0.9754848846376981
4910.0,601829.0,0.9613130902301779
4911.0,593656.0,0.9481849194665767
4912.0,594219.0,0.9490108058630886
4913.0,604485.0,0.9653317071319389
4914.0,616200.0,0.9839637707390793
4915.0,626474.0,1.0002919262672254
4916.0,626630.0,1.0004631408955558
4917.0,617718.0,0.9861574029025211
4918.0,608433.0,0.9712581249364209
4919.0,597096.0,0.9530853836030464
4920.0,589960.0,0.9416201749207277
4921.0,589771.0,0.9412433336395372
4922.0,593703.0,0.9474423631650579
4923.0,591652.0,0.944092763413578
4924.0,593430.0,0.9468524309626636
4925.0,611377.0,0.9754073727956183
4926.0,618495.0,0.9866813258920147
4927.0,610530.0,0.9738927185267294
4928.0,615748.0,0.9821325478646472
4929.0,630746.0,1.005967956852514
4930.0,632152.0,1.0081223553964591
4931.0,616082.0,0.9824079062417627
4932.0,594337.0,0.947648289209355
4933.0,577988.0,0.9214967005897903
4934.0,574413.0,0.9157126336045105
4935.0,585350.0,0.9330608365450512
4936.0,584154.0,0.9310660048572786
4937.0,577145.0,0.9198058926831403
4938.0,579558.0,0.9235610789415687
4939.0,580700.0,0.9252888263194883
4940.0,586638.0,0.9346558714439335
4941.0,590913.0,0.9413701057270761
4942.0,600428.0,0.9564281187024465
4943.0,623702.0,0.9933957118271295
4944.0,637030.0,1.0145137870229377
4945.0,629319.0,1.0021229054239815
4946.0,616225.0,0.9811618712760265
4947.0,624793.0,0.9946901350742606
4948.0,640926.0,1.0202554607266627
4949.0,638024.0,1.0155153380783684
4950.0,619974.0,0.9866665553204133
4951.0,610667.0,0.9717349897751874
4952.0,623238.0,0.9916142232365924
4953.0,636464.0,1.0125280144771167
4954.0,631980.0,1.0052633380536615
4955.0,617092.0,0.9814510167828243
4956.0,597146.0,0.9495991489425869
4957.0,581688.0,0.9248894322665776
4958.0,587909.0,0.9346490454775618
4959.0,608648.0,0.9674804535787008
4960.0,617612.0,0.9815852852796481
4961.0,618529.0,0.9828957107400316
4962.0,625214.0,0.9933672735526657
4963.0,630098.0,1.0009715430269492
4964.0,628695.0,0.9985844128647897
4965.0,618336.0,0.9819719906692342
4966.0,616442.0,0.9788027952177967
4967.0,623658.0,0.9900941278766896
4968.0,630355.0,1.0005545382566896
4969.0,628667.0,0.9977008679509238
4970.0,613620.0,0.9736476821163575
4971.0,613209.0,0.9728188677923101
4972.0,629729.0,0.9988419305745123
4973.0,633724.0,1.0049889310284783
4974.0,617313.0,0.9787753521038913
4975.0,609418.0,0.9660681955160938
4976.0,624096.0,0.9891388227949836
4977.0,637332.0,1.0099115958835614
4978.0,629365.0,0.9970810413877331
4979.0,612271.0,0.9697957071455467
4980.0,614233.0,0.9726954332185007
4981.0,616282.0,0.9757281928888705
4982.0,601165.0,0.9515841081149634
4983.0,587534.0,0.929799074661018
4984.0,595665.0,0.9424521304764412
4985.0,614745.0,0.9724154310924308
4986.0,616136.0,0.9743871667156213
4987.0,604393.0,0.9555888042162993
4988.0,599434.0,0.9475195661332626
4989.0,610095.0,0.9641353484557439
4990.0,608040.0,0.9606495039227574
4991.0,586993.0,0.9271640026155358
4992.0,578121.0,0.912918008490346
4993.0,588406.0,0.9289195039601379
4994.0,595888.0,0.9404856365649377
4995.0,601683.0,0.9493806890940644
4996.0,603291.0,0.9516630747617054
4997.0,599981.0,0.9461852897277838
4998.0,601408.0,0.9481757149445843
4999.0,591376.0,0.9321007847309724
5000.0,582234.0,0.917434185388524
5001.0,580608.0,0.9146126080408972
5002.0,583449.0,0.9188244075253035
5003.0,594478.0,0.9359216989318152
5004.0,603615.0,0.9500282445080389
5005.0,579149.0,0.9112514566695534
5006.0,552474.0,0.8690202074543207
5007.0,563556.0,0.8861839857462834
5008.0,584409.0,0.9186946663772032
5009.0,578242.0,0.9087200517981799
5010.0,569979.0,0.8954559348100078
5011.0,573303.0,0.9003952172329047
5012.0,571658.0,0.8975271085547456
5013.0,564752.0,0.8864007647665422
5014.0,556036.0,0.8724389563932251
5015.0,566019.0,0.8878133901903509
5016.0,574048.0,0.9001112438135711
5017.0,554646.0,0.8694005784656139
5018.0,536138.0,0.8401086609182475
5019.0,550760.0,0.862729951059631
5020.0,568813.0,0.890706040676832
5021.0,568365.0,0.8896996220819501
5022.0,565088.0,0.884264447867753
5023.0,568309.0,0.8889952180436373
5024.0,569154.0,0.8900047306950429
5025.0,569303.0,0.8899230481404579
5026.0,567114.0,0.8861855143751672
5027.0,562726.0,0.8790132060617188
5028.0,570498.0,0.8908314414589524
5029.0,576262.0,0.8995043035375672
5030.0,553853.0,0.8642084271452478
5031.0,543799.0,0.8482072626787398
5032.0,560796.0,0.874393602780023
5033.0,556684.0,0.8676572065290387
5034.0,533764.0,0.8316201310878238
5035.0,542269.0,0.8445506032939814
5036.0,565349.0,0.8801600008051768
5037.0,553346.0,0.8611420574431999
5038.0,535273.0,0.8326937816774065
5039.0,544058.0,0.846030625186082
5040.0,529749.0,0.8234569085712237
5041.0,498927.0,0.7752406628606302
5042.0,512043.0,0.7953050516934527
5043.0,544745.0,0.8457603160387099
5044.0,554275.0,0.8602111469904168
5045.0,551120.0,0.8549695757695666
5046.0,549410.0,0.8519708960150537
5047.0,549848.0,0.8523021117656985
5048.0,552328.0,0.8557949186397433
5049.0,547614.0,0.8481407608674899
5050.0,545688.0,0.844807138818706
5051.0,544827.0,0.8431223636301342
5052.0,521075.0,0.806027919030505
5053.0,505508.0,0.7816184358528835
5054.0,532207.0,0.8225519161365561
5055.0,538067.0,0.8312547435972216
5056.0,510676.0,0.7886010437647017
5057.0,521598.0,0.8051207543805063
5058.0,540226.0,0.8335139722111933
5059.0,520633.0,0.802935191238684
5060.0,509090.0,0.7847907468002806
5061.0,518036.0,0.7982315186517285
5062.0,515986.0,0.7947226611340867
5063.0,501462.0,0.7720111754351447
5064.0,493002.0,0.7586496468958894
5065.0,512055.0,0.7876175023369943
5066.0,524550.0,0.8064750996034725
5067.0,500279.0,0.7688132023770373
5068.0,497201.0,0.7637376714102617
5069.0,500418.0,0.7683303371020147
5070.0,486944.0,0.7473019304680605
5071.0,499335.0,0.765967451295654
5072.0,503447.0,0.7719203481027518
5073.0,488414.0,0.7485252791179507
5074.0,495080.0,0.7583900114592443
5075.0,506013.0,0.7747774596844257
5076.0,495589.0,0.75846278503251
5077.0,478544.0,0.7320336594280848
5078.0,489852.0,0.7489793910566489
5079.0,501325.0,0.7661598850618184
5080.0,491819.0,0.7512762833733104
5081.0,495107.0,0.7559395122643863
5082.0,478266.0,0.7298781643552109
5083.0,458928.0,0.7000315131641844
5084.0,478649.0,0.7297626967304058
5085.0,496770.0,0.7570257237295409
5086.0,493783.0,0.7521102269441649
5087.0,487938.0,0.7428470537024944
5088.0,492507.0,0.7494383297882976
5089.0,489610.0,0.7446665362021438
5090.0,490099.0,0.7450454761017065
5091.0,477296.0,0.7252262536531261
5092.0,455429.0,0.6916597743413598
5093.0,453218.0,0.687962026224088
5094.0,450666.0,0.6837494088534882
5095.0,434025.0,0.6581746451883004
5096.0,416155.0,0.6307614456987993
5097.0,398586.0,0.6038305469236531
5098.0,404245.0,0.6120968089333414
5099.0,445475.0,0.6741873893681312
5100.0,465970.0,0.704849657764568
5101.0,463264.0,0.7004026210743088
5102.0,464579.0,0.7020352054713954
5103.0,453362.0,0.6847372900144849
5104.0,447659.0,0.6757797595880064
5105.0,447795.0,0.6756403076227144
5106.0,431413.0,0.650590104033426
5107.0,417618.0,0.6294638870190917
5108.0,407414.0,0.6137682537609219
5109.0,398026.0,0.5993165393943543
5110.0,396230.0,0.5963044033719634
5111.0,402488.0,0.6054090931057873
5112.0,427661.0,0.6429400785157111
5113.0,444423.0,0.6677928151715727
5114.0,442163.0,0.6640510987824606
5115.0,437603.0,0.6568599875600777
5116.0,421792.0,0.6327961206833407
5117.0,414377.0,0.621346145530492
5118.0,411794.0,0.6171490001834196
5119.0,399624.0,0.5985951383436657
5120.0,388053.0,0.5809568030812091
5121.0,382544.0,0.5724070028257444
5122.0,386413.0,0.5778905601786872
5123.0,381126.0,0.5696818252169599
5124.0,369444.0,0.5519273508221463
5125.0,352703.0,0.5266372393407964
5126.0,324769.0,0.48466951371189765
5127.0,285862.0,0.426379094159579
5128.0,241912.0,0.3606324900463707
5129.0,244800.0,0.3647425642279738
5130.0,318438.0,0.47420611972124654
5131.0,401667.0,0.5978266868919839
5132.0,439618.0,0.6539599360552147
5133.0,450663.0,0.6700292632798842
5134.0,447851.0,0.6654896004377663
5135.0,440152.0,0.653696163026471
5136.0,431046.0,0.6398262999937141
5137.0,422329.0,0.6265478912757431
5138.0,417699.0,0.6193432363861876
5139.0,418150.0,0.6196755513240726
5140.0,418374.0,0.619670688958195
5141.0,412789.0,0.6110659780997225
5142.0,408110.0,0.6038105129675048
5143.0,415338.0,0.6141695433030798
5144.0,421973.0,0.623640317403385
5145.0,415346.0,0.6135107944882644
5146.0,407701.0,0.6018889344828314
5147.0,403313.0,0.5950849504381022
5148.0,399612.0,0.5893010244490223
5149.0,400977.0,0.5909895981132247
5150.0,403930.0,0.595015066232682
5151.0,406022.0,0.5977680275386457
5152.0,407885.0,0.600180534645185
5153.0,395600.0,0.5817833776640369
5154.0,381842.0,0.5612409894587436
5155.0,387040.0,0.5685674703995445
5156.0,394140.0,0.5786779858765855
5157.0,389528.0,0.57159082266773
5158.0,376520.0,0.5521976654043357
5159.0,365875.0,0.5362891875823692
5160.0,347043.0,0.5084043175053463
5161.0,302929.0,0.4435333500268924
5162.0,240861.0,0.3524611570857815
5163.0,178751.0,0.26142822355608186
5164.0,164135.0,0.2399187987856032
5165.0,272594.0,0.3982340018213502
5166.0,450049.0,0.657113968837334
5167.0,548774.0,0.800816792059164
5168.0,581178.0,0.847632217375024
5169.0,612615.0,0.8929856227981483
5170.0,648586.0,0.9448935274900409
5171.0,651827.0,0.9490870176618501
5172.0,628256.0,0.9142577289496066
5173.0,631017.0,0.917764587089532
5174.0,665382.0,0.967207073748508
5175.0,693754.0,1.0078874582784232
5176.0,703732.0,1.0218141611513325
5177.0,705873.0,1.024352006992009
5178.0,707000.0,1.025415943852442
5179.0,707883.0,1.0261246146716605
5180.0,707445.0,1.0249183120672216
5181.0,703459.0,1.0185756597988065
5182.0,686691.0,0.9937423120698405
5183.0,654937.0,0.9472614689318578
5184.0,646822.0,0.9350031021386038
5185.0,668390.0,0.9656419956400165
5186.0,683369.0,0.9867324785802346
5187.0,688000.0,0.9928658160051568
5188.0,678526.0,0.9786482256054151
5189.0,674297.0,0.9720069735496656
5190.0,684908.0,0.9867530272079754
5191.0,679686.0,0.9786844220625378
5192.0,664165.0,0.9558032721396011
5193.0,666296.0,0.9583363686529375
5194.0,675406.0,0.9708988366746479
5195.0,678021.0,0.974115797710004
5196.0,686574.0,0.9858554726680362
5197.0,690006.0,0.9902328509742393
5198.0,687746.0,0.9864412732061809
5199.0,692784.0,0.9931157582750869
5200.0,697427.0,0.9992170454086933
5201.0,696224.0,0.9969407309181815
5202.0,691471.0,0.9895866773164205
5203.0,685389.0,0.9803401581806885
5204.0,668142.0,0.9551432977574285
5205.0,649874.0,0.9285159082625377
5206.0,653373.0,0.9330010989113222
5207.0,668312.0,0.9538089671926707
5208.0,669154.0,0.9544865293836347
5209.0,672493.0,0.9587238186465936
5210.0,684459.0,0.9752493718053542
5211.0,692759.0,0.9865370599098293
5212.0,702720.0,1.0001774332866498
5213.0,712663.0,1.01377834090068
5214.0,712926.0,1.0136029980948815
5215.0,699238.0,0.9936048330079905
5216.0,684503.0,0.9721424345101043
5217.0,688762.0,0.9776654165088459
5218.0,705800.0,1.0013132042299724
5219.0,716030.0,1.0152837483556019
5220.0,717281.0,1.0165159754589213
5221.0,717138.0,1.015773896618701
5222.0,718084.0,1.0165758444872401
5223.0,718246.0,1.0162692716553408
5224.0,712583.0,1.0077270666285456
5225.0,691479.0,0.977370489005577
5226.0,651346.0,0.9201648423706498
5227.0,633187.0,0.8940472241261833
5228.0,668112.0,0.9428731686287014
5229.0,703344.0,0.9920836801464611
5230.0,712227.0,1.0040988502394042
5231.0,710932.0,1.0017622168943792
5232.0,700040.0,0.9859140278296274
5233.0,687941.0,0.9683850388182926
5234.0,690277.0,0.9711852497588216
5235.0,702121.0,0.9873555453734366
5236.0,713846.0,1.0033448609704876
5237.0,717429.0,1.0078825092608712
5238.0,715446.0,1.0046026841908582
5239.0,711033.0,0.9979182479897218
5240.0,710056.0,0.9960629950402462
5241.0,715115.0,1.0026754464926855
5242.0,718102.0,1.0063805464117745
5243.0,718745.0,1.0068015607476561
5244.0,719201.0,1.0069632962700914
5245.0,716871.0,1.0032290018033518
5246.0,712414.0,0.996526011698571
5247.0,709582.0,0.9921043555688166
5248.0,711344.0,0.9941100889377172
5249.0,709581.0,0.9911932257545526
5250.0,701894.0,0.9800109693118149
5251.0,702194.0,0.9799888347580847
5252.0,709717.0,0.9900460613809027
5253.0,712454.0,0.9934243432123586
5254.0,707527.0,0.986121405273907
5255.0,702688.0,0.9789509972500503
5256.0,708289.0,0.9863286190601368
5257.0,715696.0,0.9962174575994892
5258.0,717170.0,0.9978466805140133
5259.0,716043.0,0.9958609434863535
5260.0,713474.0,0.991876079748986
5261.0,705440.0,0.9803040919636333
5262.0,694374.0,0.9645338604423871
5263.0,689416.0,0.9572613614353233
5264.0,688453.0,0.9555435536661174
5265.0,685720.0,0.9513754186864556
5266.0,682362.0,0.9463478241407487
5267.0,688260.0,0.954160162194048
5268.0,684261.0,0.9482553654975829
5269.0,649603.0,0.8998876977352681
5270.0,631615.0,0.8746444115854434
5271.0,665471.0,0.9211896991350589
5272.0,698512.0,0.9665776169659435
5273.0,702374.0,0.971574961692207
5274.0,701783.0,0.9704158506536612
5275.0,700046.0,0.967678112002221
5276.0,699352.0,0.9663882431715377
5277.0,710122.0,0.9809400404477202
5278.0,719935.0,0.9941654951009309
5279.0,722570.0,0.997478352217805
5280.0,718353.0,0.9913383172712308
5281.0,709535.0,0.9788598994177479
5282.0,704841.0,0.9720820628237461
5283.0,702132.0,0.9680503468442871
5284.0,701590.0,0.9670130871500842
5285.0,711537.0,0.9804346099913022
5286.0,720373.0,0.9923232842359548
5287.0,721819.0,0.9940337387174759
5288.0,722577.0,0.9948016240085316
5289.0,724206.0,0.9967735559891242
5290.0,725532.0,0.9983332239953957
5291.0,726307.0,0.9991398861347001
5292.0,725039.0,0.9971422660874038
5293.0,721174.0,0.9915808023233179
5294.0,719293.0,0.9887552465555314
5295.0,720434.0,0.9900901445211744
5296.0,717834.0,0.9862904049957097
5297.0,711369.0,0.9771892205941307
5298.0,709851.0,0.974892223874894
5299.0,716826.0,0.9842639649670533
5300.0,719504.0,0.987739120824448
5301.0,712030.0,0.9772852492004984
5302.0,708452.0,0.9721881429743428
5303.0,717843.0,0.9848930000477735
5304.0,728500.0,0.9993364038638699
5305.0,728521.0,0.9991937365656187
5306.0,720439.0,0.9879460948295825
5307.0,712412.0,0.9767841918425196
5308.0,713032.0,0.9774864833510409
5309.0,721283.0,0.9886550450705766
5310.0,725908.0,0.9948579085716621
5311.0,727859.0,0.9974018572490877
5312.0,730838.0,1.0013607466338552
5313.0,726500.0,0.9953015900153955
5314.0,717322.0,0.9826209123789629
5315.0,711071.0,0.9739591762225203
5316.0,703134.0,0.9629971643935918
5317.0,705245.0,0.9658045840144863
5318.0,718999.0,0.9845620914764476
5319.0,721615.0,0.988073427034084
5320.0,714915.0,0.9788366301379587
5321.0,716677.0,0.9811936443359804
5322.0,724529.0,0.9918953024241144
5323.0,720759.0,0.9866935906221325
5324.0,707864.0,0.9690085972396333
5325.0,704181.0,0.9639424444151187
5326.0,702197.0,0.9612098631825633
5327.0,677952.0,0.9280131320129685
5328.0,649123.0,0.8885494557358258
5329.0,667904.0,0.9142639941762539
5330.0,706669.0,0.9673422047084997
5331.0,720717.0,0.9865951419075005
5332.0,717774.0,0.9825974967299771
5333.0,714882.0,0.9786776216040768
5334.0,717516.0,0.9823311577037568
5335.0,718846.0,0.9842080646496165
5336.0,711520.0,0.9742414969929364
5337.0,706642.0,0.9676340956777187
5338.0,714027.0,0.9778276955838234
5339.0,712191.0,0.9754027393153453
5340.0,696067.0,0.9534153935986848
5341.0,694773.0,0.9517470426274022
5342.0,713737.0,0.9778408899892551
5343.0,726877.0,0.9959698905553149
5344.0,727311.0,0.9967005223306094
5345.0,721179.0,0.9884411703952194
5346.0,714116.0,0.978912215290812
5347.0,713708.0,0.9785134809457534
5348.0,715350.0,0.9809348353924304
5349.0,716441.0,0.9826105614785746
5350.0,722423.0,0.9910055864304976
5351.0,728919.0,1.0001185952969802
5352.0,727211.0,0.9979862205785219
5353.0,721377.0,0.9901989946366352
5354.0,719578.0,0.9879577926350221
5355.0,721801.0,0.9912486029441675
5356.0,726841.0,0.998420342574232
5357.0,729514.0,1.0023533825655704
5358.0,726217.0,0.9980935000460148
5359.0,719530.0,0.9891808514508107
5360.0,715699.0,0.9842005556736287
5361.0,717792.0,0.9873762200029951
5362.0,718572.0,0.9887571971203876
5363.0,716539.0,0.9862770024850799
5364.0,713335.0,0.9821924804947273
5365.0,704224.0,0.9699784549765866
5366.0,699067.0,0.963213059400891
5367.0,704869.0,0.9715569666583411
5368.0,714876.0,0.985713678314228
5369.0,715610.0,0.9870984844556316
5370.0,695589.0,0.9598525511250219
5371.0,662289.0,0.9142620915739722
5372.0,659402.0,0.9106433210888221
5373.0,695906.0,0.9614505002360201
5374.0,723375.0,0.999819208655006
5375.0,727366.0,1.0057634353671667
5376.0,717255.0,0.9922119028467401
5377.0,705852.0,0.9768672271506057
5378.0,704975.0,0.9760893880523648
5379.0,708395.0,0.9812692577163167
5380.0,706188.0,0.9786617596223682
5381.0,703254.0,0.9750496433399646
5382.0,697363.0,0.9673378996309574
5383.0,690033.0,0.9576270501991184
5384.0,698647.0,0.970049606671116
5385.0,718002.0,0.9974098701713731
5386.0,726591.0,1.0098387860865405
5387.0,721089.0,1.0026907165169583
5388.0,709528.0,0.9871103808992103
5389.0,705736.0,0.9823321940463615
5390.0,712415.0,0.9921351941064035
5391.0,718549.0,1.0011924258762022
5392.0,713182.0,0.994229114755812
5393.0,703115.0,0.9807060984151956
5394.0,701905.0,0.9795320068660723
5395.0,697304.0,0.973624531081473
5396.0,679606.0,0.9494165217703664
5397.0,668383.0,0.9342353124448055
5398.0,679566.0,0.9503745588437948
5399.0,695790.0,0.9735863840877759
5400.0,706467.0,0.989058797457269
5401.0,709765.0,0.9942129191350966
5402.0,704748.0,0.9877199767780088
5403.0,691763.0,0.9700473791225291
5404.0,680758.0,0.9551341433054954
5405.0,677548.0,0.9511476713182268
5406.0,675965.0,0.9494421751918749
5407.0,681494.0,0.9577294379846768
5408.0,684271.0,0.962155759657101
5409.0,684572.0,0.9631028922135118
5410.0,690512.0,0.971987869590846
5411.0,701655.0,0.988209328053835
5412.0,700176.0,0.9866606371382239
5413.0,686362.0,0.9677173203628733
5414.0,687774.0,0.9702308473017186
5415.0,701478.0,0.9900945194623456
5416.0,710094.0,1.0027919837924466
5417.0,705374.0,0.996657397797099
5418.0,687044.0,0.9712730932235847
5419.0,674095.0,0.9534701250997266
5420.0,687829.0,0.9734067580176253
5421.0,708387.0,1.003023147257232
5422.0,714328.0,1.0119593033446683
5423.0,692840.0,0.9820231456964446
5424.0,667002.0,0.9458833814637246
5425.0,677696.0,0.9615353479509026
5426.0,704724.0,1.0003854019464342
5427.0,712098.0,1.0113558091933725
5428.0,687193.0,0.9764650952438476
5429.0,645674.0,0.9179157955095532
5430.0,641250.0,0.9120656981874358
5431.0,678911.0,0.9660916634376502
5432.0,696035.0,0.9909249189547159
5433.0,670725.0,0.9553349746435625
5434.0,646928.0,0.9218619002650822
5435.0,653458.0,0.9315870577492579
5436.0,675010.0,0.9627395873212388
5437.0,691565.0,0.9867823752498994
5438.0,696934.0,0.9948705531004093
5439.0,695710.0,0.9935423842555137
5440.0,690685.0,0.9867746406943781
5441.0,685860.0,0.9802790008794625
5442.0,688408.0,0.9843119530255461
5443.0,693033.0,0.9913103488198688
5444.0,690227.0,0.9876718684049727
5445.0,675166.0,0.9664788412476234
5446.0,651844.0,0.9334314471661042
5447.0,637509.0,0.9132251409142956
5448.0,657729.0,0.9425122805240682
5449.0,688767.0,0.9873166072124212
5450.0,703337.0,1.008526112191762
5451.0,693405.0,0.9945934652745294
5452.0,681123.0,0.9772696191291004
5453.0,689652.0,0.98979266841741
5454.0,689191.0,0.9894053683562891
5455.0,661286.0,0.9495970769011421
5456.0,639143.0,0.9180329892931042
5457.0,655128.0,0.9412204371266859
5458.0,683662.0,0.9824403293651252
5459.0,693828.0,0.9972651112674916
5460.0,691388.0,0.9939604512044548
5461.0,680714.0,0.9788016792449855
5462.0,668510.0,0.9614238063330135
5463.0,675030.0,0.9709593655981138
5464.0,688822.0,0.9909459711426476
5465.0,679976.0,0.9783525893578418
5466.0,667662.0,0.9607515648319945
5467.0,666365.0,0.9589877217291715
5468.0,666132.0,0.9587413066303491
5469.0,663467.0,0.9549807882173833
5470.0,675641.0,0.9725667330378053
5471.0,692946.0,0.9975275504038783
5472.0,681772.0,0.9814785099037877
5473.0,666186.0,0.9590634584377705
5474.0,673704.0,0.9698963087460684
5475.0,683147.0,0.9834875394275088
5476.0,669659.0,0.9640535276827594
5477.0,646895.0,0.931254209482707
5478.0,652717.0,0.9395950456667549
5479.0,681721.0,0.9812918196172503
5480.0,697459.0,1.00387657958221
5481.0,681910.0,0.9814163822232872
5482.0,658017.0,0.9469400445700735
5483.0,662371.0,0.9531041789351081
5484.0,674466.0,0.970392521656923
5485.0,673717.0,0.969187649621922
5486.0,668843.0,0.9620380690516275
5487.0,654521.0,0.9412914954692319
5488.0,647802.0,0.9314727062863846
5489.0,658936.0,0.9473124761417522
5490.0,660092.0,0.9487932518575733
5491.0,649597.0,0.9335190807538317
5492.0,638867.0,0.9179028980701619
5493.0,639455.0,0.9185407899514288
5494.0,658220.0,0.9452720927433904
5495.0,664119.0,0.9535075818948793
5496.0,630500.0,0.9050051521742124
5497.0,599101.0,0.8597041128817808
5498.0,612912.0,0.8792764051866513
5499.0,637965.0,0.9149510733353415
5500.0,631084.0,0.9048099132924556
5501.0,604299.0,0.866137238771432
5502.0,617093.0,0.8841901140310534
5503.0,657670.0,0.9420172651266534
5504.0,671396.0,0.9613488817633217
5505.0,655114.0,0.9377051543763747
5506.0,632598.0,0.9051491295112631
5507.0,640258.0,0.9157692251807262
5508.0,661430.0,0.9456915031615275
5509.0,666577.0,0.9526785814082364
5510.0,652385.0,0.9320226944998937
5511.0,645321.0,0.921553981223264
5512.0,660650.0,0.9430505053522031
5513.0,672636.0,0.9597503395957998
5514.0,657835.0,0.9382227802564987
5515.0,640880.0,0.913635097310955
5516.0,658645.0,0.9385356967436836
5517.0,671776.0,0.9568052613940365
5518.0,655683.0,0.9334456930896903
5519.0,637910.0,0.9077098421055173
5520.0,644444.0,0.9165619273260636
5521.0,658670.0,0.9363324015107524
5522.0,656918.0,0.9333735068072433
5523.0,634838.0,0.9015421002435466
5524.0,621143.0,0.8816377684537091
5525.0,636314.0,0.9026976680213598
5526.0,637987.0,0.9045898936522329
5527.0,612325.0,0.8677363991469504
5528.0,604551.0,0.8562520116695037
5529.0,629009.0,0.8904003551190453
5530.0,644091.0,0.91123946359089
5531.0,636038.0,0.8993365594705706
5532.0,623208.0,0.8806903261167915
5533.0,627312.0,0.8859760859443725
5534.0,637012.0,0.8991485442584779
5535.0,629073.0,0.8874166781131286
5536.0,611348.0,0.8618964260804455
5537.0,606134.0,0.854029079970828
5538.0,598745.0,0.8431032820436252
5539.0,571641.0,0.8044417600350641
5540.0,558686.0,0.7857220204689985
5541.0,597114.0,0.8392394347216313
5542.0,646033.0,0.9074202557583131
5543.0,658586.0,0.9244620681478357
5544.0,648701.0,0.91000075550801
5545.0,656791.0,0.9207521936105396
5546.0,663300.0,0.9292697533515962
5547.0,647829.0,0.9069979957476728
5548.0,636453.0,0.8904804141179046
5549.0,651693.0,0.9111947032413397
5550.0,663521.0,0.9271093380678853
5551.0,643806.0,0.8989541919149325
5552.0,633863.0,0.8844684803144044
5553.0,656360.0,0.9152330406153208
5554.0,661641.0,0.9219616929472404
5555.0,635948.0,0.8855462858513228
5556.0,633676.0,0.8817682783536755
5557.0,655727.0,0.9118139668115463
5558.0,648200.0,0.9007133961243494
5559.0,630902.0,0.8760571337686104
5560.0,644824.0,0.8947530966297871
5561.0,649659.0,0.9008190789517706
5562.0,626331.0,0.8678502289735512
5563.0,629036.0,0.8709712962172361
5564.0,651018.0,0.9007568269293942
5565.0,638065.0,0.8821948529187111
5566.0,618388.0,0.8543671410909712
5567.0,632579.0,0.8733353625559074
5568.0,635453.0,0.8766605325905511
5569.0,618329.0,0.8524097014257375
5570.0,626438.0,0.8629520424830703
5571.0,635092.0,0.8742267810535898
5572.0,610242.0,0.8393973705279846
5573.0,601719.0,0.8270589692283197
5574.0,616122.0,0.8462251958199719
5575.0,602664.0,0.8271233126442313
5576.0,585716.0,0.8032619875550313
5577.0,600253.0,0.8225815602636276
5578.0,610959.0,0.8366246077761305
5579.0,609774.0,0.8343742435026597
5580.0,621206.0,0.8493771557976708
5581.0,611992.0,0.836148093046258
5582.0,578271.0,0.7894797932385533
5583.0,553590.0,0.7552133503235334
5584.0,526374.0,0.7175420954233652
5585.0,531904.0,0.7245318930101363
5586.0,605656.0,0.8243684839413705
5587.0,655185.0,0.8911078360070459
5588.0,661039.0,0.8983886602821229
5589.0,677714.0,0.9203530280247001
5590.0,682035.0,0.9255192432911185
5591.0,685751.0,0.9298568235236838
5592.0,697606.0,0.945215350879181
5593.0,683618.0,0.9255611231640563
5594.0,677647.0,0.9167826087735669
5595.0,680929.0,0.9205261456418339
5596.0,678631.0,0.9167263370229314
5597.0,683278.0,0.922306943949431
5598.0,671938.0,0.9063159529201351
5599.0,668250.0,0.9006626854022806
5600.0,679291.0,0.9148550460520958
5601.0,676373.0,0.9102410187546355
5602.0,675997.0,0.9090528925731128
5603.0,672196.0,0.9032648895571773
5604.0,676282.0,0.908076579923652
5605.0,682607.0,0.9158861450781316
5606.0,680243.0,0.9120352958818115
5607.0,678032.0,0.9083962221973729
5608.0,668907.0,0.8955075001057037
5609.0,666019.0,0.8909827618037096
5610.0,664471.0,0.8882573123386313
5611.0,668291.0,0.8927078903074832
5612.0,670638.0,0.8951872473745563
5613.0,668680.0,0.8919223360196169
5614.0,656719.0,0.8753310156094783
5615.0,639470.0,0.8517223329774025
5616.0,635509.0,0.8458353410711943
5617.0,646033.0,0.8592237352654506
5618.0,648710.0,0.8621658529986154
5619.0,646265.0,0.8583033115562302
5620.0,646852.0,0.8584723447628134
5621.0,645926.0,0.8566368048648352
5622.0,638513.0,0.8462090701023074
5623.0,625810.0,0.8287925343548618
5624.0,609740.0,0.8069467748171496
5625.0,602771.0,0.7971699866229349
5626.0,623998.0,0.8246729089562201
5627.0,651740.0,0.8607448710830713
5628.0,657779.0,0.8681269646848291
5629.0,655307.0,0.8642768922030464
5630.0,649090.0,0.8554991550171097
5631.0,631966.0,0.8323705621448183
5632.0,603707.0,0.794619728283353
5633.0,558691.0,0.7348805978979583
5634.0,509468.0,0.6696931756011864
5635.0,524403.0,0.6888741827170782
5636.0,629815.0,0.8268095468963057
5637.0,723843.0,0.9496347674170623
5638.0,756426.0,0.9917460135985195
5639.0,759966.0,0.9957539768704462
5640.0,759185.0,0.9941032648877288
5641.0,758320.0,0.9923492591972569
5642.0,759678.0,0.9935093315006335
5643.0,763261.0,0.9975807900030598
5644.0,765223.0,0.9995347739853385
5645.0,764282.0,0.9977017507418239
5646.0,763089.0,0.9955472298285956
5647.0,766025.0,0.9987840365151598
5648.0,769120.0,1.0022294701864967
5649.0,767028.0,0.9989210795985484
5650.0,766642.0,0.9978424690404564
5651.0,769917.0,1.0015329921673324
5652.0,767968.0,0.9984332815568258
5653.0,764668.0,0.9935873493795954
5654.0,769101.0,0.9987950983779436
5655.0,771096.0,1.0008386813547627
5656.0,764108.0,0.9912329707364528
5657.0,753750.0,0.9772742889378965
5658.0,747518.0,0.9686832531185304
5659.0,752012.0,0.9739995785231441
5660.0,760279.0,0.9842009182563668
5661.0,763432.0,0.9877814232317069
5662.0,763520.0,0.9874011412761389
5663.0,763833.0,0.987318706570569
5664.0,766658.0,0.9904884790406145
5665.0,768161.0,0.9919548948659324
5666.0,767401.0,0.9905059549008279
5667.0,766601.0,0.9890138068988058
5668.0,766598.0,0.988557921572825
5669.0,765223.0,0.9863411900096677
5670.0,765122.0,0.985774989813496
5671.0,769773.0,0.9913361396402552
5672.0,775094.0,0.9977620481538412
5673.0,777880.0,1.0009276978390895
5674.0,773220.0,0.994520651627192
5675.0,767706.0,0.9870278114165832
5676.0,770773.0,0.9905758895500664
5677.0,776570.0,0.997635110563513
5678.0,778218.0,0.9993676083234643
5679.0,773403.0,0.992809056176694
5680.0,769421.0,0.9873309869969984
5681.0,772865.0,0.9913891799522596
5682.0,777280.0,0.996696086035329
5683.0,775471.0,0.994027601324087
5684.0,766786.0,0.9825565433197881
5685.0,764175.0,0.9788802016417907
5686.0,770304.0,0.9864044798807573
5687.0,776546.0,0.9940747226246638
5688.0,779977.0,0.99814899276637
5689.0,776598.0,0.9935147616023638
5690.0,771702.0,0.9869493940218931
5691.0,772955.0,0.9882557958213666
5692.0,778918.0,0.9955875859792986
5693.0,783306.0,1.0009085706327057
5694.0,780552.0,0.9971090137107177
5695.0,773873.0,0.9883048859694359
5696.0,772102.0,0.9857776043426942
5697.0,777901.0,0.9929198046327276
5698.0,784792.0,1.0014574725519514
5699.0,784222.0,1.0004780611535002
5700.0,777003.0,0.9910243535579119
5701.0,770585.0,0.9826021742978204
5702.0,771865.0,0.9840031488665972
5703.0,779695.0,0.9937571501157924
5704.0,784078.0,0.9991197568650049
5705.0,781556.0,0.9956885235456792
5706.0,777812.0,0.9907076052415197
5707.0,775841.0,0.9879918341747516
5708.0,774908.0,0.986603912216369
5709.0,773098.0,0.9841052861169463
5710.0,772267.0,0.9828586421969642
5711.0,772875.0,0.9834485192169422
5712.0,774759.0,0.9856664736601568
5713.0,777691.0,0.9892215846510863
5714.0,780590.0,0.9927383514546626
5715.0,782999.0,0.9956356890122291
5716.0,785036.0,0.9980639199372855
5717.0,786460.0,0.999716907124609
5718.0,784948.0,0.997642534578565
5719.0,782228.0,0.9940383348838449
5720.0,780477.0,0.9916709743135672
5721.0,778588.0,0.9891334833213161
5722.0,778613.0,0.9890323990042502
5723.0,781856.0,0.9930228778785202
5724.0,782492.0,0.9937060169814189
5725.0,781401.0,0.9922004178036318
5726.0,783032.0,0.9941553575252599
5727.0,784613.0,0.9960506001470335
5728.0,781875.0,0.9924673154351378
5729.0,776206.0,0.9851688516634752
5730.0,769895.0,0.9770611611993445
5731.0,765918.0,0.9719207687051709
5732.0,767043.0,0.9732588724354584
5733.0,769498.0,0.976287988947249
5734.0,770548.0,0.9775379633660629
5735.0,771839.0,0.9790972019437888
5736.0,774131.0,0.9819296039639147
5737.0,773834.0,0.9814815334644643
5738.0,772560.0,0.9797980677930126
5739.0,773025.0,0.9803237323708961
5740.0,771827.0,0.9787440170558522
5741.0,766357.0,0.9717509984016974
5742.0,759113.0,0.962512823403541
5743.0,754355.0,0.9564308806034476
5744.0,755767.0,0.95817521589895
5745.0,760969.0,0.9647274001413958
5746.0,764062.0,0.9686085886621753
5747.0,760254.0,0.963744469149161
5748.0,755629.0,0.9578481263784476
5749.0,753682.0,0.9553497445336677
5750.0,754908.0,0.9568763605985091
5751.0,755005.0,0.9569747749560774
5752.0,754754.0,0.9566349511835467
5753.0,756466.0,0.9587859541391132
5754.0,752384.0,0.9535961305486416
5755.0,751492.0,0.9524522153886097
5756.0,758968.0,0.9619165811557994
5757.0,758370.0,0.9611504740312781
5758.0,751498.0,0.9524353899859517
5759.0,752895.0,0.9542028350590891
5760.0,757708.0,0.9603020893317104
5761.0,755706.0,0.9577665785627479
5762.0,755982.0,0.9581205226568397
5763.0,757617.0,0.9601991780839336
5764.0,758745.0,0.9616375674427036
5765.0,760845.0,0.9643101488628166
5766.0,762266.0,0.9661243952214229
5767.0,764076.0,0.9684338792548762
5768.0,764525.0,0.9690205000162084
5769.0,764429.0,0.9689184037624874
5770.0,762600.0,0.9666216683082475
5771.0,760227.0,0.9636372189433886
5772.0,764996.0,0.9697077001431432
5773.0,768280.0,0.9738979317429252
5774.0,763825.0,0.9682797076009958
5775.0,765566.0,0.9705176387147265
5776.0,771736.0,0.9783723149696495
5777.0,767731.0,0.9733293433250362
5778.0,762601.0,0.9668612966099159
5779.0,768639.0,0.9745541792301422
5780.0,769921.0,0.9762188339739314
5781.0,759693.0,0.9632904236098395
5782.0,758234.0,0.9614818906701991
5783.0,768577.0,0.9746407974012025
5784.0,770758.0,0.9774514227925101
5785.0,763797.0,0.9686694394009383
5786.0,763712.0,0.9686085979748265
5787.0,770994.0,0.977892878832309
5788.0,771785.0,0.97894592276626
5789.0,765182.0,0.9706209875757643
5790.0,767199.0,0.9732311123659941
5791.0,772596.0,0.9801304279500085
5792.0,771128.0,0.9783218776988047
5793.0,765268.0,0.970941615175396
5794.0,767017.0,0.9732158933150804
5795.0,773094.0,0.9809830333582378
5796.0,771259.0,0.9787116462078987
5797.0,763937.0,0.9694773781501652
5798.0,763978.0,0.9695872468546338
5799.0,773984.0,0.9823453500143351
5800.0,776342.0,0.9853980565635038
5801.0,769365.0,0.9766021387718974
5802.0,766996.0,0.9736551529348738
5803.0,770255.0,0.9778530383313327
5804.0,776110.0,0.9853476613225901
5805.0,773718.0,0.9823724822709732
5806.0,766486.0,0.973251541111041
5807.0,768564.0,0.9759518286024859
5808.0,774227.0,0.9832052556131624
5809.0,778722.0,0.9889763345746352
5810.0,777983.0,0.9881005893247914
5811.0,772148.0,0.9807519849912254
5812.0,771587.0,0.9801016406423582
5813.0,776854.0,0.9868545403716956
5814.0,783403.0,0.9952367909973839
5815.0,784174.0,0.996279042742358
5816.0,773901.0,0.9832890784842362
5817.0,767799.0,0.9755970236536504
5818.0,774990.0,0.9847953369431194
5819.0,784613.0,0.9970849612059225
5820.0,786294.0,0.9992823319650556
5821.0,778921.0,0.9899722424728283
5822.0,772266.0,0.9815730653502639
5823.0,773289.0,0.9829318233595072
5824.0,779766.0,0.9912231010401829
5825.0,786098.0,0.9993303029158531
5826.0,783704.0,0.9963440710587241
5827.0,775778.0,0.9863233014256614
5828.0,775240.0,0.9856941645653553
5829.0,780910.0,0.9929577639640036
5830.0,785353.0,0.9986609216152342
5831.0,783860.0,0.9968150015325905
5832.0,778323.0,0.9898248973507023
5833.0,775665.0,0.9864944890575696
5834.0,776494.0,0.9875975884735523
5835.0,779405.0,0.991347738074727
5836.0,786878.0,1.0008997873719752
5837.0,791128.0,1.0063515823696947
5838.0,786262.0,1.0002059989947056
5839.0,779505.0,0.9916528612627842
5840.0,776016.0,0.9872552367947037
5841.0,777716.0,0.9894576846310916
5842.0,786002.0,1.0000384187130593
5843.0,790446.0,1.0057302341999834
5844.0,785618.0,0.9996234169981347
5845.0,782316.0,0.9954566188904885
5846.0,781695.0,0.9946997969906163
5847.0,782988.0,0.9963772764610825
5848.0,785187.0,0.9992065455928061
5849.0,782495.0,0.9958103958607959
5850.0,778557.0,0.9908270885993115
5851.0,781114.0,0.9941083352994903
5852.0,778268.0,0.9905120673200158
5853.0,761159.0,0.9687612517350714
5854.0,756082.0,0.962322244569514
5855.0,773992.0,0.9851397267175661
5856.0,783132.0,0.9967943164319774
5857.0,773892.0,0.9850531255389635
5858.0,767119.0,0.9764505295988288
5859.0,764315.0,0.9728986472180774
5860.0,763845.0,0.9723165399423638
5861.0,769543.0,0.9795848343765211
5862.0,775722.0,0.9874645475151772
5863.0,776037.0,0.9878786399885988
5864.0,772710.0,0.9836554173984327
5865.0,771524.0,0.9821565426617961
5866.0,770007.0,0.9802352138986612
5867.0,770254.0,0.9805584386939927
5868.0,773005.0,0.9840683388492577
5869.0,773725.0,0.9849917018236849
5870.0,770485.0,0.9808727517713609
5871.0,764785.0,0.9736210212092336
5872.0,758885.0,0.9661136354417481
5873.0,754439.0,0.9604562883495471
5874.0,755971.0,0.9624084182586041
5875.0,764718.0,0.9735448686562793
5876.0,769684.0,0.9798668891938456
5877.0,766031.0,0.975215334222947
5878.0,756533.0,0.9631217661881313
5879.0,751147.0,0.9562622251126364
5880.0,749553.0,0.9542293145538656
5881.0,749223.0,0.9538047036440425
5882.0,755405.0,0.9616693548560132
5883.0,757726.0,0.9646178425140537
5884.0,751690.0,0.9569267057339804
5885.0,753931.0,0.9597716786039948
5886.0,762125.0,0.9701940254125158
5887.0,758918.0,0.9661018986075356
5888.0,741231.0,0.9435762287000892
5889.0,718087.0,0.9141036899826054
5890.0,705121.0,0.8975872556107525
5891.0,723797.0,0.9213488401110972
5892.0,751028.0,0.9559988938452956
5893.0,758476.0,0.9654654023799658
5894.0,750820.0,0.9557052807108737
5895.0,728976.0,0.9278853947762639
5896.0,716128.0,0.911516213421963
5897.0,734740.0,0.9351897677753838
5898.0,751773.0,0.9568520564932859
5899.0,759437.0,0.9665882801874605
5900.0,763964.0,0.9723308552559317
5901.0,757646.0,0.9642699053539676
5902.0,755087.0,0.9609926900410191
5903.0,761856.0,0.9695863865137992
5904.0,762309.0,0.9701411100215707
5905.0,762471.0,0.9703248606063254
5906.0,766936.0,0.9759838857678128
5907.0,762102.0,0.9698086468725343
5908.0,755749.0,0.9617001787287848
5909.0,763337.0,0.9713311947139887
5910.0,769593.0,0.9792662475740737
5911.0,760516.0,0.9676904134461742
5912.0,752804.0,0.9578514575693462
5913.0,759552.0,0.9664105953065802
5914.0,766858.0,0.9756786792811603
5915.0,764061.0,0.9720919735187492
5916.0,762128.0,0.9696041838692844
5917.0,767207.0,0.9760366810860268
5918.0,769834.0,0.9793489817348652
5919.0,764114.0,0.9720422476792885
5920.0,756056.0,0.9617613935312574
5921.0,758369.0,0.9646730355918175
5922.0,762877.0,0.970376087466636
5923.0,762128.0,0.9693916818543982
5924.0,760483.0,0.9672672936505651
5925.0,767771.0,0.9765042513905368
5926.0,774966.0,0.9856219105613353
5927.0,769640.0,0.9788145721314968
5928.0,763314.0,0.9707355903582783
5929.0,763020.0,0.9703276671069986
5930.0,771908.0,0.9815956995634839
5931.0,777223.0,0.9883191485389731
5932.0,766694.0,0.9748952281167634
5933.0,754155.0,0.9589162256651376
5934.0,758207.0,0.9640329496045806
5935.0,774855.0,0.9851637691347038
5936.0,781850.0,0.9940201970383608
5937.0,769274.0,0.9779946444482354
5938.0,757453.0,0.9629298477840162
5939.0,762551.0,0.9693737994763159
5940.0,774133.0,0.984059320843472
5941.0,777868.0,0.9887689425823761
5942.0,771596.0,0.9807583016153862
5943.0,766432.0,0.9741563715645616
5944.0,769296.0,0.9777581689003721
5945.0,771287.0,0.9802499724607701
5946.0,774227.0,0.9839474614730176
5947.0,773743.0,0.9832931766921912
5948.0,762506.0,0.9689741339818603
5949.0,760071.0,0.9658410125580521
5950.0,769524.0,0.9778137757528477
5951.0,775149.0,0.9849215058784254
5952.0,778692.0,0.9893832173879071
5953.0,777533.0,0.9878704815356073
5954.0,763831.0,0.9704223039024884
5955.0,755640.0,0.9599767272931359
5956.0,761020.0,0.9667720374931127
5957.0,765268.0,0.9721287396129097
5958.0,770392.0,0.9785977010922895
5959.0,773197.0,0.9821204827417218
5960.0,765493.0,0.9722948868462773
5961.0,765218.0,0.9719056763023444
5962.0,779068.0,0.9894559597343717
5963.0,788119.0,1.0009100828330502
5964.0,787344.0,0.9998847867018775
5965.0,780718.0,0.9914294494051219
5966.0,769990.0,0.9777659497484636
5967.0,767672.0,0.9747825548662649
5968.0,773564.0,0.9822240161068306
5969.0,779825.0,0.9901334520906734
5970.0,785236.0,0.9969631228464314
5971.0,786844.0,0.9989640806276672
5972.0,781645.0,0.9923232397148164
5973.0,772271.0,0.9803829221594821
5974.0,767368.0,0.9741192522939858
5975.0,778066.0,0.98765971374719
5976.0,789688.0,1.0023720014927744
5977.0,787359.0,0.9993755018628363
5978.0,777429.0,0.9867319274038406
5979.0,768980.0,0.975969072121314
5980.0,771198.0,0.9787448672697124
5981.0,782505.0,0.9930550886821061
5982.0,788028.0,1.000024200855934
5983.0,780631.0,0.9905977103415772
5984.0,771216.0,0.9786113425078098
5985.0,770495.0,0.9776575293692445
5986.0,771843.0,0.9793290263671778
5987.0,770672.0,0.9778044091380863
5988.0,775374.0,0.98373114043405
5989.0,781438.0,0.9913853719154486
5990.0,778871.0,0.9880896005024229
5991.0,776084.0,0.9845150467232106
5992.0,775020.0,0.9831264714897225
5993.0,763288.0,0.9682060334217905
5994.0,753507.0,0.9557614915166264
5995.0,760694.0,0.9648396267583053
5996.0,775036.0,0.9829918954570749
5997.0,776235.0,0.9844739260587749
5998.0,766972.0,0.9726877750633866
5999.0,764672.0,0.9697328362419497
6000.0,761034.0,0.9650814159215481
6001.0,758418.0,0.9617263547073336
6002.0,765248.0,0.9703492940045487
6003.0,765535.0,0.9706752580869764
6004.0,754525.0,0.9566775261131256
6005.0,749566.0,0.9503527964076909
6006.0,757668.0,0.9605875954021029
6007.0,760756.0,0.9644650083908146
6008.0,756817.0,0.9594338530467995
6009.0,760590.0,0.9641794018551136
6010.0,770266.0,0.9764073799417887
6011.0,774542.0,0.9817895203786584
6012.0,771368.0,0.9777281953652504
6013.0,762922.0,0.9669850677231087
6014.0,755028.0,0.9569424066485377
6015.0,754695.0,0.9564831750606945
6016.0,762461.0,0.9662880766309352
6017.0,768076.0,0.9733663078186848
6018.0,770474.0,0.9763673187166545
6019.0,765984.0,0.9706397646156015
6020.0,758582.0,0.9612227738715097
6021.0,764014.0,0.9680682450973448
6022.0,770364.0,0.9760763222913853
6023.0,764689.0,0.9688483021023845
6024.0,762231.0,0.9656965695317187
6025.0,767924.0,0.9728714596397088
6026.0,767428.0,0.9722053417176714
6027.0,766179.0,0.9705853802410933
6028.0,767255.0,0.9719107031700552
6029.0,768930.0,0.9739946620573215
6030.0,769062.0,0.9741240261643151
6031.0,764489.0,0.9682940646242765
6032.0,766355.0,0.9706198005081371
6033.0,769723.0,0.9748476132786491
6034.0,770128.0,0.9753226151576152
6035.0,773690.0,0.9797955675201934
6036.0,770975.0,0.9763193160809663
6037.0,761738.0,0.96458454561042
6038.0,762801.0,0.965892994330505
6039.0,773646.0,0.9795872474905389
6040.0,772518.0,0.9781208412957102
6041.0,763405.0,0.9665447424463335
6042.0,763871.0,0.9670969924405735
6043.0,770423.0,0.9753540384590013
6044.0,769074.0,0.9736081527243308
6045.0,766428.0,0.9702205045076658
6046.0,772759.0,0.9781966236205376
6047.0,776247.0,0.9825734182820655
6048.0,765759.0,0.969259711240566
6049.0,758611.0,0.9601744558345054
6050.0,768122.0,0.9721743594254941
6051.0,777808.0,0.9843947649448889
6052.0,771290.0,0.976107176576652
6053.0,760780.0,0.962768319889234
6054.0,763244.0,0.965848446055184
6055.0,771019.0,0.975648837983876
6056.0,768484.0,0.9724026367835518
6057.0,754986.0,0.9552851453499634
6058.0,745922.0,0.9437790907262354
6059.0,745160.0,0.942777606629625
6060.0,754710.0,0.9548223974344465
6061.0,769230.0,0.9731537371305731
6062.0,781451.0,0.9885752182280549
6063.0,784428.0,0.9923017562642777
6064.0,774194.0,0.9793166899021766
6065.0,766235.0,0.9692102523695091
6066.0,770528.0,0.9746014967853895
6067.0,781451.0,0.9883778662526127
6068.0,786844.0,0.9951590197332675
6069.0,783008.0,0.9902676828089798
6070.0,775465.0,0.9806886358190261
6071.0,775260.0,0.9803898962172432
6072.0,784463.0,0.9919879474977403
6073.0,790429.0,0.999491834156738
6074.0,783927.0,0.9912299882900795
6075.0,773577.0,0.9781033698198073
6076.0,777025.0,0.9824230996843969
6077.0,787508.0,0.9956366730969396
6078.0,791226.0,1.0002965414669847
6079.0,789733.0,0.9983682907193808
6080.0,783138.0,0.9899905170378804
6081.0,777595.0,0.9829431673101802
6082.0,784347.0,0.9914375593799546
6083.0,792930.0,1.0022455183986696
6084.0,790547.0,0.999192303920689
6085.0,786584.0,0.9941423407714878
6086.0,781112.0,0.9871856073550258
6087.0,776734.0,0.9816119299192317
6088.0,784924.0,0.9919210140205412
6089.0,791871.0,1.0006584221450858
6090.0,790934.0,0.9994327078229694
6091.0,786671.0,0.9940044131606321
6092.0,783601.0,0.9900838443854166
6093.0,783604.0,0.9900461018412827
6094.0,786101.0,0.9931591876172545
6095.0,793609.0,1.0026025433812844
6096.0,795966.0,1.0055377878097753
6097.0,789853.0,0.9977730531605618
6098.0,781724.0,0.9874622970258965
6099.0,775020.0,0.978952281092329
6100.0,778474.0,0.9832732354783806
6101.0,786882.0,0.993850741161644
6102.0,787719.0,0.9948652953571223
6103.0,781765.0,0.9873031988663661
6104.0,779906.0,0.9849130645531807
6105.0,781209.0,0.9865160256648905
6106.0,781427.0,0.9867486552322848
6107.0,782989.0,0.9886782217445619
6108.0,787737.0,0.9946302902955528
6109.0,791783.0,0.9996953927070181
6110.0,788401.0,0.9953818485835157
6111.0,780716.0,0.9856361279916853
6112.0,777984.0,0.9821439222586824
6113.0,780936.0,0.9858271974396962
6114.0,789125.0,0.9961207506896163
6115.0,795086.0,1.0036009711765124
6116.0,791724.0,0.9993129292342574
6117.0,781697.0,0.9866129661886136
6118.0,773691.0,0.9764646883948201
6119.0,768222.0,0.9695189641746251
6120.0,754916.0,0.9526836565288836
6121.0,742533.0,0.9370144882666683
6122.0,750450.0,0.9469623556102607
6123.0,777759.0,0.9813780699923013
6124.0,792931.0,1.000476737093185
6125.0,794773.0,1.0027552395892247
6126.0,797553.0,1.006216808491066
6127.0,798585.0,1.0074726959793652
6128.0,800706.0,1.0101021193245652
6129.0,806699.0,1.0176155197960604
6130.0,808707.0,1.0201014140582991
6131.0,802706.0,1.012484865655234
6132.0,795415.0,1.0032418272741772
6133.0,793410.0,1.000666325598532
6134.0,792296.0,0.9992146157644693
6135.0,787753.0,0.9934385696316704
6136.0,779204.0,0.9826111738174599
6137.0,772017.0,0.9735021138115836
6138.0,776997.0,0.9797354509212947
6139.0,787221.0,0.992580028945906
6140.0,783528.0,0.9878766003514944
6141.0,761618.0,0.9602064674977747
6142.0,754534.0,0.9512297505989836
6143.0,778085.0,0.9808729766784354
6144.0,799978.0,1.0084231779622637
6145.0,803878.0,1.013290332494178
6146.0,796642.0,1.0041205767774708
6147.0,789219.0,0.9947158594303539
6148.0,787786.0,0.9928612049340928
6149.0,787536.0,0.9924974523432792
6150.0,787738.0,0.9927031789573819
6151.0,791783.0,0.9977514082738559
6152.0,796270.0,1.0033559213156886
6153.0,795350.0,1.00214684826754
6154.0,792336.0,0.998299400482207
6155.0,792732.0,0.9987483609629758
6156.0,793374.0,0.9995070184124933
6157.0,790571.0,0.9959255697131686
6158.0,786362.0,0.9905731814675472
6159.0,786915.0,0.9912195040955115
6160.0,789639.0,0.9946000952398049
6161.0,781545.0,0.9843549057157421
6162.0,772563.0,0.9729922087268742
6163.0,778307.0,0.9801759739413322
6164.0,785813.0,0.9895777127562766
6165.0,787078.0,0.9911193847608422
6166.0,784585.0,0.9879287374374721
6167.0,780330.0,0.9825196887636886
6168.0,782507.0,0.9852091778693983
6169.0,787278.0,0.9911639805922937
6170.0,790545.0,0.9952245665907221
6171.0,795804.0,1.0017921463747312
6172.0,798636.0,1.0053037858761626
6173.0,795482.0,1.0012802239384204
6174.0,795833.0,1.0016684330882104
6175.0,794792.0,1.0003044672692618
6176.0,789668.0,0.9938019684305878
6177.0,792630.0,0.9974757018630994
6178.0,797389.0,1.0034101258693569
6179.0,794015.0,0.9991099375319473
6180.0,789948.0,0.9939380593252489
6181.0,788860.0,0.9925146113828796
6182.0,787413.0,0.9906394586662576
6183.0,786417.0,0.9893316753806594
6184.0,788711.0,0.9921624995559919
6185.0,789700.0,0.9933512603493326
6186.0,787504.0,0.9905335399212183
6187.0,783697.0,0.9856896990780925
6188.0,782364.0,0.9839576729735772
6189.0,780422.0,0.9814597504476819
6190.0,762962.0,0.9594475481329776
6191.0,739463.0,0.9298438499726583
6192.0,741015.0,0.9317421124755091
6193.0,764644.0,0.9613976741830813
6194.0,780090.0,0.9807616009145259
6195.0,780418.0,0.9811171924454292
6196.0,779509.0,0.9799174941871026
6197.0,784587.0,0.9862435072192867
6198.0,791550.0,0.9949379049497277
6199.0,791378.0,0.994663251377478
6200.0,784685.0,0.986192802351665
