wave,flux,norm
3800.0,230125.0,0.9239485455514165
3801.0,240389.0,0.9679462921889087
3802.0,244276.0,0.9863416967283507
3803.0,248208.0,1.0049153447706383
3804.0,250253.0,1.0158211551330023
3805.0,246690.0,1.0038547725909177
3806.0,237269.0,0.9678294665757746
3807.0,229750.0,0.9393100693419114
3808.0,235199.0,0.963699613336819
3809.0,243176.0,0.9984742105133759
3810.0,240140.0,0.9879791845851061
3811.0,229866.0,0.9475070595504234
3812.0,219360.0,0.9058304948658178
3813.0,210649.0,0.8713409629372234
3814.0,205870.0,0.852940180067756
3815.0,199901.0,0.8294589971941912
3816.0,189901.0,0.789077123109419
3817.0,183280.0,0.7625660488875784
3818.0,174569.0,0.7272065870860033
3819.0,160751.0,0.6703952485475962
3820.0,148778.0,0.6210992197012215
3821.0,146896.0,0.6138127670841266
3822.0,143853.0,0.6015994331342885
3823.0,128607.0,0.5382384778529026
3824.0,111209.0,0.46572659185615495
3825.0,97006.7,0.4064745630522099
3826.0,88829.0,0.3723803814127207
3827.0,87249.6,0.36589455696890133
3828.0,86939.3,0.3646947567950244
3829.0,85196.2,0.3574498889679641
3830.0,78222.0,0.3282210352858988
3831.0,72634.3,0.30477764655127654
3832.0,71335.8,0.2993052858530694
3833.0,73213.7,0.30713313462532055
3834.0,76384.4,0.3203529831479409
3835.0,79324.7,0.33257147560330913
3836.0,83253.0,0.3488927531816751
3837.0,85822.3,0.35947700724013776
3838.0,84821.7,0.3550754520651149
3839.0,85437.3,0.3574111423473849
3840.0,91052.8,0.3806145276342685
3841.0,96994.6,0.4051129147185623
3842.0,94639.2,0.39491304239044783
3843.0,84870.8,0.3537988570424011
3844.0,77434.6,0.3224535469377712
3845.0,69214.6,0.28789258040243954
3846.0,60116.2,0.24974227838891463
3847.0,56765.4,0.23551556624443787
3848.0,52549.6,0.21772521141254544
3849.0,43874.0,0.18151746240567362
3850.0,45399.5,0.18754395377631128
3851.0,60060.9,0.24771599963081406
3852.0,66746.7,0.2748350525403651
3853.0,59230.0,0.24346386133844075
3854.0,63174.7,0.259213273012013
3855.0,88010.6,0.36044715960802876
3856.0,95103.2,0.38874616669476403
3857.0,75035.5,0.30610780517149144
3858.0,58544.1,0.23834176199011015
3859.0,53117.9,0.21579458458299622
3860.0,55160.6,0.22360679311219056
3861.0,71948.2,0.2910090777985242
3862.0,110375.0,0.44541273372413365
3863.0,131531.0,0.5295421722256094
3864.0,108263.0,0.4348191968852327
3865.0,76794.3,0.30767347482263746
3866.0,60132.1,0.24031260414770375
3867.0,47086.1,0.18769348188910173
3868.0,30527.0,0.12136810323757763
3869.0,17026.0,0.06751110290443503
3870.0,11941.8,0.04722295526522485
3871.0,19123.0,0.07541180533020748
3872.0,42565.4,0.16738618567436822
3873.0,78336.1,0.30717406552598736
3874.0,115675.0,0.45227483368280186
3875.0,139455.0,0.5436487724068713
3876.0,134025.0,0.5209225024233213
3877.0,107840.0,0.41788060417190315
3878.0,84655.5,0.3270356325577167
3879.0,67633.3,0.2604659968080832
3880.0,44791.5,0.17195709407689608
3881.0,23518.8,0.0900031320863037
3882.0,31567.0,0.12041432395592963
3883.0,92979.5,0.35352431598341366
3884.0,185646.0,0.7035423521299898
3885.0,247454.0,0.9346682112093265
3886.0,262010.0,0.9863372456204462
3887.0,260121.0,0.9759200229881002
3888.0,238579.0,0.8920504036161387
3889.0,197438.0,0.7356882978320831
3890.0,189743.0,0.7045677919525665
3891.0,219061.0,0.8105959561284168
3892.0,239063.0,0.8815012405874502
3893.0,240183.0,0.8824971238973037
3894.0,234957.0,0.8602201013172373
3895.0,218286.0,0.7963195063356303
3896.0,224368.0,0.8155548588422166
3897.0,239365.0,0.8669112240579967
3898.0,242183.0,0.8739179751782943
3899.0,256609.0,0.9225792082627983
3900.0,259290.0,0.9287833485786339
3901.0,230163.0,0.821397804080353
3902.0,206335.0,0.7336234221068192
3903.0,234049.0,0.8290535737565567
3904.0,272152.0,0.9604095960597768
3905.0,265141.0,0.9321482934675899
3906.0,248321.0,0.8697192720795237
3907.0,256051.0,0.8933967641322998
3908.0,266996.0,0.9280470394520823
3909.0,264334.0,0.9152948748507322
3910.0,240545.0,0.8297416342726339
3911.0,249060.0,0.8558254485068083
3912.0,288232.0,0.9866304770679192
3913.0,285819.0,0.9746110518882646
3914.0,255148.0,0.8666773025437988
3915.0,244401.0,0.8269717738516306
3916.0,261535.0,0.8815312878221275
3917.0,292121.0,0.9808192161572546
3918.0,302857.0,1.012932372605699
3919.0,278368.0,0.9274221650117361
3920.0,225395.0,0.7480260898462258
3921.0,197014.0,0.6513030868452354
3922.0,232812.0,0.766663089286805
3923.0,283028.0,0.9284138113469015
3924.0,307203.0,1.0038082796765277
3925.0,306631.0,0.998056031226742
3926.0,289062.0,0.9372254995365586
3927.0,251743.0,0.8130657754364669
3928.0,211107.0,0.6791837970536136
3929.0,193648.0,0.6206054512598125
3930.0,172539.0,0.550819712160649
3931.0,133038.0,0.42307710601182713
3932.0,87652.9,0.27767320280121505
3933.0,51220.8,0.1616368537394499
3934.0,43074.0,0.13540612665992863
3935.0,68389.5,0.21416307204334284
3936.0,118718.0,0.3703454220436692
3937.0,178054.0,0.553325678716643
3938.0,227255.0,0.7035336570521742
3939.0,262483.0,0.8095036959929598
3940.0,282220.0,0.8670732092827194
3941.0,287353.0,0.8795050942350527
3942.0,279180.0,0.8512675948706492
3943.0,252142.0,0.765933222343535
3944.0,239805.0,0.725726214159541
3945.0,269833.0,0.8135488789385483
3946.0,300687.0,0.9031972432784335
3947.0,308996.0,0.9247103474030116
3948.0,309148.0,0.9217432156617033
3949.0,313599.0,0.9315684183414242
3950.0,318493.0,0.9426330804742232
3951.0,306735.0,0.9045136377593016
3952.0,275860.0,0.8105055670623387
3953.0,275914.0,0.8077243146837801
3954.0,320158.0,0.9338621348618776
3955.0,344937.0,1.0025226488712475
3956.0,336492.0,0.9744786807100936
3957.0,330798.0,0.954577107461107
3958.0,339291.0,0.9756151594195764
3959.0,347827.0,0.9966329336297587
3960.0,339467.0,0.9692662542295456
3961.0,302147.0,0.8596969906845738
3962.0,259318.0,0.7352745469287126
3963.0,249840.0,0.7059548108201839
3964.0,259495.0,0.7307190886214375
3965.0,243470.0,0.6832538018455837
3966.0,190269.0,0.5321432316707861
3967.0,122244.0,0.34073823864429836
3968.0,72301.0,0.2008535414317227
3969.0,71418.2,0.19774028325996693
3970.0,116577.0,0.32170626883066733
3971.0,169597.0,0.4664817788298618
3972.0,209862.0,0.5753469372946225
3973.0,242390.0,0.6623688810048252
3974.0,268752.0,0.7320420484783562
3975.0,302612.0,0.8216362246483605
3976.0,336684.0,0.9112450016936283
3977.0,353817.0,0.9545988181659719
3978.0,363789.0,0.9784343006780438
3979.0,374638.0,1.004487095399008
3980.0,378647.0,1.0121109622535995
3981.0,357065.0,0.9515086270462016
3982.0,317016.0,0.8422273839473958
3983.0,309293.0,0.8192416118647943
3984.0,340751.0,0.899878582324004
3985.0,353481.0,0.9307412482351287
3986.0,325895.0,0.8555946421528468
3987.0,309556.0,0.810342349603722
3988.0,338939.0,0.884710942337143
3989.0,370111.0,0.9633278151333929
3990.0,380370.0,0.9872393037813455
3991.0,386929.0,1.001459677060009
3992.0,389222.0,1.0046102774383647
3993.0,373529.0,0.9614678515271843
3994.0,346893.0,0.8904887736548087
3995.0,344839.0,0.8828443335986819
3996.0,364617.0,0.9310049661346208
3997.0,369415.0,0.940783145142654
3998.0,358168.0,0.9097758418839379
3999.0,340601.0,0.8629367385578116
4000.0,309217.0,0.7814383773437872
4001.0,293230.0,0.7391815622379576
4002.0,330929.0,0.8321507848752543
4003.0,379446.0,0.9518200152765434
4004.0,389512.0,0.9747121602578371
4005.0,363496.0,0.9074416502741798
4006.0,337367.0,0.840229363369165
4007.0,346175.0,0.8601607158043432
4008.0,379164.0,0.9399655296586858
4009.0,398378.0,0.9853560875378631
4010.0,403716.0,0.9963198019281466
4011.0,403744.0,0.9941812422106597
4012.0,395560.0,0.971896679944904
4013.0,390276.0,0.9568397584184716
4014.0,382030.0,0.9346213379898427
4015.0,358296.0,0.8747059658280322
4016.0,321299.0,0.782748582472417
4017.0,294613.0,0.716256086905492
4018.0,307086.0,0.7450587039738908
4019.0,332492.0,0.8050745947646258
4020.0,350435.0,0.8468316365369011
4021.0,375382.0,0.9053318364189076
4022.0,398188.0,0.9584670391053427
4023.0,403422.0,0.9691991387881744
4024.0,382594.0,0.9174145655022313
4025.0,345648.0,0.8272656944825081
4026.0,330910.0,0.7905214441357257
4027.0,345192.0,0.8231262283166986
4028.0,362814.0,0.8635763101922375
4029.0,371439.0,0.8825188991424321
4030.0,361519.0,0.8574250961518926
4031.0,350534.0,0.8299125672239601
4032.0,345765.0,0.8172008078817155
4033.0,320690.0,0.7566360625922633
4034.0,287793.0,0.677866020525093
4035.0,285621.0,0.6716202972999156
4036.0,313359.0,0.7356204140983889
4037.0,341099.0,0.7994249857174544
4038.0,360733.0,0.8440660479724114
4039.0,357868.0,0.8360152355725626
4040.0,339550.0,0.7919598762171854
4041.0,352442.0,0.8207340272708206
4042.0,379557.0,0.8824989881216115
4043.0,378032.0,0.8775970706879088
4044.0,365230.0,0.8465824653426027
4045.0,355660.0,0.8231534120133601
4046.0,344666.0,0.7965145584703132
4047.0,335365.0,0.7738717336471892
4048.0,333252.0,0.7678675614171431
4049.0,342566.0,0.7881816766264964
4050.0,359526.0,0.8260132088736788
4051.0,378898.0,0.8692797917814644
4052.0,383353.0,0.8782589181913331
4053.0,376822.0,0.8620890221983059
4054.0,377399.0,0.8622126386943257
4055.0,379225.0,0.8651947387578645
4056.0,378700.0,0.8628213120679116
4057.0,374146.0,0.8512959688896905
4058.0,364977.0,0.8293236048766222
4059.0,371582.0,0.8432129937879667
4060.0,400954.0,0.9086699902117016
4061.0,425990.0,0.964150561113493
4062.0,423795.0,0.9579432828616764
4063.0,400974.0,0.9051973584583286
4064.0,373508.0,0.8421210872144844
4065.0,335115.0,0.7546063115201979
4066.0,297752.0,0.6696339084275492
4067.0,318210.0,0.7147545044063053
4068.0,381658.0,0.8562129865156095
4069.0,423732.0,0.9494388406384763
4070.0,431672.0,0.9660547104461483
4071.0,421699.0,0.942597405314359
4072.0,414603.0,0.9256259960283937
4073.0,405380.0,0.9039582202764255
4074.0,377686.0,0.8412077443571203
4075.0,362640.0,0.8067476535820002
4076.0,380157.0,0.8447298021098175
4077.0,393561.0,0.873499753894707
4078.0,401706.0,0.8905492486493971
4079.0,421693.0,0.933786925544501
4080.0,437861.0,0.9684834781413544
4081.0,441308.0,0.9750008324327645
4082.0,423931.0,0.9355525248358044
4083.0,376852.0,0.8307227736466595
4084.0,321065.0,0.706956885051942
4085.0,321023.0,0.706078624937836
4086.0,383732.0,0.8430708347330571
4087.0,438384.0,0.9620817120677959
4088.0,462726.0,1.0143886193274378
4089.0,467809.0,1.0244107497274868
4090.0,462223.0,1.0110764292104466
4091.0,456265.0,0.9969609858308789
4092.0,447528.0,0.9768129139941428
4093.0,436017.0,0.9506623118981606
4094.0,416043.0,0.9061376083301185
4095.0,383306.0,0.8339421942536374
4096.0,365645.0,0.7946677377659906
4097.0,382914.0,0.8313117875760474
4098.0,418791.0,0.9082343076034911
4099.0,436142.0,0.9448599851688331
4100.0,416330.0,0.9009845518201578
4101.0,374839.0,0.8103368789574684
4102.0,350062.0,0.755976156002778
4103.0,355195.0,0.7662550676366342
4104.0,357764.0,0.7709880209612994
4105.0,359210.0,0.7732945899382043
4106.0,374356.0,0.8050595219818826
4107.0,389983.0,0.8377927200280944
4108.0,397263.0,0.852545972471044
4109.0,385168.0,0.8257331776193748
4110.0,381529.0,0.8170864284790579
4111.0,404359.0,0.8650864666730331
4112.0,423918.0,0.9059980710412326
4113.0,434397.0,0.9274409960291116
4114.0,436724.0,0.931454463160228
4115.0,436480.0,0.9299830868630109
4116.0,436140.0,0.928311615810299
4117.0,423939.0,0.9014246434134057
4118.0,393321.0,0.8354729672869136
4119.0,354904.0,0.7531064912428246
4120.0,342230.0,0.7254789498020554
4121.0,348013.0,0.7369948535430754
4122.0,350337.0,0.7411707085978992
4123.0,346901.0,0.7331655400038587
4124.0,339922.0,0.7176968031212062
4125.0,334480.0,0.7055018040484614
4126.0,329326.0,0.6939388695805312
4127.0,330172.0,0.6950301385507471
4128.0,331936.0,0.6980506424804365
4129.0,333529.0,0.7007067906022298
4130.0,334618.0,0.702300765133687
4131.0,334208.0,0.7007494482919192
4132.0,319587.0,0.6694344644118044
4133.0,302650.0,0.6333352116416776
4134.0,290325.0,0.6069491874718912
4135.0,292535.0,0.6109724439671104
4136.0,305741.0,0.6379318731074954
4137.0,307391.0,0.6407513580276132
4138.0,299191.0,0.62305389233466
4139.0,297117.0,0.618136257924003
4140.0,303373.0,0.6305422572259027
4141.0,298921.0,0.6206906038205934
4142.0,279680.0,0.5801797212084163
4143.0,262083.0,0.5431543808244029
4144.0,256529.0,0.5311352341457661
4145.0,261019.0,0.5399156024894388
4146.0,273992.0,0.5662101501092965
4147.0,282181.0,0.5825784863447028
4148.0,268616.0,0.554046671368932
4149.0,238816.0,0.49211497078423183
4150.0,218757.0,0.45035468356686814
4151.0,221658.0,0.4558968396202632
4152.0,236709.0,0.4863951808335812
4153.0,249558.0,0.5123163088591077
4154.0,251919.0,0.5166788299762269
4155.0,255512.0,0.523558201228366
4156.0,257748.0,0.5276473365781469
4157.0,254715.0,0.5209530713677076
4158.0,267602.0,0.546801784546554
4159.0,297006.0,0.6063217182028001
4160.0,306866.0,0.6258710319475125
4161.0,294689.0,0.6004806533877947
4162.0,284540.0,0.5792663131250279
4163.0,279215.0,0.5679032767578946
4164.0,275145.0,0.5591119368410272
4165.0,274588.0,0.5574693921652258
4166.0,258909.0,0.5251577455360329
4167.0,230478.0,0.46706365670406286
4168.0,241930.0,0.48982518019715987
4169.0,282755.0,0.5719621190191487
4170.0,313569.0,0.6337186533058702
4171.0,329161.0,0.66462846938955
4172.0,308652.0,0.6226552551527018
4173.0,278760.0,0.5618466646419864
4174.0,283306.0,0.5704961295278709
4175.0,301857.0,0.607307363123485
4176.0,304432.0,0.6119398612965993
4177.0,286499.0,0.5753783017768243
4178.0,256467.0,0.514605665764281
4179.0,233273.0,0.4676500877414901
4180.0,216373.0,0.4333849782941701
4181.0,228619.0,0.45750739112764527
4182.0,264863.0,0.5295693664573108
4183.0,281175.0,0.5616875393693105
4184.0,292240.0,0.5832772306078945
4185.0,297510.0,0.5932735144094881
4186.0,266770.0,0.5315072055402696
4187.0,228867.0,0.4555907134158579
4188.0,208049.0,0.4137876998171297
4189.0,203640.0,0.40466535708863705
4190.0,232801.0,0.4622101800280697
4191.0,267422.0,0.5304863986741091
4192.0,262161.0,0.519599096774385
4193.0,244329.0,0.48383716398770615
4194.0,224413.0,0.4440141806986923
4195.0,193960.0,0.3834302234467186
4196.0,181270.0,0.3580355511511049
4197.0,213130.0,0.4206022203290893
4198.0,264402.0,0.5213377531101288
4199.0,301275.0,0.5935341348480707
4200.0,318978.0,0.6278735678557241
4201.0,314997.0,0.619508752969575
4202.0,310692.0,0.6105220461810253
4203.0,307628.0,0.6039876825433859
4204.0,287629.0,0.5642434366346549
4205.0,257024.0,0.5037787324068832
4206.0,241790.0,0.4735190673337757
4207.0,244235.0,0.4779040347921847
4208.0,266395.0,0.5208266498994335
4209.0,288965.0,0.5644784590382697
4210.0,275733.0,0.5381787465207766
4211.0,245058.0,0.4779065804302104
4212.0,224937.0,0.43830054663164436
4213.0,203820.0,0.39682182918222464
4214.0,171428.0,0.3334792470401326
4215.0,159748.0,0.3104998747555013
4216.0,219090.0,0.4254888141296118
4217.0,315916.0,0.6130239596557322
4218.0,382624.0,0.7418547979164257
4219.0,434261.0,0.8412770515317645
4220.0,481714.0,0.9324372786964141
4221.0,484518.0,0.9370937728452066
4222.0,450210.0,0.8700248893520685
4223.0,413781.0,0.7989711771978688
4224.0,403423.0,0.7783337656926649
4225.0,416294.0,0.8025103378126802
4226.0,413825.0,0.7971005160138872
4227.0,410409.0,0.789877489190767
4228.0,439017.0,0.8442504525478365
4229.0,453604.0,0.871594637097042
4230.0,421871.0,0.8099638916976505
4231.0,393838.0,0.7555313948884224
4232.0,402322.0,0.7711843163525693
4233.0,438723.0,0.840281714420263
4234.0,478856.0,0.9164106701590904
4235.0,457452.0,0.8747461025253449
4236.0,359203.0,0.6863226113006581
4237.0,298573.0,0.5700216257821257
4238.0,325135.0,0.620236829552583
4239.0,374773.0,0.7143576947323372
4240.0,412529.0,0.7856988053043142
4241.0,417805.0,0.7951150773311422
4242.0,357430.0,0.6796771526049565
4243.0,304352.0,0.5782873723075216
4244.0,349723.0,0.6639695831526404
4245.0,435522.0,0.8262112157303105
4246.0,463593.0,0.8787703854056689
4247.0,403002.0,0.7633150971173434
4248.0,312413.0,0.5912680413854037
4249.0,281677.0,0.5326793974821376
4250.0,338888.0,0.6403692262982013
4251.0,418789.0,0.7907329186504469
4252.0,437262.0,0.8249680317277617
4253.0,387388.0,0.7303027090526466
4254.0,336457.0,0.6337941332518399
4255.0,325138.0,0.6119963124138599
4256.0,380986.0,0.7165608043824723
4257.0,455466.0,0.8559797205181209
4258.0,436309.0,0.8193428860977618
4259.0,382948.0,0.718581188529913
4260.0,382943.0,0.7180178022420953
4261.0,376389.0,0.7051857893846547
4262.0,364796.0,0.6829403306363233
4263.0,370699.0,0.6934588245665407
4264.0,349093.0,0.6525405166217829
4265.0,351195.0,0.6559673847225148
4266.0,379334.0,0.7079845382891377
4267.0,359526.0,0.6705032440391882
4268.0,342175.0,0.6376581709025179
4269.0,342305.0,0.6374152663590729
4270.0,313449.0,0.583238468398601
4271.0,304805.0,0.5667243853082251
4272.0,329413.0,0.6120143040897297
4273.0,322765.0,0.599209623579474
4274.0,278480.0,0.5166046857464475
4275.0,271492.0,0.5032616410748533
4276.0,315297.0,0.584022483340767
4277.0,373149.0,0.6906617691247516
4278.0,396929.0,0.7341247055283486
4279.0,335284.0,0.6196467547286196
4280.0,255205.0,0.471297714152158
4281.0,282836.0,0.5219346215205132
4282.0,367716.0,0.6780624107499728
4283.0,413869.0,0.7625989768493858
4284.0,383590.0,0.7062805211498698
4285.0,290178.0,0.5338896687582546
4286.0,243867.0,0.4483504390401202
4287.0,296903.0,0.5454527362291258
4288.0,354016.0,0.6498959754973834
4289.0,342380.0,0.628070221559166
4290.0,324501.0,0.594833132545915
4291.0,337449.0,0.618111734549765
4292.0,374595.0,0.6856476371228731
4293.0,406725.0,0.7439101255662502
4294.0,386022.0,0.7055254450460159
4295.0,342582.0,0.6256718465142763
4296.0,295160.0,0.5386683335106776
4297.0,232963.0,0.4248476161482498
4298.0,204030.0,0.37181163379124377
4299.0,176647.0,0.3216757604009346
4300.0,146939.0,0.26738232062682943
4301.0,158192.0,0.28764979851034506
4302.0,170223.0,0.3093015916663479
4303.0,156705.0,0.2845322719362124
4304.0,146396.0,0.2656213962024958
4305.0,155268.0,0.28151489040249655
4306.0,180832.0,0.3276277388319581
4307.0,181779.0,0.32910573594851716
4308.0,140835.0,0.254793941148742
4309.0,105814.0,0.19129727281874073
4310.0,91635.9,0.16554605420208723
4311.0,89536.2,0.16163662251236927
4312.0,109597.0,0.1977097484792616
4313.0,164872.0,0.29721109269338647
4314.0,250038.0,0.45041536305074303
4315.0,363330.0,0.6540303256684138
4316.0,472836.0,0.8505443912636218
4317.0,518945.0,0.932820277973442
4318.0,519381.0,0.9329390491062746
4319.0,525826.0,0.9438439672972677
4320.0,514818.0,0.9234282821036951
4321.0,464180.0,0.8320080668907619
4322.0,382713.0,0.6854982542641641
4323.0,270856.0,0.48480153216768057
4324.0,207235.0,0.37066482100736203
4325.0,234286.0,0.4187527751289947
4326.0,300097.0,0.5360020646427247
4327.0,348870.0,0.6226761507270189
4328.0,357807.0,0.6381776424680345
4329.0,354958.0,0.6326510201123002
4330.0,369142.0,0.657469392058351
4331.0,395994.0,0.7047999421837445
4332.0,400074.0,0.7115625730531587
4333.0,376512.0,0.6691869172731064
4334.0,364685.0,0.6477131366633769
4335.0,394153.0,0.6995619162434098
4336.0,421832.0,0.7481655240458698
4337.0,380834.0,0.67498024014742
4338.0,317897.0,0.5630400332753012
4339.0,303250.0,0.5367245732643959
4340.0,322734.0,0.5708125800782639
4341.0,337191.0,0.5959684290603555
4342.0,345203.0,0.6097062153869746
4343.0,349792.0,0.6173835158343514
4344.0,381577.0,0.6730181164584734
4345.0,427394.0,0.7533082186477421
4346.0,420829.0,0.741224852052464
4347.0,388727.0,0.6842098973438901
4348.0,391337.0,0.6883292014429007
4349.0,433681.0,0.7622836731684652
4350.0,422089.0,0.7413981460870328
4351.0,342935.0,0.6019505420644158
4352.0,272344.0,0.47771474085948024
4353.0,254175.0,0.4455390647101273
4354.0,262070.0,0.459063414395202
4355.0,257193.0,0.45021216383441737
4356.0,264084.0,0.4619587138349045
4357.0,296618.0,0.5185156334994565
4358.0,307102.0,0.5364763230544162
4359.0,292589.0,0.5107751407562621
4360.0,313456.0,0.5468301685693491
4361.0,354219.0,0.6175215677756529
4362.0,331287.0,0.5771508576636882
4363.0,273078.0,0.4754190839262693
4364.0,279120.0,0.4856082660759029
4365.0,329646.0,0.5731237557235183
4366.0,331828.0,0.5765266422263268
4367.0,314819.0,0.5466046274242281
4368.0,345969.0,0.6002827102067928
4369.0,354682.0,0.6149847367176619
4370.0,304809.0,0.5281530270388458
4371.0,270775.0,0.4688647757285653
4372.0,281109.0,0.48643084081940113
4373.0,304473.0,0.5265052438377368
4374.0,307773.0,0.5318537741715847
4375.0,304983.0,0.5266782955249433
4376.0,312303.0,0.5389571697644
4377.0,325059.0,0.5605945168126464
4378.0,344353.0,0.5934707475594456
4379.0,358313.0,0.6171163430437308
4380.0,347732.0,0.5984920921914948
4381.0,334189.0,0.5747982284461975
4382.0,333860.0,0.5738487054265676
4383.0,345230.0,0.5929956743887208
4384.0,354515.0,0.6085381692651651
4385.0,340840.0,0.5846745698989005
4386.0,337019.0,0.5777350300237843
4387.0,352246.0,0.6034360863133164
4388.0,374964.0,0.6419273759291655
4389.0,369643.0,0.6323975041599642
4390.0,345756.0,0.5911380885763713
4391.0,343371.0,0.5866709788928416
4392.0,352465.0,0.6018094178696066
4393.0,354953.0,0.6056560182736499
4394.0,349075.0,0.5952321060577653
4395.0,344092.0,0.5863471292406053
4396.0,352099.0,0.5995947937951085
4397.0,371594.0,0.6323751492849845
4398.0,374184.0,0.636362471641517
4399.0,358356.0,0.6090423245334403
4400.0,361552.0,0.6140690521339678
4401.0,398915.0,0.6770810451792413
4402.0,426881.0,0.7240710073161407
4403.0,413129.0,0.7002840805772826
4404.0,395032.0,0.6691681807686598
4405.0,397906.0,0.6735938543080621
4406.0,410948.0,0.6952152865931093
4407.0,427963.0,0.7235252073748779
4408.0,436100.0,0.7367984731629262
4409.0,434645.0,0.733859110512044
4410.0,451479.0,0.7617827085897753
4411.0,489640.0,0.8256313590770628
4412.0,513521.0,0.8653332914952387
4413.0,504039.0,0.848800126459661
4414.0,483860.0,0.8142865866634112
4415.0,460997.0,0.7753041308316825
4416.0,447314.0,0.7518013481182994
4417.0,450926.0,0.7573779666908661
4418.0,472799.0,0.7935985896035433
4419.0,519984.0,0.8722308299311531
4420.0,546397.0,0.9159400265373693
4421.0,521160.0,0.8730663489058645
4422.0,514049.0,0.8605939635272938
4423.0,555057.0,0.9286437135316816
4424.0,575418.0,0.9620838002620902
4425.0,555029.0,0.9273917105511923
4426.0,535297.0,0.8938416206625652
4427.0,530852.0,0.8858447250840991
4428.0,542500.0,0.9046954796696772
4429.0,547809.0,0.9129574186251532
4430.0,539659.0,0.8987928553651735
4431.0,560798.0,0.9333953155568625
4432.0,592092.0,0.9848440633318307
4433.0,592939.0,0.9856155664463105
4434.0,569084.0,0.9453514883780868
4435.0,538440.0,0.8938688242017075
4436.0,546817.0,0.9071897981619982
4437.0,593841.0,0.984568957444358
4438.0,617910.0,1.0238141489023764
4439.0,599394.0,0.992495097062014
4440.0,568786.0,0.9412068567096561
4441.0,551894.0,0.9126666668076598
4442.0,554140.0,0.9157912027558769
4443.0,566191.0,0.935105231187644
4444.0,581681.0,0.9600703515695522
4445.0,600279.0,0.990129664431026
4446.0,604382.0,0.9962567150211004
4447.0,583522.0,0.961253334029234
4448.0,566798.0,0.9331036194535157
4449.0,570961.0,0.9393533642899962
4450.0,578398.0,0.9509777469479603
4451.0,590788.0,0.9707251542881435
4452.0,601842.0,0.9882530683420476
4453.0,597107.0,0.9798484453118415
4454.0,581470.0,0.9535755758772956
4455.0,571766.0,0.9370595207694711
4456.0,584659.0,0.9575743624823452
4457.0,605832.0,0.9916149449189599
4458.0,619527.0,1.013379305462117
4459.0,617009.0,1.0086121008708353
4460.0,608166.0,0.9935177471661907
4461.0,591454.0,0.9655954420017996
4462.0,577443.0,0.9421151999070598
4463.0,587879.0,0.9585248948403509
4464.0,600088.0,0.9778018340255368
4465.0,605027.0,0.9852149679381267
4466.0,614433.0,0.9998871638642653
4467.0,611277.0,0.9941103512023535
4468.0,582239.0,0.9462758765655971
4469.0,551935.0,0.8964461220855443
4470.0,548686.0,0.8905939785111137
4471.0,566918.0,0.9195928067274681
4472.0,588257.0,0.9535899894810502
4473.0,594109.0,0.9624535491522259
4474.0,594408.0,0.9623147832035892
4475.0,602889.0,0.9754129658545692
4476.0,610366.0,0.986869957996038
4477.0,614215.0,0.9924490324938158
4478.0,625740.0,1.0104147345712995
4479.0,638201.0,1.02986652393957
4480.0,639962.0,1.0320365935125393
4481.0,627511.0,1.0112986605562169
4482.0,604885.0,0.9741992801430425
4483.0,606107.0,0.9755306111073364
4484.0,627238.0,1.0088817787303728
4485.0,634556.0,1.0199852237831228
4486.0,624294.0,1.0028333741375166
4487.0,613029.0,0.984092687227921
4488.0,611784.0,0.9814498928974269
4489.0,612496.0,0.9819468080805259
4490.0,617238.0,0.9888984517679574
4491.0,627712.0,1.005017088465143
4492.0,626689.0,1.0027177178946787
4493.0,611192.0,0.9772765994092808
4494.0,584836.0,0.9345160592812063
4495.0,568255.0,0.9074200478674959
4496.0,577269.0,0.9212030475964382
4497.0,594383.0,0.9478838387873254
4498.0,602059.0,0.9594867357811746
4499.0,604651.0,0.962975962388377
4500.0,600811.0,0.9562222643191771
4501.0,581926.0,0.925547240016954
4502.0,582314.0,0.925544812709879
4503.0,613248.0,0.9740590390086029
4504.0,635811.0,1.0092194672892871
4505.0,637573.0,1.011335967473252
4506.0,629512.0,0.9978769842358318
4507.0,629713.0,0.997522276954138
4508.0,640284.0,1.0135823301410665
4509.0,648850.0,1.0264471773860857
4510.0,643970.0,1.018036418461776
4511.0,620493.0,0.9802557706434303
4512.0,601594.0,0.9497522061955643
4513.0,592420.0,0.9346311749002509
4514.0,578910.0,0.9126931119588076
4515.0,579283.0,0.9126559734719071
4516.0,600174.0,0.9449210136967499
4517.0,612173.0,0.9631499839964558
4518.0,617292.0,0.970535041500002
4519.0,634178.0,0.996395956272473
4520.0,643291.0,1.0100150740046079
4521.0,637049.0,0.999521611674051
4522.0,619907.0,0.9719506799790868
4523.0,613475.0,0.9611966573306009
4524.0,619864.0,0.970529726156358
4525.0,625331.0,0.9784052459788993
4526.0,629749.0,0.9846276335336253
4527.0,614957.0,0.9608250734118448
4528.0,597675.0,0.9331662653396754
4529.0,603935.0,0.9422753059230042
4530.0,609310.0,0.949989680485051
4531.0,593130.0,0.9241080137923907
4532.0,582503.0,0.9069065953464658
4533.0,572603.0,0.8908587246278358
4534.0,569812.0,0.8858840914496827
4535.0,592132.0,0.9199266431757458
4536.0,619048.0,0.9610535700082745
4537.0,645712.0,1.0017283840106779
4538.0,660968.0,1.0246573126229408
4539.0,663371.0,1.0276400176149192
4540.0,653701.0,1.0119270670951472
4541.0,637153.0,0.9855951235985201
4542.0,641760.0,0.9919994111368927
4543.0,659599.0,1.018830439553583
4544.0,657710.0,1.0151698523198733
4545.0,653202.0,1.0074727276461353
4546.0,663983.0,1.0233482554011044
4547.0,666346.0,1.0262334251085543
4548.0,638774.0,0.9830432339895931
4549.0,587438.0,0.903369873120581
4550.0,562844.0,0.8649060405003071
4551.0,573740.0,0.8809930418303468
4552.0,575136.0,0.8824771947336888
4553.0,578209.0,0.8865280813807503
4554.0,602251.0,0.9226967792785657
4555.0,630823.0,0.9657437960482962
4556.0,648900.0,0.9926684385524475
4557.0,659375.0,1.0079292333940706
4558.0,659342.0,1.0071137267769341
4559.0,652684.0,0.9961850694458173
4560.0,648285.0,0.9887156151993852
4561.0,653590.0,0.996043350981372
4562.0,654900.0,0.9972735720520312
4563.0,642706.0,0.9779512390765873
4564.0,638720.0,0.9711357264875333
4565.0,651847.0,0.990327163360582
4566.0,668124.0,1.0142680023359687
4567.0,678510.0,1.0292326575767865
4568.0,678626.0,1.0286046106394853
4569.0,670215.0,1.0150601761293951
4570.0,650944.0,0.985099158733202
4571.0,619128.0,0.9362124936552697
4572.0,604077.0,0.9127312940000323
4573.0,623047.0,0.9406478840609315
4574.0,641994.0,0.9684826586623264
4575.0,636377.0,0.9592436355734725
4576.0,612363.0,0.9223078917193853
4577.0,596420.0,0.8975748288088471
4578.0,618404.0,0.929910574649936
4579.0,654808.0,0.9838575942847648
4580.0,665770.0,0.9995183904244328
4581.0,671727.0,1.007642787986422
4582.0,676319.0,1.0137048680744454
4583.0,660367.0,0.988986509285164
4584.0,649591.0,0.9720508227074554
4585.0,660537.0,0.9876179873014612
4586.0,669584.0,1.0003193534155554
4587.0,672510.0,1.0038596552801218
4588.0,672409.0,1.0028761496997107
4589.0,664584.0,0.9903804828598818
4590.0,657670.0,0.979258836125041
4591.0,663026.0,0.9864070430731735
4592.0,666439.0,0.990651733458255
4593.0,665879.0,0.9889851332846962
4594.0,673605.0,0.999614243436213
4595.0,686399.0,1.017736388863225
4596.0,687841.0,1.0190067930925424
4597.0,679455.0,1.0057242092024539
4598.0,679307.0,1.0046442452238173
4599.0,681595.0,1.0071622206766573
4600.0,669894.0,0.9890192552462873
4601.0,657022.0,0.9691767821652512
4602.0,646666.0,0.9530733906342983
4603.0,632443.0,0.9313002621555079
4604.0,629988.0,0.9268755275212635
4605.0,628557.0,0.9239604645025724
4606.0,629648.0,0.9247512050074734
4607.0,651730.0,0.9563391056973682
4608.0,677462.0,0.9932190394433814
4609.0,682590.0,0.9998496748433093
4610.0,671338.0,0.9824931788944214
4611.0,667090.0,0.9754053602542528
4612.0,668572.0,0.9766977551644318
4613.0,662455.0,0.9668934636833008
4614.0,665064.0,0.9698283887503207
4615.0,667633.0,0.9726967544130082
4616.0,653702.0,0.9515393395998603
4617.0,652762.0,0.9493101828521394
4618.0,648864.0,0.9427844430656553
4619.0,636341.0,0.9237474109856623
4620.0,640728.0,0.9292676367302608
4621.0,651546.0,0.9440938932520416
4622.0,651104.0,0.9425897540475917
4623.0,649714.0,0.9397148830359308
4624.0,646349.0,0.9339890987866966
4625.0,635282.0,0.917152328447312
4626.0,635266.0,0.9162840267296849
4627.0,628782.0,0.9060947267687267
4628.0,612239.0,0.8814403810108534
4629.0,601080.0,0.8645739847931452
4630.0,605034.0,0.8694550162315123
4631.0,615667.0,0.8839144103317134
4632.0,617155.0,0.8852280663439525
4633.0,616183.0,0.8830124681907285
4634.0,603185.0,0.863581848998578
4635.0,594847.0,0.8508515188180594
4636.0,591530.0,0.8453187876274582
4637.0,586484.0,0.8373266309462797
4638.0,597574.0,0.8523641906358674
4639.0,603599.0,0.8601547480922043
4640.0,602863.0,0.8583039840459158
4641.0,616039.0,0.8762438794622143
4642.0,617654.0,0.8777205083611591
4643.0,620472.0,0.8809014194375946
4644.0,618722.0,0.8775962987093818
4645.0,599779.0,0.8499327855155752
4646.0,586210.0,0.8299285060805419
4647.0,579830.0,0.8201293145194742
4648.0,579352.0,0.8186880511265964
4649.0,588792.0,0.8312511383293926
4650.0,592640.0,0.835902990208925
4651.0,587392.0,0.8277280946057727
4652.0,587718.0,0.8274154521987742
4653.0,580235.0,0.8161195276832026
4654.0,572868.0,0.8050074500599376
4655.0,570488.0,0.8009172449447945
4656.0,559232.0,0.7843849948279114
4657.0,558752.0,0.7829839350028235
4658.0,565993.0,0.7923949793693689
4659.0,580094.0,0.8113838312058317
4660.0,588659.0,0.8226015811740655
4661.0,582372.0,0.8130635635412388
4662.0,577289.0,0.8052228137621056
4663.0,571383.0,0.7962499594530734
4664.0,572392.0,0.7969215228401937
4665.0,578295.0,0.8043997613218712
4666.0,565735.0,0.7862065711218528
4667.0,554802.0,0.7703062564854057
4668.0,548203.0,0.7604475928990194
4669.0,549071.0,0.7609560597389468
4670.0,544816.0,0.7543707910376436
4671.0,533344.0,0.7378144161327633
4672.0,531774.0,0.7349746109333087
4673.0,528578.0,0.7298954665303885
4674.0,527069.0,0.7271537712302655
4675.0,518333.0,0.7144564117398258
4676.0,490930.0,0.6760759033821924
4677.0,452820.0,0.6230335513580803
4678.0,422776.0,0.5811752078404802
4679.0,426626.0,0.585943837909387
4680.0,445929.0,0.6119096925446188
4681.0,461213.0,0.6323203408128959
4682.0,456675.0,0.6255440929793957
4683.0,442000.0,0.6049077441071192
4684.0,434485.0,0.5940992208215935
4685.0,460300.0,0.6288450579210318
4686.0,502230.0,0.6855276866359999
4687.0,525425.0,0.7165623215376701
4688.0,537007.0,0.7317206506529824
4689.0,538511.0,0.7331339698322025
4690.0,531068.0,0.7223764723320776
4691.0,515718.0,0.7008930712458501
4692.0,491990.0,0.6680717679537072
4693.0,463996.0,0.6295204206924031
4694.0,441840.0,0.598950263073437
4695.0,420888.0,0.5700643011736832
4696.0,391334.0,0.5295877239791859
4697.0,388944.0,0.5259105821802472
4698.0,451193.0,0.6095694574674853
4699.0,520148.0,0.7021425985137972
4700.0,548774.0,0.7401692149162896
4701.0,557620.0,0.7514784280426504
4702.0,554809.0,0.7470745949394964
4703.0,538919.0,0.7250832870884472
4704.0,527615.0,0.7092953668866072
4705.0,529095.0,0.7107075378856194
4706.0,529958.0,0.711291637730377
4707.0,521335.0,0.6991556242635997
4708.0,512973.0,0.6873911944646669
4709.0,508457.0,0.6807975113331126
4710.0,497010.0,0.6649437969055003
4711.0,474954.0,0.6349350206111735
4712.0,439179.0,0.5866500065671703
4713.0,387575.0,0.5173148425939462
4714.0,349203.0,0.465736988294222
4715.0,385257.0,0.5134271381254205
4716.0,489897.0,0.6523798532576451
4717.0,566014.0,0.7531689351216292
4718.0,585416.0,0.7783972433167149
4719.0,577117.0,0.7667858315609725
4720.0,560622.0,0.7443135395449043
4721.0,535731.0,0.7107391117531632
4722.0,516871.0,0.6852126425093534
4723.0,538957.0,0.713968769185765
4724.0,581978.0,0.7703990170652542
4725.0,603275.0,0.7980143786308507
4726.0,600872.0,0.7942656795073637
4727.0,593302.0,0.7837008440961681
4728.0,589838.0,0.7785745025137257
4729.0,589094.0,0.7770469013370388
4730.0,588504.0,0.7757281649763325
4731.0,585354.0,0.7710429409049914
4732.0,568870.0,0.7488161303341752
4733.0,541211.0,0.7119235081652447
4734.0,500393.0,0.6577864187085467
4735.0,439694.0,0.5776085273849912
4736.0,401267.0,0.5267788482821727
4737.0,475007.0,0.6231738053736696
4738.0,615424.0,0.8068641125144527
4739.0,693056.0,0.9080580378788801
4740.0,703036.0,0.9205443010597634
4741.0,690039.0,0.9029530763260867
4742.0,668197.0,0.8738221934381071
4743.0,639848.0,0.8362285355280341
4744.0,635198.0,0.8296397315274914
4745.0,684850.0,0.8939449889295104
4746.0,742166.0,0.9681752725743725
4747.0,765303.0,0.997761294729777
4748.0,767158.0,0.999588132650026
4749.0,760808.0,0.9907341536632256
4750.0,753330.0,0.9804284297859084
4751.0,747671.0,0.9725065622330946
4752.0,748632.0,0.9732055753245326
4753.0,757072.0,0.9836269776713616
4754.0,763567.0,0.9915173465577061
4755.0,768222.0,0.9970173616492779
4756.0,770952.0,1.000020850606364
4757.0,772349.0,1.0012994620327038
4758.0,774504.0,1.0035654582768552
4759.0,774289.0,1.0027663819816082
4760.0,767272.0,0.993170192370879
4761.0,753110.0,0.9743465012624968
4762.0,739251.0,0.9559401150880062
4763.0,735664.0,0.9508348823909604
4764.0,742598.0,0.9593328620904131
4765.0,755062.0,0.974969966456557
4766.0,765980.0,0.9886038270232274
4767.0,772469.0,0.9965183996336819
4768.0,775707.0,1.0002407175491068
4769.0,774204.0,0.9978560875869747
4770.0,764024.0,0.9843017992119976
4771.0,748553.0,0.9639526003414186
4772.0,738651.0,0.9507959022204217
4773.0,743948.0,0.9572127893409809
4774.0,760695.0,0.9783570092634604
4775.0,770154.0,0.990120883203212
4776.0,771694.0,0.9917050999941831
4777.0,776709.0,0.9977585161243888
4778.0,777869.0,0.9988634696325
4779.0,765437.0,0.9825270805431154
4780.0,752526.0,0.9655945881854371
4781.0,758192.0,0.972508810266318
4782.0,764513.0,0.9802639369169156
4783.0,757107.0,0.9704249662320261
4784.0,756786.0,0.969676912970215
4785.0,769297.0,0.9853714242286151
4786.0,775061.0,0.9924221140372199
4787.0,770701.0,0.9865150940803128
4788.0,762343.0,0.9755018683099015
4789.0,756551.0,0.9677838315160732
4790.0,764057.0,0.9770818291632659
4791.0,774755.0,0.9904604225386566
4792.0,774402.0,0.9897130010152847
4793.0,768123.0,0.9814001804726775
4794.0,764017.0,0.9758732181293904
4795.0,764474.0,0.9761814326935848
4796.0,765263.0,0.9769186329269035
4797.0,762026.0,0.9725225995943726
4798.0,755863.0,0.9644008667206759
4799.0,758546.0,0.9675721324469803
4800.0,770327.0,0.9823489361905235
4801.0,777823.0,0.9916603547232123
4802.0,776991.0,0.9903573418164897
4803.0,766156.0,0.9763131573700033
4804.0,745754.0,0.9500921515905537
4805.0,735181.0,0.9364073172039816
4806.0,743912.0,0.9473154699461498
4807.0,756237.0,0.9627990646941159
4808.0,767896.0,0.9774328301931029
4809.0,774285.0,0.9853584009186074
4810.0,772914.0,0.9834119238946507
4811.0,768620.0,0.9777524834146791
4812.0,765959.0,0.9741766800811953
4813.0,761387.0,0.9681766526296535
4814.0,746832.0,0.9494912522208551
4815.0,741665.0,0.9427502811008012
4816.0,758336.0,0.9637697832161553
4817.0,770301.0,0.9788062335866712
4818.0,770506.0,0.9789010264907239
4819.0,767648.0,0.9751091085312769
4820.0,766017.0,0.9728808234348229
4821.0,762941.0,0.9688222919417966
4822.0,750882.0,0.9533635883974908
4823.0,733250.0,0.9308385871931878
4824.0,726840.0,0.9225677784414728
4825.0,738512.0,0.9372509037037299
4826.0,748571.0,0.9498867439768348
4827.0,752443.0,0.9546729052369771
4828.0,757468.0,0.9609240515656301
4829.0,762478.0,0.9671580932064424
4830.0,762790.0,0.9674356708211753
4831.0,751822.0,0.9534120513201361
4832.0,740604.0,0.9390780457463611
4833.0,739361.0,0.937397306278722
4834.0,742424.0,0.9411788765853327
4835.0,746539.0,0.946296273106513
4836.0,753452.0,0.9549620419585848
4837.0,757418.0,0.9598943566348137
4838.0,751790.0,0.9526712103396274
4839.0,739641.0,0.937189712601243
4840.0,734946.0,0.9311579190303839
4841.0,736935.0,0.9335977164928321
4842.0,731832.0,0.9270559981483262
4843.0,729740.0,0.9243319507213038
4844.0,745919.0,0.9447523133952856
4845.0,756624.0,0.9582395828493997
4846.0,749625.0,0.9493075812574853
4847.0,746344.0,0.9450874531056058
4848.0,746464.0,0.945176752361912
4849.0,749149.0,0.948516091734334
4850.0,757408.0,0.9589143613380744
4851.0,751364.0,0.9512065470825917
4852.0,739242.0,0.9358077719028687
4853.0,738703.0,0.9350750598360099
4854.0,742026.0,0.9392329870823051
4855.0,743588.0,0.9411637110053426
4856.0,744355.0,0.9420901381114177
4857.0,745481.0,0.9434728562162237
4858.0,740877.0,0.9376059183905545
4859.0,713720.0,0.9032009395637177
4860.0,651674.0,0.8246507553715874
4861.0,590920.0,0.7477429936924226
4862.0,617276.0,0.7810662481231716
4863.0,700005.0,0.8857175183446929
4864.0,746557.0,0.9445902328637347
4865.0,756798.0,0.9575194195236443
4866.0,757333.0,0.9581695370038016
4867.0,758374.0,0.9594613394198299
4868.0,766382.0,0.9695687008397595
4869.0,770120.0,0.9742750867430334
4870.0,751496.0,0.9506932401027043
4871.0,724996.0,0.9171502544002591
4872.0,727880.0,0.9207811115763473
4873.0,756174.0,0.9565565613090292
4874.0,766178.0,0.9691955947028646
4875.0,754650.0,0.9545983676157302
4876.0,754495.0,0.9543887872083661
4877.0,760114.0,0.961483899152596
4878.0,755580.0,0.9557372392071162
4879.0,761435.0,0.9631326031268665
4880.0,770438.0,0.9745105378317843
4881.0,761996.0,0.9638234972811403
4882.0,756897.0,0.9573658477338988
4883.0,758410.0,0.9592721981044079
4884.0,753794.0,0.9534270118120923
4885.0,752024.0,0.9511822343822881
4886.0,751858.0,0.9509668327718472
4887.0,757020.0,0.9574908950674704
4888.0,764002.0,0.9663173223375472
4889.0,762116.0,0.9639278117785283
4890.0,745906.0,0.9434217045034522
4891.0,731221.0,0.9248448776015368
4892.0,752709.0,0.9520197294834002
4893.0,785918.0,0.9940192037568852
4894.0,798162.0,1.0095024146824456
4895.0,795862.0,1.0065906965900424
4896.0,788917.0,0.9978041733481693
4897.0,788325.0,0.9970528193739477
4898.0,790756.0,1.0001248323107066
4899.0,785268.0,0.99318104712887
4900.0,775793.0,0.9811945488199695
4901.0,770613.0,0.9746400890726319
4902.0,767636.0,0.9708717213391765
4903.0,768480.0,0.9719357556981804
4904.0,774439.0,0.9794686896782688
4905.0,779050.0,0.985296390384651
4906.0,774308.0,0.9792946350867501
4907.0,768579.0,0.9720442803765721
4908.0,770309.0,0.9742271675288471
4909.0,766321.0,0.9691779588735183
4910.0,754729.0,0.9545115141040454
4911.0,744762.0,0.9418999097186324
4912.0,746180.0,0.943686468799837
4913.0,759296.0,0.9602666913282494
4914.0,775017.0,0.9801405300797118
4915.0,789470.0,0.9984098116478346
4916.0,790549.0,0.999764705450065
4917.0,779551.0,0.9858458963138981
4918.0,767525.0,0.9706266321104899
4919.0,753449.0,0.9528145333116452
4920.0,746311.0,0.9437758183715586
4921.0,747960.0,0.9458483354791649
4922.0,752526.0,0.9516086737904994
4923.0,748418.0,0.9463994230217431
4924.0,749363.0,0.9475790357290206
4925.0,770671.0,0.9745065231435428
4926.0,779281.0,0.9853758700878062
4927.0,769263.0,0.9726897368656158
4928.0,775049.0,0.9799859316935347
4929.0,793028.0,1.002697466476421
4930.0,794146.0,1.0040884543282529
4931.0,774244.0,0.9789019385434797
4932.0,748650.0,0.9465190722523494
4933.0,729398.0,0.9221546819689781
4934.0,724713.0,0.916206521374494
4935.0,736483.0,0.9310598758070011
4936.0,733366.0,0.9270915816157271
4937.0,723620.0,0.9147424193007426
4938.0,724633.0,0.9159929946311932
4939.0,725146.0,0.916610162883938
4940.0,734087.0,0.9278788617926002
4941.0,742025.0,0.9378776226092503
4942.0,756065.0,0.9555864821020329
4943.0,785525.0,0.9927809307362643
4944.0,802316.0,1.0139597849890987
4945.0,793706.0,1.0030350272468593
4946.0,778310.0,0.9835342476943422
4947.0,788350.0,0.9961750428848849
4948.0,807125.0,1.0198501098188326
4949.0,803207.0,1.0148485471362185
4950.0,781418.0,0.9872669259470805
4951.0,770601.0,0.973548034464435
4952.0,786062.0,0.9930256218797896
4953.0,801880.0,1.0129501037248188
4954.0,796535.0,1.0061383977276455
4955.0,778883.0,0.9837809943649347
4956.0,754334.0,0.9527136122635627
4957.0,734290.0,0.92733769162805
4958.0,741854.0,0.9368271416426913
4959.0,768283.0,0.9701347644295922
4960.0,779799.0,0.9846058795599048
4961.0,780868.0,0.9858829456778783
4962.0,788390.0,0.9953042741518793
4963.0,793548.0,1.0017377488428034
4964.0,791319.0,0.9988437042340641
4965.0,778634.0,0.9827508453189353
4966.0,776140.0,0.9795198652911874
4967.0,784620.0,0.9901355690704571
4968.0,792590.0,1.0001035186343892
4969.0,790993.0,0.9979965592495073
4970.0,773650.0,0.9760226933229055
4971.0,773139.0,0.9752835056350405
4972.0,792050.0,0.9990396516340196
4973.0,796440.0,1.004474516256416
4974.0,777542.0,0.980537800293661
4975.0,768352.0,0.9688448284340411
4976.0,784960.0,0.9896780478827325
4977.0,800060.0,1.0086030532730548
4978.0,790694.0,0.9966814506878741
4979.0,770614.0,0.9712565123195158
4980.0,772701.0,0.9737703533695157
4981.0,774441.0,0.9758438901484547
4982.0,755545.0,0.9519150585451082
4983.0,738582.0,0.9304249532355668
4984.0,747973.0,0.9421330546560414
4985.0,771016.0,0.9710292786738007
4986.0,774253.0,0.9749747610669492
4987.0,762123.0,0.9595685775516696
4988.0,756440.0,0.9522803936252432
4989.0,768382.0,0.9671768306032332
4990.0,765559.0,0.9634843251213241
4991.0,740894.0,0.9323056032264421
4992.0,731219.0,0.919993716510355
4993.0,743815.0,0.9356996206639933
4994.0,752485.0,0.94646040473907
4995.0,758907.0,0.9543885060311974
4996.0,760744.0,0.9565466981903984
4997.0,756769.0,0.951395160911467
4998.0,757870.0,0.9526234136135097
4999.0,745535.0,0.9369630695169334
5000.0,734606.0,0.9230724373131816
5001.0,732415.0,0.9201622132153177
5002.0,735438.0,0.923800225724929
5003.0,748611.0,0.9401821889941314
5004.0,759663.0,0.9538928515554703
5005.0,730832.0,0.9175251351667989
5006.0,698673.0,0.8769910582569882
5007.0,711331.0,0.8927147854922992
5008.0,736732.0,0.9244199592804093
5009.0,731303.0,0.9174342031845244
5010.0,722522.0,0.9062446327220558
5011.0,726212.0,0.9106963667157204
5012.0,723662.0,0.9073206108109971
5013.0,714327.0,0.8954388179160834
5014.0,703132.0,0.881228591791405
5015.0,714761.0,0.8956213815357854
5016.0,724560.0,0.9077136731525209
5017.0,702051.0,0.8793325179670709
5018.0,680084.0,0.8516399245721803
5019.0,697160.0,0.8728385891980865
5020.0,718728.0,0.8996490085974767
5021.0,718394.0,0.8990365477145135
5022.0,714230.0,0.8936303220331688
5023.0,718037.0,0.8981954325087964
5024.0,719188.0,0.8994348614204509
5025.0,719578.0,0.899720230244874
5026.0,717700.0,0.8971683453975985
5027.0,712883.0,0.890942563338811
5028.0,721435.0,0.9014220542013023
5029.0,728189.0,0.9096486530345037
5030.0,703008.0,0.8779858270621194
5031.0,691322.0,0.8631859589214586
5032.0,710188.0,0.8865294230630044
5033.0,705797.0,0.880834981038328
5034.0,679978.0,0.8484057807497095
5035.0,688507.0,0.8588359644434643
5036.0,713640.0,0.8899656603281548
5037.0,700635.0,0.8735287368170577
5038.0,680792.0,0.8485749733037138
5039.0,690385.0,0.8603133006662951
5040.0,673179.0,0.8386571926591094
5041.0,637429.0,0.7939140267325477
5042.0,652873.0,0.8129376250068588
5043.0,691353.0,0.8606257738249571
5044.0,702918.0,0.8747909200393631
5045.0,699853.0,0.8707443491326458
5046.0,698384.0,0.8686833220515308
5047.0,698451.0,0.8685316474538191
5048.0,700196.0,0.8704643132702653
5049.0,694061.0,0.8626006296588888
5050.0,691311.0,0.8589453371737417
5051.0,690291.0,0.8574392301803446
5052.0,664422.0,0.8250749003378673
5053.0,648088.0,0.8045642682431026
5054.0,678408.0,0.8419654512684588
5055.0,684720.0,0.8495560509320452
5056.0,654049.0,0.8112677104598175
5057.0,666222.0,0.8261272091180695
5058.0,686970.0,0.8516064732911409
5059.0,665769.0,0.825082080769255
5060.0,653929.0,0.810169274013456
5061.0,663622.0,0.8219335645970937
5062.0,660015.0,0.8172213511226548
5063.0,643452.0,0.7964732681498152
5064.0,633680.0,0.7841396149739138
5065.0,654017.0,0.8090585962998914
5066.0,668418.0,0.8266198371915298
5067.0,641946.0,0.7936374206234685
5068.0,637391.0,0.7877614595555655
5069.0,640095.0,0.7908563632758409
5070.0,625932.0,0.7731146909900429
5071.0,640731.0,0.7911436022212074
5072.0,645837.0,0.7971949561799887
5073.0,629282.0,0.7765120385029686
5074.0,636131.0,0.7847113573245464
5075.0,647300.0,0.7982312275941368
5076.0,635820.0,0.783819850597417
5077.0,617954.0,0.7615465041568212
5078.0,629541.0,0.7755713423992016
5079.0,639473.0,0.7875473005626374
5080.0,627495.0,0.7725394349725531
5081.0,632179.0,0.778046693987564
5082.0,614708.0,0.7562909948114459
5083.0,593086.0,0.7294431773991095
5084.0,615143.0,0.7563152834194282
5085.0,636017.0,0.7817138020189172
5086.0,633596.0,0.7784720449933142
5087.0,627506.0,0.7707247277991743
5088.0,631446.0,0.7752963197390278
5089.0,626901.0,0.7694490147331228
5090.0,627867.0,0.7703661817167826
5091.0,615355.0,0.754750210641204
5092.0,592405.0,0.726345877727454
5093.0,590116.0,0.7232837368605675
5094.0,586314.0,0.7183687391635253
5095.0,567251.0,0.6947644471671548
5096.0,547533.0,0.6703738723927594
5097.0,527916.0,0.6461232672953513
5098.0,533888.0,0.6531964359005846
5099.0,579346.0,0.7085558200783635
5100.0,602122.0,0.7361431662321251
5101.0,599646.0,0.7328478003251491
5102.0,601645.0,0.7350206613084682
5103.0,590038.0,0.7205745817467671
5104.0,583946.0,0.7128705952140669
5105.0,582897.0,0.7113252586908888
5106.0,563468.0,0.6873586587630001
5107.0,547779.0,0.6679694763100155
5108.0,538160.0,0.6559928278409056
5109.0,530702.0,0.6466573121059171
5110.0,529156.0,0.6445288217895233
5111.0,534598.0,0.6509092719238405
5112.0,561515.0,0.6834210720465784
5113.0,580135.0,0.7058124479668958
5114.0,578087.0,0.7030497581686489
5115.0,572861.0,0.6964246041655655
5116.0,554955.0,0.6743944466823919
5117.0,546502.0,0.6638633939192976
5118.0,544368.0,0.6610125252978101
5119.0,532506.0,0.6463550260763707
5120.0,519964.0,0.6308829881362943
5121.0,513061.0,0.6222613914378824
5122.0,516345.0,0.6259959730293685
5123.0,509837.0,0.6178599249509519
5124.0,496705.0,0.6017051506710871
5125.0,478082.0,0.5789132899515043
5126.0,446818.0,0.5408379153535634
5127.0,402230.0,0.48667124674663664
5128.0,351367.0,0.42495836198756354
5129.0,354942.0,0.42910779499147184
5130.0,440691.0,0.5325571537617214
5131.0,536112.0,0.6476047571080504
5132.0,579253.0,0.6994306952739165
5133.0,591720.0,0.714190347406234
5134.0,588740.0,0.7103003740468882
5135.0,580656.0,0.7002572827972776
5136.0,570765.0,0.6880432110647969
5137.0,560566.0,0.6754671739315609
5138.0,554255.0,0.6675836387190115
5139.0,553747.0,0.6666923602494788
5140.0,554924.0,0.667828715255951
5141.0,549813.0,0.6613990068848522
5142.0,544298.0,0.6544880091834218
5143.0,552427.0,0.66398114289393
5144.0,560554.0,0.6734628950257804
5145.0,553799.0,0.6650636792768385
5146.0,545432.0,0.6547356756235724
5147.0,539857.0,0.6477656913113568
5148.0,534709.0,0.6413129372225257
5149.0,536206.0,0.6428312341051745
5150.0,539756.0,0.646807532528796
5151.0,541643.0,0.6487875585997886
5152.0,543342.0,0.6505399101807531
5153.0,529533.0,0.6337303319930825
5154.0,514186.0,0.6150947442891201
5155.0,520529.0,0.622409933662557
5156.0,529093.0,0.6323724385738275
5157.0,524822.0,0.6269917130100018
5158.0,510947.0,0.6101463197122481
5159.0,498805.0,0.5953835619635284
5160.0,476823.0,0.568893099561113
5161.0,425886.0,0.5078948332087093
5162.0,353553.0,0.4214455320951127
5163.0,278556.0,0.331898645750736
5164.0,255359.0,0.3041233108531339
5165.0,375413.0,0.4469026933874121
5166.0,577418.0,0.6870663128619741
5167.0,687633.0,0.8178417424411513
5168.0,722702.0,0.8591630674630844
5169.0,759039.0,0.9019527230253758
5170.0,800325.0,0.9505806481969094
5171.0,803141.0,0.9534915538017454
5172.0,774584.0,0.9191695146182324
5173.0,777551.0,0.9222689415082528
5174.0,818359.0,0.9702278727155115
5175.0,851530.0,1.0090916220159576
5176.0,862811.0,1.0219900470259384
5177.0,865112.0,1.0242436029986088
5178.0,866323.0,1.0252039915070577
5179.0,867089.0,1.0256359431632651
5180.0,866399.0,1.0243448886780109
5181.0,861777.0,1.0184072134405255
5182.0,841857.0,0.994403862078485
5183.0,803961.0,0.9491983375014873
5184.0,794394.0,0.9374650011220015
5185.0,820716.0,0.9680744091699102
5186.0,838753.0,0.9888861012438377
5187.0,843555.0,0.9940805009471325
5188.0,832200.0,0.9802378063720171
5189.0,827351.0,0.9740668059094126
5190.0,839123.0,0.9874597694170766
5191.0,831930.0,0.9785320176853791
5192.0,813986.0,0.9569721376275214
5193.0,817793.0,0.9609913695857606
5194.0,828598.0,0.9732252327694232
5195.0,830567.0,0.9750731018163744
5196.0,839956.0,0.9856250223982437
5197.0,844511.0,0.9904963276415645
5198.0,842293.0,0.9874221607975819
5199.0,848208.0,0.9938800090700819
5200.0,854117.0,1.0003240517864325
5201.0,852528.0,0.9979841430724637
5202.0,846288.0,0.9902041779117944
5203.0,839158.0,0.9813905679693797
5204.0,819987.0,0.9585101392326831
5205.0,799891.0,0.9345708711493425
5206.0,803957.0,0.9388713105271566
5207.0,820061.0,0.9572192006291494
5208.0,819388.0,0.9559761649229225
5209.0,822570.0,0.959230163857547
5210.0,837421.0,0.9760827233381797
5211.0,848440.0,0.9884554499496135
5212.0,859992.0,1.0014377983991378
5213.0,869943.0,1.0125452323746325
5214.0,868709.0,1.0106308106006041
5215.0,852357.0,0.9911397221616357
5216.0,835636.0,0.9712392677095987
5217.0,840660.0,0.9766205729864151
5218.0,860172.0,0.9988214944798547
5219.0,872204.0,1.0123215715819986
5220.0,874198.0,1.014165558272399
5221.0,874396.0,1.0139269861830251
5222.0,875301.0,1.014509928045744
5223.0,874833.0,1.0135036634500976
5224.0,868204.0,1.0053660515446212
5225.0,844960.0,0.9780068054829378
5226.0,799244.0,0.924675765508789
5227.0,777569.0,0.8991962980851722
5228.0,816853.0,0.9442046302584487
5229.0,856222.0,0.9892736796048571
5230.0,865736.0,0.9998265362917425
5231.0,864662.0,0.9981503566221994
5232.0,852483.0,0.9836646822431232
5233.0,838729.0,0.9673779011240397
5234.0,841891.0,0.9706104415341372
5235.0,855370.0,0.9857327372041782
5236.0,868632.0,1.0005956108381246
5237.0,873086.0,1.0053076132771595
5238.0,871216.0,1.0027405747648608
5239.0,867094.0,0.9975884018852923
5240.0,866504.0,0.9965060910486917
5241.0,871417.0,1.001754600667959
5242.0,874001.0,1.0043266348232176
5243.0,874523.0,1.0045322095923774
5244.0,874959.0,1.0046430981835384
5245.0,872448.0,1.0013757314208787
5246.0,868023.0,0.9959192648697776
5247.0,865275.0,0.9923947844857031
5248.0,867225.0,0.9942637240366374
5249.0,865903.0,0.9923860578772166
5250.0,858074.0,0.9830597583511402
5251.0,857965.0,0.9825863327983128
5252.0,865248.0,0.9905809557568807
5253.0,867813.0,0.9931755966667771
5254.0,863490.0,0.9878933433455491
5255.0,859490.0,0.9829893623261962
5256.0,865202.0,0.9891978810477374
5257.0,872330.0,0.9970263083283261
5258.0,873359.0,0.9978867946798189
5259.0,871549.0,0.9955097402924392
5260.0,868515.0,0.9917423642616661
5261.0,859270.0,0.9808931034529959
5262.0,846062.0,0.9655336370622318
5263.0,839633.0,0.9579231007487772
5264.0,837734.0,0.9554896877607102
5265.0,833836.0,0.9507844046997667
5266.0,829458.0,0.945540704938799
5267.0,837105.0,0.9540103948903288
5268.0,835031.0,0.9514064152890577
5269.0,796911.0,0.9077507442003083
5270.0,775465.0,0.883111138034444
5271.0,812752.0,0.925359900112306
5272.0,849954.0,0.9674993050486049
5273.0,854197.0,0.9721182137248547
5274.0,853922.0,0.9716017141968404
5275.0,852198.0,0.9694443615952625
5276.0,850800.0,0.9676660193097902
5277.0,862947.0,0.9812984899321019
5278.0,874561.0,0.9943276667861672
5279.0,877210.0,0.9971692041053373
5280.0,871674.0,0.9907150132110012
5281.0,861109.0,0.9785560260543982
5282.0,855047.0,0.9715251822163086
5283.0,851692.0,0.9675797857811739
5284.0,852079.0,0.967894244410768
5285.0,864278.0,0.981632791807886
5286.0,874032.0,0.9925999746938491
5287.0,875307.0,0.9939452750598691
5288.0,876235.0,0.9949051471657886
5289.0,878311.0,0.9971771584740703
5290.0,879972.0,0.9989867486587678
5291.0,880825.0,0.999888057783534
5292.0,879450.0,0.9982695494923475
5293.0,875280.0,0.9934881475348654
5294.0,872668.0,0.9904849700573678
5295.0,872984.0,0.9908147459533349
5296.0,869399.0,0.9867267084266284
5297.0,862042.0,0.9783675078845329
5298.0,860294.0,0.9763840169655087
5299.0,867817.0,0.9849324914611645
5300.0,870760.0,0.9882930538779492
5301.0,862737.0,0.9792174009252244
5302.0,858799.0,0.9747879830522217
5303.0,869040.0,0.9864632271375547
5304.0,881028.0,1.0001334013104834
5305.0,881733.0,1.0010066272563065
5306.0,873180.0,0.9913791220602755
5307.0,863192.0,0.9801306381336738
5308.0,862795.0,0.9797812631749082
5309.0,872590.0,0.9910168082159608
5310.0,878969.0,0.9983846533797504
5311.0,881229.0,1.001084838055826
5312.0,883284.0,1.0035624230256053
5313.0,877622.0,0.9972810310163787
5314.0,867888.0,0.9863790034667166
5315.0,861785.0,0.979609839382705
5316.0,852535.0,0.9692692542897134
5317.0,853988.0,0.971104312192016
5318.0,869519.0,0.988960428976639
5319.0,873354.0,0.9935269445433598
5320.0,866165.0,0.985560259890568
5321.0,867096.0,0.9868397078324683
5322.0,874633.0,0.9956479007557938
5323.0,869550.0,0.990098783356267
5324.0,854979.0,0.9737488530993085
5325.0,851888.0,0.970476450132048
5326.0,849951.0,0.9685248519527935
5327.0,822553.0,0.9375587373715932
5328.0,790789.0,0.9016047901797081
5329.0,812164.0,0.9262400342456785
5330.0,855611.0,0.9760758480549243
5331.0,870651.0,0.9935319137227062
5332.0,866099.0,0.9886414837188967
5333.0,862496.0,0.9848383770809852
5334.0,866205.0,0.989391318776894
5335.0,868509.0,0.9923483820136443
5336.0,860487.0,0.9835114804406738
5337.0,854279.0,0.9767488705363714
5338.0,861201.0,0.9850051790291734
5339.0,858121.0,0.9818293265455117
5340.0,840133.0,0.9615937240272173
5341.0,839686.0,0.9614333114368212
5342.0,861277.0,0.9865209105323705
5343.0,875248.0,1.0029013718366266
5344.0,875180.0,1.0032069714277174
5345.0,868473.0,0.995904942727487
5346.0,860850.0,0.9875515063771325
5347.0,860593.0,0.9876499074926379
5348.0,862122.0,0.9898037109799805
5349.0,862515.0,0.9906591815352425
5350.0,869231.0,0.9987853337135456
5351.0,877219.0,1.00838490839285
5352.0,875613.0,1.006963736865006
5353.0,869535.0,1.0004005673124474
5354.0,868122.0,0.9992052549057935
5355.0,870299.0,1.002146733441611
5356.0,875788.0,1.0089100475241382
5357.0,879191.0,1.0132789103193072
5358.0,875239.0,1.0091747490296352
5359.0,867183.0,1.0003362083128589
5360.0,862750.0,0.9956741681112059
5361.0,865105.0,0.998848440167154
5362.0,866275.0,1.0006598244140321
5363.0,864166.0,0.9986863575750871
5364.0,859896.0,0.9942152600993147
5365.0,849296.0,0.9824203882717454
5366.0,843921.0,0.9766637210822572
5367.0,849968.0,0.9841287878209248
5368.0,860543.0,0.9968483712419914
5369.0,861480.0,0.9984122594207563
5370.0,839733.0,0.9736773309915558
5371.0,803824.0,0.932491405174306
5372.0,801207.0,0.9299069086407659
5373.0,841463.0,0.9771054087893755
5374.0,871417.0,1.0123828990918555
5375.0,875725.0,1.0178870011622938
5376.0,864643.0,1.0055005411218647
5377.0,851383.0,0.9905688449437268
5378.0,849771.0,0.9891822238358027
5379.0,853664.0,0.9942062952648699
5380.0,851225.0,0.9918578512908278
5381.0,848225.0,0.9888535537469875
5382.0,841187.0,0.9811368116651943
5383.0,831607.0,0.9704462072715654
5384.0,841321.0,0.9822714443087948
5385.0,864192.0,1.0094773463446614
5386.0,874230.0,1.0217122878146256
5387.0,867458.0,1.0143034734169516
5388.0,853940.0,0.9989948963469784
5389.0,849302.0,0.9940640489141425
5390.0,856662.0,1.0031775963758975
5391.0,863843.0,1.0120896296990247
5392.0,857592.0,1.005264593375547
5393.0,845941.0,0.9920986601676711
5394.0,845062.0,0.9915578117656653
5395.0,840726.0,0.9869567446105934
5396.0,822397.0,0.9659146811967924
5397.0,810773.0,0.9527292777451241
5398.0,821678.0,0.9660157170196547
5399.0,838049.0,0.9857425418932905
5400.0,849546.0,0.9997507443401547
5401.0,853149.0,1.0044760959498724
5402.0,847625.0,0.9984525587530536
5403.0,832811.0,0.9814724187664461
5404.0,819757.0,0.966548614703052
5405.0,817009.0,0.9637651608250702
5406.0,816694.0,0.9638476458751014
5407.0,822834.0,0.9715489073323099
5408.0,824951.0,0.9745019518289224
5409.0,823850.0,0.9736513576690926
5410.0,829876.0,0.981223375593364
5411.0,842841.0,0.9970070091494184
5412.0,841267.0,0.9955950997789788
5413.0,825557.0,0.9774413351094867
5414.0,827207.0,0.9798304149391941
5415.0,842535.0,0.9984263220825694
5416.0,851899.0,1.0099636657077662
5417.0,846731.0,1.0042707763686762
5418.0,827482.0,0.9818603778345095
5419.0,814274.0,0.9665973277746797
5420.0,828666.0,0.9840934740613276
5421.0,849945.0,1.0097814036657156
5422.0,856255.0,1.017694014959573
5423.0,832354.0,0.9896861779748175
5424.0,803185.0,0.9553842418438504
5425.0,814705.0,0.9694682059203983
5426.0,844567.0,1.0053923886019394
5427.0,853136.0,1.0159809799455968
5428.0,826806.0,0.9849954376858483
5429.0,781889.0,0.9318293720736951
5430.0,776291.0,0.9254945732812232
5431.0,816663.0,0.9739743401761218
5432.0,835686.0,0.9970117728460335
5433.0,808717.0,0.9651690965958003
5434.0,782719.0,0.934457330574137
5435.0,788709.0,0.9419203602166111
5436.0,811346.0,0.969268810793668
5437.0,829992.0,0.9918584441446713
5438.0,836928.0,1.000456872914093
5439.0,835516.0,0.9990708870940894
5440.0,828909.0,0.9914626449956391
5441.0,823251.0,0.9849776648891984
5442.0,826824.0,0.9895286848384954
5443.0,832394.0,0.9964648268585551
5444.0,828599.0,0.9921826153673113
5445.0,810993.0,0.9713480758269352
5446.0,785619.0,0.9411885998324786
5447.0,771180.0,0.9241098672277076
5448.0,793934.0,0.9515938472182134
5449.0,827580.0,0.992139472100573
5450.0,842890.0,1.010706921672277
5451.0,831115.0,0.996788623083851
5452.0,817275.0,0.9803783987539447
5453.0,827125.0,0.9923757098706734
5454.0,826779.0,0.9921325593031716
5455.0,795962.0,0.9553085245509745
5456.0,771842.0,0.9265022591063324
5457.0,789199.0,0.9474733428196264
5458.0,820108.0,0.98471260939809
5459.0,831691.0,0.9987434556395342
5460.0,829588.0,0.996330338062546
5461.0,817634.0,0.9820739184228992
5462.0,803183.0,0.9648047096364898
5463.0,809215.0,0.9721287182349048
5464.0,824675.0,0.9907699521348704
5465.0,816291.0,0.9807544817178356
5466.0,803055.0,0.9648970543470328
5467.0,801248.0,0.9627602905815503
5468.0,801023.0,0.962513613207592
5469.0,798094.0,0.9590071069178492
5470.0,811228.0,0.9747917359314573
5471.0,830151.0,0.9975218317076924
5472.0,818363.0,0.9833384650427401
5473.0,802193.0,0.963880064671259
5474.0,810655.0,0.9740083594166512
5475.0,819734.0,0.9848667959413708
5476.0,803324.0,0.9650919616161368
5477.0,778323.0,0.9349895362166155
5478.0,785900.0,0.9440145025678328
5479.0,818138.0,0.9826481378210166
5480.0,835373.0,1.0032464714260065
5481.0,818848.0,0.9832906703808356
5482.0,793007.0,0.9521443411557738
5483.0,797547.0,0.9574695358754348
5484.0,810966.0,0.9734419133031964
5485.0,810734.0,0.9730168148157509
5486.0,805226.0,0.9662515453141532
5487.0,788803.0,0.946383913642659
5488.0,781246.0,0.9371496751593444
5489.0,794106.0,0.9523969583761057
5490.0,795959.0,0.9544312394341844
5491.0,784170.0,0.9401013895321844
5492.0,772268.0,0.9256337325024788
5493.0,773134.0,0.926464428940388
5494.0,793055.0,0.9501153860652453
5495.0,798979.0,0.9569819355758667
5496.0,762897.0,0.9135365363365299
5497.0,729229.0,0.8729953574004581
5498.0,743678.0,0.8900559688118466
5499.0,770294.0,0.9216578192641778
5500.0,762811.0,0.9124465516321694
5501.0,733634.0,0.8772911458346976
5502.0,747704.0,0.89384943410013
5503.0,792032.0,0.946551759237791
5504.0,807228.0,0.9644094892419223
5505.0,789753.0,0.9432283563847225
5506.0,764970.0,0.9133284910441835
5507.0,773196.0,0.9228391519648592
5508.0,796444.0,0.9502596406706646
5509.0,802040.0,0.9566003881828952
5510.0,786438.0,0.9376557049697498
5511.0,778818.0,0.9282313237549578
5512.0,795108.0,0.9472937629488261
5513.0,807076.0,0.9611879805768301
5514.0,790986.0,0.9416621410506378
5515.0,773344.0,0.9202981784321937
5516.0,792682.0,0.9429344943088187
5517.0,806982.0,0.9595558517062006
5518.0,790380.0,0.9394279510316342
5519.0,771434.0,0.9165258539019218
5520.0,777982.0,0.92391332037638
5521.0,793305.0,0.9417052145037657
5522.0,791517.0,0.9391728863019834
5523.0,767621.0,0.9104164907724468
5524.0,753164.0,0.8928701149795562
5525.0,769538.0,0.9118676486873522
5526.0,770771.0,0.9129094207846582
5527.0,742102.0,0.8785452458105198
5528.0,732057.0,0.8662461200393368
5529.0,758401.0,0.8969926473687613
5530.0,776530.0,0.9179933948694968
5531.0,768752.0,0.9083572777020679
5532.0,755179.0,0.8918818048305382
5533.0,760226.0,0.8973977004243138
5534.0,770614.0,0.909205137869997
5535.0,761294.0,0.8977555664476026
5536.0,742155.0,0.8747400933568399
5537.0,737035.0,0.868258985498145
5538.0,729241.0,0.8586320552942209
5539.0,700198.0,0.824005023125792
5540.0,686211.0,0.8071194468203505
5541.0,727609.0,0.8553572716849918
5542.0,780268.0,0.9167710528391717
5543.0,793131.0,0.9313821727308543
5544.0,782536.0,0.9184416246439868
5545.0,791501.0,0.9284559693951269
5546.0,798732.0,0.9364227585974868
5547.0,782498.0,0.9168823291429415
5548.0,769873.0,0.9015865964762874
5549.0,785735.0,0.9196466422592225
5550.0,798534.0,0.9341000998230578
5551.0,777829.0,0.9093642496037335
5552.0,767061.0,0.8962642043018492
5553.0,790262.0,0.9228441374813073
5554.0,795902.0,0.9288951803786206
5555.0,769172.0,0.8971792519044868
5556.0,766757.0,0.8938424448898596
5557.0,789681.0,0.9200284338296284
5558.0,781557.0,0.9100294824552179
5559.0,763231.0,0.8881677506594298
5560.0,777944.0,0.9047540070147545
5561.0,783429.0,0.9105924253333165
5562.0,758744.0,0.8813754272154768
5563.0,760890.0,0.8833400718182154
5564.0,783636.0,0.909201138329595
5565.0,770000.0,0.8928428826479097
5566.0,749479.0,0.8685238254122919
5567.0,764960.0,0.8859275634287834
5568.0,768152.0,0.8890847884666351
5569.0,749248.0,0.8666774158692124
5570.0,757329.0,0.8754910963542919
5571.0,767014.0,0.8861456733824723
5572.0,740505.0,0.854995785118883
5573.0,730848.0,0.8433283354959253
5574.0,746990.0,0.8614252771973299
5575.0,734038.0,0.8459684006330662
5576.0,716492.0,0.8252382281600489
5577.0,732056.0,0.8426444207504351
5578.0,743656.0,0.8554682215852031
5579.0,742285.0,0.8533633065714061
5580.0,753901.0,0.8661814109100867
5581.0,744155.0,0.8544546458174115
5582.0,709094.0,0.8136925579298404
5583.0,683528.0,0.7838692960376773
5584.0,654134.0,0.7496953275330198
5585.0,657628.0,0.7532325489645061
5586.0,732989.0,0.8390289456472876
5587.0,784634.0,0.8975886530623339
5588.0,790870.0,0.9041617990743759
5589.0,808326.0,0.9235460123354333
5590.0,814548.0,0.9300788327866526
5591.0,819884.0,0.935592582286682
5592.0,832738.0,0.9496733455008359
5593.0,817792.0,0.9320527563041995
5594.0,810076.0,0.9226892825512449
5595.0,813688.0,0.9262325382566283
5596.0,812869.0,0.9247311154219725
5597.0,818047.0,0.9300501467347351
5598.0,805952.0,0.9157373654124286
5599.0,802166.0,0.9108778528387353
5600.0,813965.0,0.9237113497117743
5601.0,810532.0,0.9192548498797193
5602.0,809181.0,0.917164531422578
5603.0,805091.0,0.9119751152016732
5604.0,810349.0,0.9173756871196304
5605.0,818079.0,0.9255676838320072
5606.0,816567.0,0.9233010205113321
5607.0,815326.0,0.9213446338190623
5608.0,806362.0,0.9106699620520314
5609.0,803187.0,0.9065434322543086
5610.0,801370.0,0.903955174642436
5611.0,805235.0,0.9077771499438251
5612.0,807590.0,0.9098949992838786
5613.0,805226.0,0.906698436327079
5614.0,791860.0,0.8911262555199454
5615.0,772178.0,0.8684705078101522
5616.0,767824.0,0.8630724343667245
5617.0,780950.0,0.8773196064059045
5618.0,786018.0,0.8825052665515973
5619.0,784591.0,0.8803990093516348
5620.0,784801.0,0.8801332238404387
5621.0,783266.0,0.8779141672373508
5622.0,775863.0,0.8691266034503325
5623.0,762971.0,0.8542059516437535
5624.0,745869.0,0.8345936065858809
5625.0,738528.0,0.8259215633762885
5626.0,760481.0,0.8500040486315215
5627.0,789023.0,0.881423355704112
5628.0,795603.0,0.8882906285046255
5629.0,793038.0,0.8849484848644433
5630.0,786737.0,0.8774461491836734
5631.0,769694.0,0.8579806988196763
5632.0,741153.0,0.8257288470744013
5633.0,695274.0,0.77420759589537
5634.0,643797.0,0.7165128071389918
5635.0,657136.0,0.7309801609092236
5636.0,764928.0,0.8504484530387211
5637.0,861698.0,0.9575499719819621
5638.0,894684.0,0.9937034842601364
5639.0,898670.0,0.9976312659737172
5640.0,898116.0,0.9965218536089864
5641.0,896942.0,0.9947301804046131
5642.0,898126.0,0.9955583777144721
5643.0,901487.0,0.9988021769585318
5644.0,902961.0,0.9999576554037493
5645.0,901713.0,0.9981036428832304
5646.0,900815.0,0.9966432601234665
5647.0,903791.0,0.9994730950934851
5648.0,906602.0,1.0021227644998614
5649.0,904936.0,0.9998284775144671
5650.0,904689.0,0.9991083393635859
5651.0,907335.0,1.0015874274683274
5652.0,905557.0,0.9991880724379152
5653.0,902805.0,0.9957217847392801
5654.0,906580.0,0.9994594532013668
5655.0,907897.0,1.0004906680682977
5656.0,901364.0,0.9928794909799974
5657.0,891075.0,0.9811444450424137
5658.0,883498.0,0.9724093837864298
5659.0,887336.0,0.9762456398082328
5660.0,896483.0,0.985923202367043
5661.0,900063.0,0.9894790015241115
5662.0,899814.0,0.9888301908855337
5663.0,900266.0,0.9889579057226798
5664.0,903260.0,0.9918829911013505
5665.0,904627.0,0.9930261173572137
5666.0,904105.0,0.9921018135936746
5667.0,903692.0,0.9913040433347601
5668.0,903433.0,0.9906820666307407
5669.0,901569.0,0.9883074384859067
5670.0,901637.0,0.9880578447708446
5671.0,906581.0,0.9931562885243034
5672.0,911605.0,0.9983453195789214
5673.0,913619.0,1.000241933320594
5674.0,908972.0,0.9948532179508823
5675.0,904184.0,0.9893195474358266
5676.0,907379.0,0.9925272600005801
5677.0,912471.0,0.9978135437593219
5678.0,913349.0,0.9984959808676499
5679.0,908972.0,0.9934406408527179
5680.0,905864.0,0.9897804342623857
5681.0,908994.0,0.992942040130176
5682.0,912337.0,0.9963403959970044
5683.0,910054.0,0.993600294783851
5684.0,902316.0,0.9849128725501255
5685.0,900402.0,0.9825908145624139
5686.0,905884.0,0.9883446102892699
5687.0,911103.0,0.9938144148949903
5688.0,914069.0,0.9968302902292324
5689.0,911428.0,0.9937369698562616
5690.0,907280.0,0.9890076171699353
5691.0,908243.0,0.9898558169929557
5692.0,913336.0,0.9952091948701726
5693.0,917201.0,0.9992279389348493
5694.0,914964.0,0.996603946204528
5695.0,909034.0,0.9899643391329364
5696.0,907304.0,0.9879053496595954
5697.0,912373.0,0.9932538678044947
5698.0,918423.0,0.9996734088897143
5699.0,917891.0,0.9989327438902575
5700.0,911108.0,0.9913954598813207
5701.0,904504.0,0.9840601504481291
5702.0,905406.0,0.9848968517420884
5703.0,912985.0,0.9930002784865916
5704.0,917312.0,0.9975696997059572
5705.0,915060.0,0.9949889830899856
5706.0,911632.0,0.9911350801893117
5707.0,909558.0,0.9887586826613951
5708.0,907436.0,0.9863352687561463
5709.0,904081.0,0.9825768918638115
5710.0,903088.0,0.9813906183185143
5711.0,904376.0,0.9826875332971948
5712.0,907083.0,0.9855302838003676
5713.0,910807.0,0.9894816758852787
5714.0,913569.0,0.992391652138675
5715.0,915460.0,0.9943593351471701
5716.0,917580.0,0.9965796577970132
5717.0,919245.0,0.9983097109573446
5718.0,917968.0,0.9968488804990485
5719.0,915387.0,0.9939764435022821
5720.0,913416.0,0.9917708045897585
5721.0,911599.0,0.9897366752140795
5722.0,911975.0,0.9900876001210597
5723.0,915138.0,0.9934679685330657
5724.0,915736.0,0.9940674803636169
5725.0,914640.0,0.9928319772452051
5726.0,915755.0,0.9940003119134148
5727.0,916940.0,0.9952483043061622
5728.0,914545.0,0.9926143366931094
5729.0,909712.0,0.9873381875616988
5730.0,904448.0,0.9815981996395093
5731.0,900901.0,0.9777254761055643
5732.0,901560.0,0.9784209949722129
5733.0,903647.0,0.9806696611904018
5734.0,904718.0,0.9818190977360373
5735.0,905939.0,0.983134672407131
5736.0,907853.0,0.98520561655317
5737.0,907648.0,0.9849803092859136
5738.0,906554.0,0.9837935226584926
5739.0,906694.0,0.9839490913541825
5740.0,905370.0,0.9825190845520386
5741.0,900584.0,0.9773351354995896
5742.0,894459.0,0.9707009989314124
5743.0,890421.0,0.9663345990929249
5744.0,891839.0,0.9678922622209724
5745.0,896451.0,0.9729193531525834
5746.0,898670.0,0.9753523757273084
5747.0,894902.0,0.9712903296105412
5748.0,891029.0,0.9671168690794117
5749.0,889787.0,0.9658016424025488
5750.0,890850.0,0.9669910242557732
5751.0,890758.0,0.966929383476757
5752.0,890403.0,0.9665848473319593
5753.0,890996.0,0.9672720055984315
5754.0,886485.0,0.962420551043917
5755.0,885850.0,0.9617793218516383
5756.0,892806.0,0.9693825412539495
5757.0,891954.0,0.9685108216983014
5758.0,885334.0,0.9613779353509705
5759.0,886366.0,0.9625562642340485
5760.0,890919.0,0.9675608966554852
5761.0,889735.0,0.9663374650424914
5762.0,889728.0,0.9663944803949578
5763.0,890747.0,0.9675681347583867
5764.0,892272.0,0.9692937379923576
5765.0,894716.0,0.9720200602349157
5766.0,896190.0,0.9736949307032624
5767.0,897832.0,0.9755545921426371
5768.0,898420.0,0.9762711655749431
5769.0,898154.0,0.976061687994195
5770.0,895816.0,0.9736021266130513
5771.0,893476.0,0.9711417970725051
5772.0,897804.0,0.9759310674521315
5773.0,900636.0,0.9790965942874971
5774.0,896611.0,0.9748093559240789
5775.0,898060.0,0.9764749524622698
5776.0,903509.0,0.9824921450404825
5777.0,900104.0,0.9788831368185612
5778.0,895406.0,0.9738686600888786
5779.0,900014.0,0.9789771469111845
5780.0,900210.0,0.9792885258474716
5781.0,890834.0,0.9691874635619456
5782.0,890061.0,0.9684463216560725
5783.0,899830.0,0.9791779327478454
5784.0,902272.0,0.9819391284727996
5785.0,896193.0,0.9754277824047878
5786.0,895567.0,0.9748519745512199
5787.0,901679.0,0.9816125026587974
5788.0,902602.0,0.9827259958999012
5789.0,897011.0,0.9767477598563484
5790.0,898555.0,0.9785393135501441
5791.0,902963.0,0.9834515377683852
5792.0,901683.0,0.9821700898376656
5793.0,896561.0,0.9767038039186091
5794.0,897807.0,0.9781751295742831
5795.0,903144.0,0.9841053331091191
5796.0,901759.0,0.9827122439916155
5797.0,895156.0,0.9756324334459406
5798.0,895171.0,0.9757654394968746
5799.0,904032.0,0.9855426910127084
5800.0,906149.0,0.987969938744477
5801.0,900068.0,0.9814589971704603
5802.0,897813.0,0.9791194572602933
5803.0,900429.0,0.9820925736236039
5804.0,905396.0,0.9876313713660656
5805.0,903452.0,0.9856322645732394
5806.0,897290.0,0.9790307456745155
5807.0,899007.0,0.9810256987338946
5808.0,903901.0,0.9864886650757734
5809.0,907755.0,0.9908180253647714
5810.0,907284.0,0.9904272787613929
5811.0,902380.0,0.985196705812811
5812.0,901519.0,0.9843794979586329
5813.0,906059.0,0.9894602653956159
5814.0,912219.0,0.9963116228763267
5815.0,912795.0,0.9970651085905013
5816.0,902927.0,0.9864090541419476
5817.0,897159.0,0.9802298278367164
5818.0,904177.0,0.9880205070051563
5819.0,913042.0,0.9978314078954682
5820.0,914036.0,0.9990414562386062
5821.0,907316.0,0.991819032761578
5822.0,901829.0,0.9859424606198323
5823.0,902769.0,0.9870913415140723
5824.0,907870.0,0.9927902617980197
5825.0,913101.0,0.9986322512368135
5826.0,911063.0,0.9965242539453663
5827.0,904119.0,0.9890483061986153
5828.0,903847.0,0.9888695456127667
5829.0,909027.0,0.9946556371982614
5830.0,912684.0,0.9987757245385235
5831.0,910806.0,0.9968381984056649
5832.0,905435.0,0.991076018324412
5833.0,903143.0,0.9886822629132582
5834.0,904375.0,0.9901452740828851
5835.0,907060.0,0.9931986682261441
5836.0,913726.0,1.0006113241778496
5837.0,917782.0,1.0051661163224965
5838.0,913065.0,1.0001114838425582
5839.0,906159.0,0.9926567053481551
5840.0,902897.0,0.9891915065991955
5841.0,904849.0,0.9914374543538591
5842.0,912573.0,1.0000078676847872
5843.0,916463.0,1.0043772802958428
5844.0,911848.0,0.9994247291683025
5845.0,908953.0,0.996355502615601
5846.0,908537.0,0.9960022754999217
5847.0,909625.0,0.9972969242033939
5848.0,911008.0,0.9989142967729547
5849.0,908022.0,0.9957399357486246
5850.0,905140.0,0.9926780105843003
5851.0,908271.0,0.9962096797154798
5852.0,905039.0,0.9927613204510851
5853.0,887388.0,0.9734932214220875
5854.0,881672.0,0.9673148181151663
5855.0,898982.0,0.9863993738528979
5856.0,907388.0,0.9957158364548493
5857.0,897865.0,0.9853570106869056
5858.0,892356.0,0.9794009011943711
5859.0,891253.0,0.9782790185931104
5860.0,890915.0,0.9779958058402709
5861.0,895935.0,0.9835938789547461
5862.0,901811.0,0.9901318845066795
5863.0,902568.0,0.9910493138013424
5864.0,899308.0,0.9875548396661666
5865.0,897462.0,0.9856117769282484
5866.0,896029.0,0.9841211228308729
5867.0,896433.0,0.984647132853272
5868.0,898887.0,0.9874242983236654
5869.0,899454.0,0.9881280428926658
5870.0,896898.0,0.9853998996687086
5871.0,892470.0,0.9806136017400892
5872.0,886955.0,0.9746312710263739
5873.0,882055.0,0.969323035853727
5874.0,882859.0,0.9702820013726215
5875.0,891069.0,0.9793803144336585
5876.0,896244.0,0.9851431872952023
5877.0,893034.0,0.9816887374407697
5878.0,884144.0,0.9719886537273675
5879.0,878432.0,0.965780379468939
5880.0,876372.0,0.9635858802293111
5881.0,876170.0,0.9634333713869284
5882.0,881946.0,0.9698539639190507
5883.0,883962.0,0.972139667481633
5884.0,877988.0,0.9656373266486868
5885.0,879822.0,0.9677214313616288
5886.0,887843.0,0.976610698611068
5887.0,884668.0,0.9731842437524616
5888.0,865769.0,0.9524581884810903
5889.0,839156.0,0.9232417256613376
5890.0,824294.0,0.9069500859646944
5891.0,845688.0,0.9305498491566772
5892.0,875187.0,0.9630709052022778
5893.0,882908.0,0.9716290532241999
5894.0,874303.0,0.9622199423847674
5895.0,849337.0,0.9348016825469542
5896.0,834318.0,0.918328000904443
5897.0,855231.0,0.9414042137500765
5898.0,875246.0,0.9634940773885132
5899.0,883900.0,0.9730787410987203
5900.0,888585.0,0.9782942301188948
5901.0,882144.0,0.9712597542766953
5902.0,879096.0,0.9679598447899986
5903.0,886019.0,0.9756385181861391
5904.0,887330.0,0.9771374838955238
5905.0,887292.0,0.9771504212386509
5906.0,890558.0,0.980801593380313
5907.0,885549.0,0.9753385629224571
5908.0,880022.0,0.969303824333216
5909.0,887624.0,0.9777296540319204
5910.0,893110.0,0.9838249139060021
5911.0,884063.0,0.9739102896299192
5912.0,876836.0,0.9659991684473418
5913.0,882515.0,0.972305820330946
5914.0,888336.0,0.9787690617228878
5915.0,886239.0,0.9765079524889569
5916.0,885551.0,0.9757987072213461
5917.0,889981.0,0.980728758894645
5918.0,891374.0,0.9823119724002163
5919.0,885935.0,0.9763654911513605
5920.0,878981.0,0.9687482406395119
5921.0,880774.0,0.9707705583457045
5922.0,884190.0,0.9745815322615188
5923.0,883743.0,0.9741342962429939
5924.0,883578.0,0.973997433239676
5925.0,891050.0,0.9822790259881401
5926.0,897001.0,0.9888841388263271
5927.0,891257.0,0.9825958781332208
5928.0,885878.0,0.9767090611528048
5929.0,886331.0,0.9772515654792981
5930.0,894220.0,0.9859928643955411
5931.0,898719.0,0.9909964508629237
5932.0,888984.0,0.9803039031479357
5933.0,876544.0,0.9666270666505961
5934.0,879540.0,0.9699717898858544
5935.0,895653.0,0.9877826859400565
5936.0,903187.0,0.9961328444987775
5937.0,891500.0,0.9832834540124018
5938.0,879596.0,0.9701933171188232
5939.0,884010.0,0.975101245139347
5940.0,895122.0,0.9873977162826264
5941.0,898480.0,0.9911411617043538
5942.0,892381.0,0.9844518620256306
5943.0,888005.0,0.97966257106673
5944.0,890921.0,0.9829175782373324
5945.0,892161.0,0.9843234052547523
5946.0,894524.0,0.9869681062758459
5947.0,893575.0,0.985958310110298
5948.0,882371.0,0.973632512483251
5949.0,880767.0,0.9718988278068293
5950.0,890483.0,0.9826564851929562
5951.0,894894.0,0.9875603498590964
5952.0,897287.0,0.9902372815055672
5953.0,896660.0,0.9895812039624781
5954.0,884311.0,0.9759876250867738
5955.0,876507.0,0.9674092078133129
5956.0,880768.0,0.9721466952122025
5957.0,883229.0,0.9748974931372157
5958.0,888109.0,0.9803184411565644
5959.0,892927.0,0.9856711349932863
5960.0,886758.0,0.9788954238279645
5961.0,885581.0,0.9776299405455644
5962.0,898022.0,0.9913981950233
5963.0,906825.0,1.0011508108276688
5964.0,906727.0,1.0010767349204226
5965.0,900636.0,0.9943856715390911
5966.0,890182.0,0.9828766894216466
5967.0,888108.0,0.9806197149517657
5968.0,893278.0,0.9863613142392387
5969.0,898408.0,0.9920590022178005
5970.0,903662.0,0.9978938689481377
5971.0,905777.0,1.0002625406537953
5972.0,901208.0,0.9952497411345628
5973.0,892169.0,0.9852998480346081
5974.0,886469.0,0.979036812461923
5975.0,896200.0,0.989816109050855
5976.0,907536.0,1.0023686430306529
5977.0,905427.0,1.0000713938081547
5978.0,896037.0,0.9897314651440234
5979.0,888048.0,0.9809382263414519
5980.0,890343.0,0.9835042980189117
5981.0,900740.0,0.9950203561943591
5982.0,905177.0,0.9999528758840794
5983.0,897801.0,0.991835198557083
5984.0,889352.0,0.9825313672747901
5985.0,889121.0,0.9823060229428955
5986.0,890370.0,0.9837155805099347
5987.0,888713.0,0.981914210401797
5988.0,892782.0,0.9864391574887146
5989.0,898387.0,0.9926612858729834
5990.0,895648.0,0.9896636348316525
5991.0,893391.0,0.9871981361662854
5992.0,893474.0,0.9873179814275657
5993.0,882595.0,0.9753238249103613
5994.0,872203.0,0.963866874662144
5995.0,878349.0,0.9706855425014028
5996.0,892339.0,0.986173106405417
5997.0,893666.0,0.9876662242665851
5998.0,884745.0,0.9778328502099377
5999.0,882604.0,0.9754921674016072
6000.0,878803.0,0.9713162656437837
6001.0,875440.0,0.9676239194101292
6002.0,881381.0,0.9742149996444639
6003.0,881146.0,0.9739793678947144
6004.0,870115.0,0.9618096442457882
6005.0,866346.0,0.9576664337223808
6006.0,876184.0,0.9685642956760864
6007.0,879904.0,0.9726990670665066
6008.0,875494.0,0.9678460281472275
6009.0,878928.0,0.9716639858526563
6010.0,888336.0,0.9820861599412076
6011.0,892298.0,0.9864874879127941
6012.0,889368.0,0.9832688975487279
6013.0,881080.0,0.9741259018824343
6014.0,873038.0,0.9652540717793621
6015.0,872896.0,0.9651160615560566
6016.0,880948.0,0.9740374466119389
6017.0,886270.0,0.9799401677209738
6018.0,888019.0,0.9818919256062703
6019.0,883335.0,0.9767301059010108
6020.0,875960.0,0.9685920439156701
6021.0,881293.0,0.9745053072588326
6022.0,887714.0,0.9816213561258424
6023.0,881933.0,0.9752441095059045
6024.0,879095.0,0.972120574742476
6025.0,884663.0,0.9782920789419722
6026.0,884497.0,0.9781222731530161
6027.0,883337.0,0.976852689414266
6028.0,884262.0,0.9778882847251221
6029.0,886091.0,0.9799230783880306
6030.0,886703.0,0.9806114670565784
6031.0,881973.0,0.9753914750785568
6032.0,882871.0,0.9763949755910356
6033.0,885820.0,0.9796662009201039
6034.0,887004.0,0.9809848888780186
6035.0,890736.0,0.9851209926704525
6036.0,887266.0,0.9812913449622606
6037.0,877972.0,0.9710197907657984
6038.0,879184.0,0.9723669806447043
6039.0,889757.0,0.9840667821517944
6040.0,888653.0,0.9828513068620313
6041.0,879739.0,0.9729972595033911
6042.0,879865.0,0.9731408172913145
6043.0,886216.0,0.9801686683957705
6044.0,885125.0,0.9789649073454001
6045.0,882466.0,0.9760262255583483
6046.0,888352.0,0.9825378215402528
6047.0,891607.0,0.9861387942862084
6048.0,881444.0,0.9748984376602778
6049.0,874310.0,0.9670075318635881
6050.0,883288.0,0.976936170190049
6051.0,892879.0,0.9875420513477446
6052.0,886736.0,0.9807450808730972
6053.0,876271.0,0.9691672317773687
6054.0,878265.0,0.9713685005779339
6055.0,885500.0,0.9793655706511896
6056.0,882586.0,0.9761370429606719
6057.0,869250.0,0.9613811771805872
6058.0,860062.0,0.9512123728077803
6059.0,858945.0,0.9499692747115192
6060.0,868887.0,0.9609562766288625
6061.0,884316.0,0.9780106555615141
6062.0,897054.0,0.9920878093373243
6063.0,899828.0,0.9951443808421903
6064.0,888767.0,0.9828997383256127
6065.0,879904.0,0.9730853505227334
6066.0,884336.0,0.9779731359727034
6067.0,895688.0,0.9905125558685514
6068.0,901329.0,0.9967352337742881
6069.0,898111.0,0.9931602808941996
6070.0,890983.0,0.9852608524285853
6071.0,890361.0,0.9845551282533127
6072.0,899102.0,0.9942019012448476
6073.0,904916.0,1.0006108781582215
6074.0,898330.0,0.9933076770919861
6075.0,888465.0,0.9823782848601741
6076.0,891985.0,0.9862479751988181
6077.0,901497.0,0.996741639851263
6078.0,904684.0,1.0002407959265578
6079.0,903319.0,0.9987061636737286
6080.0,896923.0,0.9916085583184109
6081.0,891881.0,0.9860072864891944
6082.0,898609.0,0.9934171791583187
6083.0,906409.0,1.002010750086054
6084.0,903663.0,0.9989448654758561
6085.0,899810.0,0.9946545044891029
6086.0,894691.0,0.988964033589791
6087.0,890979.0,0.9848281520013569
6088.0,898876.0,0.9935229268308423
6089.0,904750.0,0.9999801590956225
6090.0,903550.0,0.9986176222200263
6091.0,899648.0,0.9942680268135117
6092.0,897032.0,0.9913390274482187
6093.0,897412.0,0.9917202124566534
6094.0,899405.0,0.993882956232973
6095.0,905992.0,1.0011210853448829
6096.0,908046.0,1.0033490876216316
6097.0,902480.0,0.9971567740163174
6098.0,895065.0,0.9889214121612138
6099.0,888540.0,0.9816694017001869
6100.0,891499.0,0.9848950002583199
6101.0,898577.0,0.992670065886694
6102.0,897849.0,0.9918209046609592
6103.0,891628.0,0.9849036994460421
6104.0,891189.0,0.984373267066445
6105.0,893636.0,0.9870301014212397
6106.0,894218.0,0.9876265125420458
6107.0,895325.0,0.9888023610699417
6108.0,899222.0,0.9930589648122198
6109.0,903035.0,0.9972221610641684
6110.0,900252.0,0.9941011405659349
6111.0,893246.0,0.9863172483708349
6112.0,890581.0,0.9833270663173846
6113.0,893183.0,0.9861523262458072
6114.0,900711.0,0.9944157484409601
6115.0,906271.0,1.0005057400177038
6116.0,902897.0,0.9967326997710463
6117.0,893185.0,0.9859637554571651
6118.0,885487.0,0.9774190693420359
6119.0,880019.0,0.9713367704907386
6120.0,866223.0,0.9560635156206894
6121.0,851859.0,0.9401650735221834
6122.0,857822.0,0.9467015039413046
6123.0,886316.0,0.9781019179082986
6124.0,903918.0,0.9974803575777228
6125.0,906651.0,1.000450116009743
6126.0,909445.0,1.0034873630611958
6127.0,910649.0,1.0047704931656474
6128.0,912570.0,1.00684511673632
6129.0,917904.0,1.0126855578248206
6130.0,919723.0,1.0146483264996842
6131.0,914177.0,1.0084867929861452
6132.0,907213.0,1.0007622659323279
6133.0,905268.0,0.9985754388960878
6134.0,904220.0,0.9973789846225714
6135.0,898915.0,0.9914880457451017
6136.0,887951.0,0.9793568849567811
6137.0,878961.0,0.969404660835198
6138.0,885083.0,0.9761204803098621
6139.0,897426.0,0.9896973993923122
6140.0,894503.0,0.9864393404089666
6141.0,872500.0,0.9621422428855302
6142.0,865340.0,0.9542152911887475
6143.0,888899.0,0.9801628865784795
6144.0,910585.0,1.004044794062237
6145.0,914541.0,1.0083773247320087
6146.0,907779.0,1.0008934995569738
6147.0,900744.0,0.9931104001136603
6148.0,899378.0,0.9915792138726323
6149.0,899089.0,0.9912368650919913
6150.0,899131.0,0.991260868267785
6151.0,902839.0,0.9953278842606691
6152.0,907018.0,0.999915482656379
6153.0,906113.0,0.9988998574211471
6154.0,903227.0,0.995702040397629
6155.0,903397.0,0.995874784943961
6156.0,903904.0,0.9964206878460604
6157.0,901362.0,0.9936072552172075
6158.0,897349.0,0.989174102647697
6159.0,897674.0,0.9895246745812722
6160.0,899618.0,0.9916617097056908
6161.0,889712.0,0.9807382185844424
6162.0,878938.0,0.9688598771461803
6163.0,885499.0,0.9760919607292164
6164.0,894920.0,0.9864786169516148
6165.0,897109.0,0.9888954180549647
6166.0,894786.0,0.9863406368176741
6167.0,890607.0,0.981741994132244
6168.0,892108.0,0.9834066880364232
6169.0,895573.0,0.9872386147402614
6170.0,898885.0,0.990904203189451
6171.0,905017.0,0.9976809142806844
6172.0,908250.0,1.001264309038967
6173.0,905238.0,0.997965522524839
6174.0,905516.0,0.9982960889567866
6175.0,904498.0,0.9972002937675559
6176.0,899588.0,0.9918159076265662
6177.0,902343.0,0.9948848102499042
6178.0,906930.0,0.9999764315775284
6179.0,904070.0,0.9968597044860363
6180.0,901040.0,0.9935579336980122
6181.0,900883.0,0.9934267052642225
6182.0,899500.0,0.9919461848946156
6183.0,898032.0,0.9903745453853512
6184.0,899740.0,0.9923083037101663
6185.0,900298.0,0.9929767200338755
6186.0,897901.0,0.9903887151047588
6187.0,894015.0,0.9861608568099169
6188.0,892366.0,0.9844031498536857
6189.0,889830.0,0.981669650833182
6190.0,872234.0,0.9623233153394884
6191.0,850227.0,0.9381103263492326
6192.0,855453.0,0.9439469243161235
6193.0,881325.0,0.9725709603019345
6194.0,896146.0,0.9890065584461215
6195.0,895642.0,0.9885336766224726
6196.0,894343.0,0.9871864595891828
6197.0,899152.0,0.9925850113734985
6198.0,905916.0,1.0001462883652372
6199.0,905727.0,1.0000354794082682
6200.0,899205.0,0.9929349980617245
