wave,flux,norm
3800.0,391896.0,0.9264095220079939
3801.0,410400.0,0.9727549432202109
3802.0,416130.0,0.9888949550159765
3803.0,421516.0,1.0042026090781848
3804.0,425113.0,1.015217068702908
3805.0,420628.0,1.0068413636269566
3806.0,407248.0,0.976992640743782
3807.0,397043.0,0.9545539571044264
3808.0,405968.0,0.9780172862274874
3809.0,418119.0,1.0092706795607853
3810.0,414101.0,1.0014478890803151
3811.0,398812.0,0.9661976758590668
3812.0,381882.0,0.9267532394916451
3813.0,368333.0,0.8953117095978331
3814.0,361971.0,0.8811864040624368
3815.0,352874.0,0.8602720900531713
3816.0,338316.0,0.8258911110957342
3817.0,331770.0,0.8109302692924036
3818.0,321378.0,0.7864496139498166
3819.0,299782.0,0.7343972741426119
3820.0,278818.0,0.6837220934841103
3821.0,274152.0,0.6728934068948426
3822.0,271016.0,0.6657463246528251
3823.0,249748.0,0.6139570754473067
3824.0,223161.0,0.5489588629196468
3825.0,200097.0,0.49250561920536295
3826.0,185666.0,0.4572102300614033
3827.0,181702.0,0.44763114327569914
3828.0,180722.0,0.44536181609123804
3829.0,178230.0,0.439327851574176
3830.0,167991.0,0.4141568037595416
3831.0,158812.0,0.3915598202715761
3832.0,154534.0,0.38101346971425426
3833.0,155203.0,0.382634064029097
3834.0,158003.0,0.38947730313568546
3835.0,161664.0,0.3984096297524143
3836.0,170551.0,0.4201817348873687
3837.0,178234.0,0.4389417443963059
3838.0,178285.0,0.43886600951613464
3839.0,180859.0,0.44496494409145965
3840.0,189773.0,0.46661285672156794
3841.0,197365.0,0.48495054874244814
3842.0,194383.0,0.4772648296967044
3843.0,180982.0,0.44399648945302367
3844.0,169124.0,0.4145357005390602
3845.0,154445.0,0.37819259119164034
3846.0,137838.0,0.3371792978444654
3847.0,130801.0,0.3196145026514179
3848.0,122786.0,0.2996807401517009
3849.0,107152.0,0.26120189504291885
3850.0,110208.0,0.26830398285044843
3851.0,138101.0,0.33575391166679724
3852.0,151506.0,0.36782145826909113
3853.0,137706.0,0.33382295005168783
3854.0,142660.0,0.34529889381738915
3855.0,184504.0,0.44586394506109217
3856.0,198792.0,0.47959368381548145
3857.0,168453.0,0.4057010118142137
3858.0,139916.0,0.3363742499564957
3859.0,127300.0,0.3054832794946023
3860.0,129949.0,0.3112517118006623
3861.0,156233.0,0.37348044035689737
3862.0,218280.0,0.5207655733324812
3863.0,257423.0,0.6128952834982418
3864.0,224993.0,0.5345598808439794
3865.0,173635.0,0.4116530088840448
3866.0,142136.0,0.33623541713364297
3867.0,115577.0,0.2727942688466065
3868.0,82522.3,0.1943296855897134
3869.0,54289.9,0.1275471742197476
3870.0,40919.9,0.09590709716220074
3871.0,51027.2,0.1193062354035628
3872.0,92885.8,0.21663928820838654
3873.0,155446.0,0.36163931081815315
3874.0,216008.0,0.5012521294951882
3875.0,253854.0,0.5875478892941006
3876.0,246554.0,0.5691505412043739
3877.0,205165.0,0.47234314323699655
3878.0,168655.0,0.3872368000268777
3879.0,141998.0,0.325137401009632
3880.0,102786.0,0.23469866826769198
3881.0,62561.4,0.14244924370330042
3882.0,69747.9,0.1583606729002739
3883.0,165320.0,0.3742742995143534
3884.0,313308.0,0.7072464932077989
3885.0,413192.0,0.9299779208855381
3886.0,436479.0,0.9794733191732026
3887.0,430274.0,0.962654379509416
3888.0,390163.0,0.8702725845572143
3889.0,320991.0,0.7137963226343587
3890.0,311244.0,0.6899908864730083
3891.0,362703.0,0.8015737805983182
3892.0,396116.0,0.8726783166247851
3893.0,398371.0,0.8748806224062851
3894.0,391331.0,0.8566922315556729
3895.0,366205.0,0.79912538424569
3896.0,377640.0,0.8214283393626683
3897.0,401586.0,0.8706881135675475
3898.0,406934.0,0.879411361039157
3899.0,432173.0,0.9308973885583582
3900.0,435206.0,0.934345591089735
3901.0,383235.0,0.8200476104530753
3902.0,342415.0,0.7302658925394848
3903.0,389169.0,0.8272070938408019
3904.0,451210.0,0.9558643979618983
3905.0,441295.0,0.9317132121662227
3906.0,418406.0,0.8804025257546828
3907.0,431415.0,0.9046977838304048
3908.0,445613.0,0.9312926001682569
3909.0,437482.0,0.9111794789137664
3910.0,395251.0,0.8204042548933914
3911.0,408670.0,0.8453468280185565
3912.0,476501.0,0.9822670954910696
3913.0,477389.0,0.9807051830920769
3914.0,429577.0,0.8794362069018321
3915.0,413101.0,0.8427797635321403
3916.0,443534.0,0.9017307280262864
3917.0,493322.0,0.9994714511550783
3918.0,507157.0,1.0239304003444496
3919.0,462580.0,0.9306821761204026
3920.0,371950.0,0.7457346926003975
3921.0,326355.0,0.6520400598132715
3922.0,392469.0,0.7813989900480468
3923.0,482434.0,0.9571684994165957
3924.0,525587.0,1.0391491739200802
3925.0,527369.0,1.039036302371316
3926.0,502002.0,0.9856091378044912
3927.0,443592.0,0.8678940094607326
3928.0,382985.0,0.7467053692714039
3929.0,366884.0,0.7128232644126348
3930.0,340699.0,0.6596458560679097
3931.0,270438.0,0.5217904489753817
3932.0,180882.0,0.3477875024959399
3933.0,108926.0,0.20870958810730977
3934.0,92632.6,0.1768761059760123
3935.0,140847.0,0.2680092949985925
3936.0,239905.0,0.45492645307126095
3937.0,352375.0,0.665900794131534
3938.0,433615.0,0.8166094992552152
3939.0,482126.0,0.9048565151166528
3940.0,504853.0,0.9442711068285173
3941.0,506092.0,0.9433602997592468
3942.0,485046.0,0.9010551810940127
3943.0,431256.0,0.7984139669100193
3944.0,404892.0,0.7470695966094919
3945.0,450466.0,0.8283566224926723
3946.0,495803.0,0.9086627295724362
3947.0,507831.0,0.9275898038724346
3948.0,511868.0,0.9318437131606202
3949.0,523071.0,0.9490725639199763
3950.0,531855.0,0.9618142741793058
3951.0,511161.0,0.9213413824894775
3952.0,459453.0,0.825419515390008
3953.0,457881.0,0.8199041652342152
3954.0,527394.0,0.9413014171547159
3955.0,567578.0,1.0097376253015948
3956.0,557284.0,0.9882244354738493
3957.0,551140.0,0.9741900968792034
3958.0,565260.0,0.9959549599892606
3959.0,577258.0,1.0138603410829534
3960.0,563272.0,0.9861666078320503
3961.0,504895.0,0.8811798100112191
3962.0,438850.0,0.7635165381467574
3963.0,431776.0,0.7488716961718341
3964.0,462109.0,0.7990018110865457
3965.0,450164.0,0.7759549616152803
3966.0,367678.0,0.631835409102679
3967.0,247214.0,0.4235339555589692
3968.0,151253.0,0.25834880994250187
3969.0,143473.0,0.2443253476780863
3970.0,220093.0,0.373688023213263
3971.0,310526.0,0.5256714439788507
3972.0,374160.0,0.6315332852206272
3973.0,420449.0,0.7075934845766428
3974.0,455087.0,0.763670160822606
3975.0,504346.0,0.8438986166990612
3976.0,557989.0,0.9309946364277805
3977.0,585064.0,0.9734069472075738
3978.0,598965.0,0.9937378737500235
3979.0,613719.0,1.015381468815504
3980.0,618811.0,1.0209794991840564
3981.0,586330.0,0.964740778616217
3982.0,525251.0,0.8618967622863613
3983.0,510519.0,0.8354694120766215
3984.0,554847.0,0.9055923295187969
3985.0,568919.0,0.9261076428452176
3986.0,519038.0,0.8426991044754789
3987.0,492782.0,0.7979974286582631
3988.0,545347.0,0.8808539659777557
3989.0,599910.0,0.9665238760255966
3990.0,617844.0,0.9929150823957269
3991.0,627118.0,1.0053116969117852
3992.0,627440.0,1.0033521597016557
3993.0,599252.0,0.9559430902884697
3994.0,557897.0,0.8878297351998024
3995.0,558836.0,0.8872071242374575
3996.0,592224.0,0.9380016853716782
3997.0,600119.0,0.9482963137299171
3998.0,582164.0,0.9178111191501694
3999.0,548828.0,0.8632922439974767
4000.0,487840.0,0.7656407432129965
4001.0,456023.0,0.7141228534969464
4002.0,519386.0,0.8115725712976507
4003.0,603721.0,0.9413184163563105
4004.0,625016.0,0.9724484904818066
4005.0,586694.0,0.910907337083058
4006.0,543899.0,0.8427128516698237
4007.0,554526.0,0.8574200504765583
4008.0,605648.0,0.934574176342903
4009.0,636014.0,0.9794746027698076
4010.0,643674.0,0.9893195202958565
4011.0,645247.0,0.9898095793236337
4012.0,636539.0,0.9745777960864656
4013.0,626808.0,0.9578610253226822
4014.0,606924.0,0.9257404757113201
4015.0,560594.0,0.8534944529916941
4016.0,492299.0,0.7481500869295297
4017.0,445607.0,0.6759730186659356
4018.0,469622.0,0.7111370240814823
4019.0,517774.0,0.7826766435994854
4020.0,553522.0,0.8352643451391729
4021.0,598482.0,0.9015640285845883
4022.0,637080.0,0.9580876674942436
4023.0,646233.0,0.9702316605063298
4024.0,612773.0,0.9184807694920967
4025.0,550032.0,0.8230979339613873
4026.0,520070.0,0.7770112516745061
4027.0,540106.0,0.805666250559044
4028.0,570300.0,0.849373665013901
4029.0,587628.0,0.8738273055070995
4030.0,575331.0,0.8542341911613112
4031.0,559812.0,0.8299379699192153
4032.0,550912.0,0.8155263653259833
4033.0,506859.0,0.7492094475046934
4034.0,448862.0,0.662517077012845
4035.0,440334.0,0.6489964731615648
4036.0,482138.0,0.70960221795691
4037.0,526526.0,0.7738457443545249
4038.0,558352.0,0.8194849833140643
4039.0,553961.0,0.8119283706750958
4040.0,527290.0,0.7717929466520811
4041.0,552739.0,0.8079623982522542
4042.0,598223.0,0.8732947159139596
4043.0,595468.0,0.8681397462633037
4044.0,575433.0,0.837849766546062
4045.0,562334.0,0.8177348133889775
4046.0,542948.0,0.7885506747887182
4047.0,522235.0,0.7575249311339661
4048.0,518390.0,0.7510232968671473
4049.0,536040.0,0.7756503182853858
4050.0,563482.0,0.8143795214426283
4051.0,593141.0,0.8562265569122472
4052.0,599610.0,0.8645485648373157
4053.0,591269.0,0.8515323200699351
4054.0,593019.0,0.8530721261879236
4055.0,593182.0,0.8523377790868426
4056.0,589728.0,0.8464232126258749
4057.0,580206.0,0.8318315406145561
4058.0,564986.0,0.8091208880969935
4059.0,577764.0,0.826520956398799
4060.0,627064.0,0.896082367288965
4061.0,668317.0,0.9540170781867854
4062.0,666228.0,0.9500334719142236
4063.0,632187.0,0.9005517612542318
4064.0,587132.0,0.8355079249603772
4065.0,519945.0,0.7391429604802927
4066.0,456305.0,0.6480177447028171
4067.0,489212.0,0.6940547374222832
4068.0,591409.0,0.8382117113885909
4069.0,658783.0,0.9327848409525104
4070.0,672806.0,0.9517136201188019
4071.0,660172.0,0.9329423320517751
4072.0,650002.0,0.917693181945551
4073.0,633203.0,0.8931299197176131
4074.0,587123.0,0.8273576496587263
4075.0,564013.0,0.794052812411015
4076.0,597480.0,0.8403944931775912
4077.0,626829.0,0.8808700339956994
4078.0,641324.0,0.9004227603359386
4079.0,665736.0,0.933857100659887
4080.0,684996.0,0.9600170232022969
4081.0,687144.0,0.9621752613931771
4082.0,656609.0,0.9186111481075329
4083.0,578788.0,0.8090319722169365
4084.0,486353.0,0.6792377205388389
4085.0,486183.0,0.6784168889381161
4086.0,591839.0,0.8251439376828517
4087.0,682378.0,0.9505673183304281
4088.0,719746.0,1.0017774243594395
4089.0,727137.0,1.0112176578901895
4090.0,719210.0,0.9993618172755245
4091.0,710876.0,0.9869647656155898
4092.0,698610.0,0.9691374947829333
4093.0,679224.0,0.9414740996313634
4094.0,643612.0,0.8913866173363985
4095.0,588848.0,0.8148798625537836
4096.0,558142.0,0.7717652116810737
4097.0,586289.0,0.8100354728452964
4098.0,646534.0,0.8925594086048853
4099.0,673754.0,0.9293991174433349
4100.0,639055.0,0.8808377612773206
4101.0,567631.0,0.7817758007076937
4102.0,525721.0,0.7234882870267103
4103.0,535210.0,0.7359733370920164
4104.0,538758.0,0.7402780743087181
4105.0,541788.0,0.7438672334186297
4106.0,569298.0,0.7810380418675388
4107.0,598627.0,0.8206479550014574
4108.0,613065.0,0.8398016881873993
4109.0,596026.0,0.8158430416241239
4110.0,592973.0,0.8110526806365089
4111.0,630921.0,0.8623099598656842
4112.0,662797.0,0.9052004377761823
4113.0,679337.0,0.9271004884298101
4114.0,685737.0,0.9351428357237112
4115.0,688312.0,0.9379637049504358
4116.0,688804.0,0.9379467106342455
4117.0,671164.0,0.9132600228079106
4118.0,625019.0,0.8498529181365854
4119.0,567040.0,0.7704606461050879
4120.0,549547.0,0.7461553687852691
4121.0,563700.0,0.7648240953714694
4122.0,571231.0,0.7744900150989783
4123.0,565035.0,0.765546106158739
4124.0,549414.0,0.7438563568266574
4125.0,535673.0,0.7247427308099733
4126.0,526550.0,0.7119014410821849
4127.0,528870.0,0.7145402719613144
4128.0,534622.0,0.7218110037340533
4129.0,540431.0,0.729150502627165
4130.0,544464.0,0.734087284845981
4131.0,544616.0,0.7337901466887935
4132.0,521919.0,0.7027306025951597
4133.0,491133.0,0.6608311070273148
4134.0,467832.0,0.6290543978341862
4135.0,475203.0,0.6385364196002763
4136.0,504765.0,0.6778057492711094
4137.0,511760.0,0.6867412801390188
4138.0,498000.0,0.6678335556672715
4139.0,493612.0,0.6615123372430436
4140.0,503616.0,0.674475784313469
4141.0,497290.0,0.6655679814273991
4142.0,469476.0,0.6279328205260479
4143.0,448399.0,0.5993530866328051
4144.0,444202.0,0.5933598630508715
4145.0,448078.0,0.5981526560341225
4146.0,463545.0,0.618403981935191
4147.0,478364.0,0.6377669683491166
4148.0,458345.0,0.6106893900112053
4149.0,406316.0,0.5410249846767414
4150.0,375568.0,0.49976825568808436
4151.0,391905.0,0.5211811961159752
4152.0,421796.0,0.5605823112339713
4153.0,435555.0,0.5785089436724478
4154.0,432661.0,0.5743096289059098
4155.0,443005.0,0.5876779210820215
4156.0,454826.0,0.6029892148554252
4157.0,448209.0,0.5938536853535318
4158.0,457187.0,0.6053805676903623
4159.0,496088.0,0.6564930543982327
4160.0,519182.0,0.6866397361194995
4161.0,510674.0,0.6749817292152076
4162.0,493453.0,0.6518296218695651
4163.0,479789.0,0.6334023505194742
4164.0,472155.0,0.6229541870737335
4165.0,471470.0,0.6216826550257479
4166.0,447579.0,0.5898323531646819
4167.0,401737.0,0.5291099698308148
4168.0,416553.0,0.5483029934795334
4169.0,478035.0,0.6288648034312327
4170.0,523731.0,0.6885795402652112
4171.0,547718.0,0.7197009503574503
4172.0,519957.0,0.6828301696260046
4173.0,479699.0,0.6296007939644357
4174.0,486990.0,0.6388054949108498
4175.0,510457.0,0.6692076014941937
4176.0,515113.0,0.6749292681559347
4177.0,492028.0,0.6443184364620168
4178.0,450721.0,0.5898946455808266
4179.0,419575.0,0.5488240168450524
4180.0,390058.0,0.5099298715887045
4181.0,392878.0,0.5133311756070293
4182.0,432040.0,0.5641874914362889
4183.0,450702.0,0.5882330715368336
4184.0,467954.0,0.6104139583423202
4185.0,481354.0,0.6275496506931783
4186.0,440452.0,0.5739118281835746
4187.0,387699.0,0.504899814782813
4188.0,363255.0,0.47281029477378983
4189.0,362279.0,0.4712855452759482
4190.0,404805.0,0.5263241519995584
4191.0,450484.0,0.5854018646695692
4192.0,440442.0,0.5720468208762465
4193.0,419064.0,0.5439915277426374
4194.0,393270.0,0.5102374553122027
4195.0,349488.0,0.4531941744707837
4196.0,333852.0,0.4326904936752465
4197.0,376238.0,0.4873692572465064
4198.0,441214.0,0.5712387153423917
4199.0,492129.0,0.6368262377903489
4200.0,519194.0,0.6715000585897779
4201.0,512783.0,0.6628651068181165
4202.0,513239.0,0.6631122973891939
4203.0,519960.0,0.6714504887372306
4204.0,495966.0,0.6401375735340422
4205.0,451195.0,0.5820546552071486
4206.0,429706.0,0.5540509368435527
4207.0,436267.0,0.5622249713720902
4208.0,468326.0,0.603234575203138
4209.0,492264.0,0.6337484522995062
4210.0,464586.0,0.5978145967052285
4211.0,420078.0,0.5402721360015509
4212.0,395542.0,0.5084615774163114
4213.0,370595.0,0.4761553340954099
4214.0,326996.0,0.41992888980866255
4215.0,305317.0,0.3918944927674708
4216.0,373485.0,0.4791558958085853
4217.0,493370.0,0.6326485813040621
4218.0,580703.0,0.7442701840629615
4219.0,655999.0,0.8403633344926328
4220.0,726889.0,0.9307220221035993
4221.0,731005.0,0.9355366733609825
4222.0,681804.0,0.8721459803208504
4223.0,628635.0,0.8037443846355261
4224.0,612278.0,0.7824532240391568
4225.0,631637.0,0.8068042891928756
4226.0,629147.0,0.8032379843261579
4227.0,625384.0,0.7980514706321523
4228.0,665886.0,0.84933026370226
4229.0,683779.0,0.8717372334499789
4230.0,634360.0,0.8083497070853568
4231.0,592181.0,0.7542444970470848
4232.0,608001.0,0.7740280202936834
4233.0,667348.0,0.8491804255080089
4234.0,728320.0,0.9263296752570241
4235.0,694615.0,0.8830468146545191
4236.0,543694.0,0.6908612497813548
4237.0,444991.0,0.5651773253976708
4238.0,476278.0,0.6046328119222343
4239.0,545237.0,0.6918543400486563
4240.0,602322.0,0.7639355155640197
4241.0,614414.0,0.7789115795868039
4242.0,528528.0,0.6697220389966345
4243.0,449588.0,0.5694312261436525
4244.0,515341.0,0.6524116060301075
4245.0,647439.0,0.8192693041300255
4246.0,697522.0,0.8822405270881981
4247.0,610141.0,0.7713668785010737
4248.0,471591.0,0.5959342938644608
4249.0,425140.0,0.536991403118981
4250.0,513667.0,0.6485148434499837
4251.0,631941.0,0.7974768170418252
4252.0,654642.0,0.8257509064066625
4253.0,578633.0,0.7295455747823792
4254.0,505712.0,0.637319037279654
4255.0,491528.0,0.619165371279118
4256.0,574794.0,0.7237286098869892
4257.0,686792.0,0.8643591003391097
4258.0,660016.0,0.8302889375611568
4259.0,578527.0,0.7274523662725008
4260.0,578487.0,0.7270779936247886
4261.0,570917.0,0.7172443893648078
4262.0,550184.0,0.6908905350239718
4263.0,550625.0,0.6911377602590496
4264.0,509187.0,0.6388423695445279
4265.0,505943.0,0.6344917783634687
4266.0,550889.0,0.6905526520627635
4267.0,530102.0,0.6642028112290965
4268.0,509082.0,0.6375846481501286
4269.0,505617.0,0.6329667361741882
4270.0,455908.0,0.570487066884062
4271.0,443262.0,0.5544197795329807
4272.0,485259.0,0.6066828019752939
4273.0,479447.0,0.5991544671869494
4274.0,416695.0,0.5205073068035745
4275.0,405397.0,0.506173778853314
4276.0,464956.0,0.5802855584504053
4277.0,547761.0,0.6833324115706754
4278.0,584160.0,0.7284234905337315
4279.0,493732.0,0.6153962112536786
4280.0,374932.0,0.4671191376521282
4281.0,417230.0,0.5195920259222813
4282.0,546166.0,0.6798664175535614
4283.0,615328.0,0.7656279162043955
4284.0,569054.0,0.70774512285525
4285.0,430190.0,0.5348059125196796
4286.0,362834.0,0.4508753637031431
4287.0,444933.0,0.5526573316773894
4288.0,533466.0,0.6623400168080028
4289.0,520152.0,0.6455317237938899
4290.0,499350.0,0.6194490182861075
4291.0,518141.0,0.6424832276564593
4292.0,566737.0,0.7024393633069986
4293.0,609847.0,0.755547397455177
4294.0,577331.0,0.7149560618343366
4295.0,510293.0,0.6316664877475981
4296.0,436079.0,0.5395693117580129
4297.0,341786.0,0.4227175363324462
4298.0,300101.0,0.37100301946811787
4299.0,259768.0,0.3210034729924513
4300.0,214175.0,0.264549534176164
4301.0,230402.0,0.28447144270270946
4302.0,250115.0,0.3086785330042101
4303.0,233121.0,0.2875824590453479
4304.0,219356.0,0.2704860432221508
4305.0,231857.0,0.28577875326034297
4306.0,269292.0,0.3317780021401087
4307.0,272264.0,0.335296322244544
4308.0,212793.0,0.26194514649163475
4309.0,160394.0,0.19735839117131462
4310.0,138960.0,0.17091168138239152
4311.0,135475.0,0.1665541896364784
4312.0,164348.0,0.20196461115332662
4313.0,245836.0,0.30197484899280364
4314.0,372293.0,0.45711405938588345
4315.0,538810.0,0.6612866350587064
4316.0,700612.0,0.8595002871437478
4317.0,770122.0,0.9443702595506485
4318.0,770168.0,0.9440228649242998
4319.0,781891.0,0.9579822840289052
4320.0,770999.0,0.944233144338884
4321.0,694931.0,0.850709358614119
4322.0,564397.0,0.6906185682911555
4323.0,393682.0,0.481518598028
4324.0,300402.0,0.3672689375951872
4325.0,340790.0,0.4164683525889542
4326.0,435538.0,0.5320285086850464
4327.0,502859.0,0.6140004211713842
4328.0,513878.0,0.6271854151168991
4329.0,513673.0,0.626665860207334
4330.0,541841.0,0.6607458054453621
4331.0,582040.0,0.7094609768365887
4332.0,582312.0,0.7094869641606322
4333.0,545981.0,0.6649348172673956
4334.0,530114.0,0.6453325045245014
4335.0,573630.0,0.6980052631736721
4336.0,616454.0,0.7497905058601885
4337.0,558766.0,0.6793310971459267
4338.0,463515.0,0.5632839958019579
4339.0,433707.0,0.5268317923072213
4340.0,453727.0,0.5509115965326976
4341.0,472879.0,0.5739167269530193
4342.0,490731.0,0.5953244554230601
4343.0,507686.0,0.6156254953890175
4344.0,563615.0,0.683148206195677
4345.0,630286.0,0.763626204387547
4346.0,615049.0,0.7448407691990461
4347.0,567078.0,0.6864467683653883
4348.0,572363.0,0.6925413924378135
4349.0,636014.0,0.7692203212951741
4350.0,619152.0,0.7484986253059271
4351.0,501152.0,0.6055815106915595
4352.0,391214.0,0.4725270690798236
4353.0,354988.0,0.42858294946883346
4354.0,363631.0,0.43882440348744123
4355.0,360817.0,0.43523644260042527
4356.0,374128.0,0.4510935246014704
4357.0,421251.0,0.5076859792990113
4358.0,437102.0,0.5265560190152503
4359.0,419962.0,0.5056838213414089
4360.0,454885.0,0.5474918559216739
4361.0,516533.0,0.6214136733791451
4362.0,483820.0,0.5817989466840504
4363.0,402521.0,0.48381990076996845
4364.0,418192.0,0.5024312712616095
4365.0,491036.0,0.5896844972788394
4366.0,483619.0,0.5805168645990826
4367.0,454480.0,0.5452944025785099
4368.0,504655.0,0.6052228043229843
4369.0,520288.0,0.623689753128818
4370.0,444878.0,0.5330518770160745
4371.0,387832.0,0.46448915740493785
4372.0,395085.0,0.4729612018559703
4373.0,430746.0,0.5154171869485662
4374.0,447966.0,0.535778144321159
4375.0,453279.0,0.5418854140856939
4376.0,457822.0,0.5470664229408506
4377.0,465873.0,0.5564319968299656
4378.0,491047.0,0.5862304542014123
4379.0,513406.0,0.6126417860388731
4380.0,499768.0,0.5960930771255294
4381.0,482229.0,0.5749082040009924
4382.0,484963.0,0.5779003026275922
4383.0,502634.0,0.5986801975560312
4384.0,514594.0,0.6126409721905527
4385.0,490717.0,0.5839427653305939
4386.0,480460.0,0.5714705284557814
4387.0,500388.0,0.5948952051737615
4388.0,533342.0,0.6337761647041232
4389.0,525744.0,0.6244541042660645
4390.0,492171.0,0.5843026349257108
4391.0,489934.0,0.581372608592598
4392.0,500154.0,0.5932195125688051
4393.0,502582.0,0.5958169207291706
4394.0,499787.0,0.5922220871263361
4395.0,496864.0,0.5884782759359997
4396.0,504266.0,0.5969601772253617
4397.0,526473.0,0.6229512371006045
4398.0,527888.0,0.6243261342826599
4399.0,503917.0,0.5956895840632472
4400.0,509612.0,0.602131577927422
4401.0,561701.0,0.6633568240551686
4402.0,595063.0,0.7024164559420797
4403.0,569835.0,0.6723107434421957
4404.0,545102.0,0.6428170331983809
4405.0,550921.0,0.6493622861592254
4406.0,567727.0,0.6688440641334344
4407.0,593820.0,0.6992415008303773
4408.0,609946.0,0.7178773642442
4409.0,611467.0,0.7193128786259493
4410.0,638159.0,0.7503417118886028
4411.0,696281.0,0.8182755004870771
4412.0,729484.0,0.856870154550762
4413.0,709085.0,0.8324941856122294
4414.0,679779.0,0.7976892481132819
4415.0,651422.0,0.76403088227645
4416.0,634047.0,0.7432789774651579
4417.0,642058.0,0.7522911778121357
4418.0,674747.0,0.7901933633828513
4419.0,740587.0,0.8668592782097975
4420.0,776401.0,0.908318363680791
4421.0,738767.0,0.8638500661218829
4422.0,733192.0,0.8568935117738682
4423.0,797302.0,0.9313429212928782
4424.0,822532.0,0.9603213058447538
4425.0,785488.0,0.9165996293785889
4426.0,755710.0,0.8813958724695019
4427.0,753884.0,0.8788109199641295
4428.0,771311.0,0.8986588770225254
4429.0,774591.0,0.90201043173931
4430.0,761180.0,0.8859303755244772
4431.0,796443.0,0.9264870830456421
4432.0,844770.0,0.9821886877771896
4433.0,844531.0,0.9813934228365349
4434.0,810390.0,0.9412219434806649
4435.0,765994.0,0.8891869446940207
4436.0,775159.0,0.8993475474294355
4437.0,842318.0,0.9767450081944197
4438.0,877606.0,1.0171203953973638
4439.0,847979.0,0.9822563254392992
4440.0,799961.0,0.9261360775889714
4441.0,778292.0,0.9005629893950376
4442.0,792714.0,0.9167541594210225
4443.0,823339.0,0.9516542175130418
4444.0,851449.0,0.9836091417365646
4445.0,869820.0,1.0042828278774507
4446.0,863444.0,0.9963750895200395
4447.0,825111.0,0.9516174789277362
4448.0,797635.0,0.9194220147879484
4449.0,808901.0,0.9318929982336032
4450.0,829027.0,0.954549937386163
4451.0,849519.0,0.9776011470952002
4452.0,859251.0,0.9882495121745503
4453.0,845968.0,0.972428742708988
4454.0,822487.0,0.9449079859536582
4455.0,809980.0,0.930016680893454
4456.0,829668.0,0.9520858089243615
4457.0,862328.0,0.9890059327989928
4458.0,886516.0,1.0161714638647146
4459.0,885974.0,1.014973623756628
4460.0,874663.0,1.0014453525239433
4461.0,851804.0,0.974716365860395
4462.0,828552.0,0.9475667249002987
4463.0,839728.0,0.9597972117668319
4464.0,857671.0,0.9797420900983743
4465.0,864563.0,0.9870456820655839
4466.0,878904.0,1.0028384942143476
4467.0,877578.0,1.0007454261836488
4468.0,837957.0,0.955008723375953
4469.0,790702.0,0.9006282234144045
4470.0,779298.0,0.8871208395051299
4471.0,803503.0,0.9141398157270165
4472.0,831929.0,0.9459249720897939
4473.0,835711.0,0.9496668012632772
4474.0,833019.0,0.9460501608532301
4475.0,847628.0,0.9620731250976191
4476.0,861566.0,0.9773143795886508
4477.0,865969.0,0.9817263549425895
4478.0,883727.0,1.0012626587853128
4479.0,906258.0,1.0261786327160298
4480.0,911979.0,1.0320401681961855
4481.0,897090.0,1.0145836542407034
4482.0,864653.0,0.9773119716076795
4483.0,862118.0,0.9738611486496143
4484.0,890333.0,1.0051276140900984
4485.0,899659.0,1.0150431794894572
4486.0,883100.0,0.9957579432287696
4487.0,867935.0,0.9780653158396714
4488.0,871248.0,0.9812025560724438
4489.0,878504.0,0.9887723259298234
4490.0,886638.0,0.9973188984234062
4491.0,899735.0,1.0114325849842856
4492.0,896461.0,1.0071352981546924
4493.0,874244.0,0.9815730917168747
4494.0,836110.0,0.9381806009522122
4495.0,808467.0,0.9066044759439339
4496.0,819526.0,0.9184389952372656
4497.0,845056.0,0.9464650368309719
4498.0,853400.0,0.9552185009620784
4499.0,857238.0,0.9589191673183459
4500.0,859962.0,0.9613684053196884
4501.0,838946.0,0.9372902405429504
4502.0,834729.0,0.9319971833602182
4503.0,870259.0,0.9710601741612109
4504.0,899239.0,1.0027687460943016
4505.0,901350.0,1.0044924401089883
4506.0,890147.0,0.9913842548762818
4507.0,896298.0,0.9976065958107254
4508.0,918447.0,1.021614650762087
4509.0,931067.0,1.0349982276713385
4510.0,917550.0,1.0193271828841326
4511.0,877173.0,0.9738540043227614
4512.0,850984.0,0.9441788504449504
4513.0,843748.0,0.9355552693165917
4514.0,829609.0,0.9192920735138957
4515.0,832154.0,0.9215240742600502
4516.0,858430.0,0.950014736061402
4517.0,870771.0,0.9630557873426878
4518.0,878972.0,0.97150295152183
4519.0,907113.0,1.001962886187104
4520.0,922734.0,1.0185620628712178
4521.0,913789.0,1.0080386866497157
4522.0,891144.0,0.9824241675177926
4523.0,881455.0,0.9711151969011771
4524.0,884266.0,0.9735820720555919
4525.0,889696.0,0.9789260846676437
4526.0,895976.0,0.9851964758898012
4527.0,875084.0,0.9615990336244207
4528.0,855751.0,0.9397429734403407
4529.0,871855.0,0.9568038839478824
4530.0,881531.0,0.9667915662707813
4531.0,857929.0,0.9402921573230589
4532.0,840357.0,0.920430703668494
4533.0,824928.0,0.9029396857886484
4534.0,823168.0,0.9004222366362441
4535.0,854532.0,0.9341157974317353
4536.0,888264.0,0.9703506972069912
4537.0,919941.0,1.0042932303469785
4538.0,936578.0,1.0217815092392348
4539.0,939431.0,1.0242173582386305
4540.0,927087.0,1.0100910604557154
4541.0,902309.0,0.9824438860253256
4542.0,909130.0,0.989214613223539
4543.0,938949.0,1.0209823886678902
4544.0,942172.0,1.0238063059363063
4545.0,936977.0,1.0174839015942696
4546.0,947081.0,1.0277711034503227
4547.0,945126.0,1.024965644281753
4548.0,907863.0,0.9838975819247264
4549.0,845193.0,0.9153666996377112
4550.0,814670.0,0.8817190991121874
4551.0,828620.0,0.8962164510664964
4552.0,837223.0,0.9049139820043557
4553.0,846354.0,0.914169067317882
4554.0,874064.0,0.9434648085133635
4555.0,908141.0,0.9795879587319836
4556.0,930146.0,1.0026483527813967
4557.0,939699.0,1.0122629496457123
4558.0,937567.0,1.0092845725650443
4559.0,928519.0,0.9988690488445976
4560.0,921456.0,0.9906004011092118
4561.0,929450.0,0.998517693675742
4562.0,932483.0,1.001097081138499
4563.0,917968.0,0.9848453966454487
4564.0,912537.0,0.9783538396129484
4565.0,927223.0,0.9934232806304235
4566.0,949332.0,1.016418682748609
4567.0,964482.0,1.0319359571696045
4568.0,963687.0,1.0303824190349813
4569.0,950579.0,1.0156736845535885
4570.0,924427.0,0.987056194919162
4571.0,882641.0,0.9417949489415031
4572.0,863591.0,0.920837725122338
4573.0,890253.0,0.9486170226960059
4574.0,916715.0,0.9761442872372875
4575.0,911087.0,0.9694858680259568
4576.0,884620.0,0.9406760476393492
4577.0,869864.0,0.9243493420934059
4578.0,896761.0,0.9522756722474265
4579.0,935424.0,0.9926483784510844
4580.0,944159.0,1.001227514026881
4581.0,950657.0,1.0074232227562157
4582.0,959789.0,1.0163987157866277
4583.0,944263.0,0.9992664578534722
4584.0,928116.0,0.9815001340706082
4585.0,933444.0,0.9864518921238603
4586.0,941316.0,0.9940824231940696
4587.0,948564.0,1.0010428833071519
4588.0,951435.0,1.0033767606276576
4589.0,940836.0,0.9915109041426285
4590.0,931295.0,0.9807747550178783
4591.0,936745.0,0.9858290676523989
4592.0,939781.0,0.9883366861904523
4593.0,939967.0,0.9878447075561014
4594.0,950520.0,0.9982399399349915
4595.0,965969.0,1.013757976883434
4596.0,967584.0,1.0147451615446268
4597.0,956771.0,1.0027053584791772
4598.0,956254.0,1.0014641973784029
4599.0,960031.0,1.0047177198115447
4600.0,946908.0,0.9902914899699813
4601.0,931130.0,0.9731098176437435
4602.0,917229.0,0.9579115408296142
4603.0,899995.0,0.9392552715841436
4604.0,901397.0,0.940059618939564
4605.0,905402.0,0.9435747905461047
4606.0,906349.0,0.943899587840773
4607.0,925509.0,0.9631774935488667
4608.0,951091.0,0.9891063753556354
4609.0,956473.0,0.9940055749884203
4610.0,943515.0,0.9798509927351872
4611.0,939051.0,0.9745306370240032
4612.0,941120.0,0.9759923108457706
4613.0,933799.0,0.9677203643238148
4614.0,936752.0,0.9700993496184501
4615.0,939501.0,0.9722635083268961
4616.0,921822.0,0.9532987602751937
4617.0,918828.0,0.9495361130924075
4618.0,911968.0,0.9417860990349247
4619.0,896198.0,0.9248518762981286
4620.0,902706.0,0.9309154112489868
4621.0,916978.0,0.9449713685689332
4622.0,917000.0,0.944332845108052
4623.0,915970.0,0.9426125926142086
4624.0,912858.0,0.9387537022621332
4625.0,900261.0,0.925153004274085
4626.0,900005.0,0.9242447640300234
4627.0,892520.0,0.9159194093575578
4628.0,874527.0,0.8968298496993684
4629.0,861927.0,0.8832937580324075
4630.0,865798.0,0.8866443157762312
4631.0,877785.0,0.8982961652023538
4632.0,879385.0,0.8993098543602166
4633.0,877962.0,0.8972331661478192
4634.0,860491.0,0.8787708535588027
4635.0,847667.0,0.8650769293543844
4636.0,843890.0,0.8606288193183179
4637.0,839355.0,0.855414847217704
4638.0,852687.0,0.868404944005022
4639.0,861227.0,0.8765008263416227
4640.0,861853.0,0.876537419700618
4641.0,877112.0,0.891446793744743
4642.0,877544.0,0.8912775066694074
4643.0,880087.0,0.8932517984284936
4644.0,878766.0,0.891305082080987
4645.0,858095.0,0.8697490576488602
4646.0,842939.0,0.8538092065319302
4647.0,835077.0,0.845274852701642
4648.0,834189.0,0.8438073306533093
4649.0,844777.0,0.8539432534512331
4650.0,848625.0,0.8572580100789258
4651.0,841374.0,0.8493649575332143
4652.0,839738.0,0.8471480588347725
4653.0,830071.0,0.8368387354445999
4654.0,821323.0,0.8274701066681505
4655.0,819133.0,0.8247177459379115
4656.0,810414.0,0.8154010224722057
4657.0,814743.0,0.8192174280932112
4658.0,822080.0,0.8260525995657222
4659.0,835906.0,0.8393962034118488
4660.0,845939.0,0.8489173803556389
4661.0,839025.0,0.8414319480809744
4662.0,833572.0,0.8354218865572344
4663.0,827011.0,0.8283112978454691
4664.0,827185.0,0.8279525887578084
4665.0,832438.0,0.8326762973270686
4666.0,816701.0,0.8164129131514102
4667.0,803874.0,0.8030789373770767
4668.0,796662.0,0.7953693492501975
4669.0,799529.0,0.7977273858437729
4670.0,796200.0,0.7939059197512162
4671.0,781447.0,0.7787069533454442
4672.0,776137.0,0.7729326581895757
4673.0,769702.0,0.7660475638355589
4674.0,766444.0,0.7623326530445395
4675.0,753162.0,0.7486599578233136
4676.0,717375.0,0.7126490506410753
4677.0,669537.0,0.664719616929804
4678.0,631735.0,0.6268079302875608
4679.0,637057.0,0.6317055204232249
4680.0,664490.0,0.6585107802986617
4681.0,687974.0,0.6813743242917616
4682.0,684674.0,0.6777010063737706
4683.0,665791.0,0.6586186787539416
4684.0,654146.0,0.6467164855983857
4685.0,686300.0,0.6781061222480251
4686.0,740806.0,0.7315329715366085
4687.0,770388.0,0.7603017858868284
4688.0,783399.0,0.7726947421150666
4689.0,783696.0,0.772542515974545
4690.0,773273.0,0.7618312969113411
4691.0,754227.0,0.7426439514766382
4692.0,726189.0,0.7146316884848268
4693.0,692354.0,0.6809516527964047
4694.0,664743.0,0.6534295468922201
4695.0,639645.0,0.6284090039145561
4696.0,603309.0,0.5923836649664628
4697.0,599202.0,0.5880278673770896
4698.0,676988.0,0.6640006857426072
4699.0,763393.0,0.7483420846110338
4700.0,797659.0,0.7815112900060569
4701.0,805350.0,0.7886243969058868
4702.0,798714.0,0.7817105709643322
4703.0,779536.0,0.7625382041965426
4704.0,768666.0,0.7515112079787146
4705.0,772282.0,0.7546536813142636
4706.0,774386.0,0.7563188343461951
4707.0,765017.0,0.7467853917621216
4708.0,755659.0,0.7372751104354024
4709.0,750494.0,0.731866082335935
4710.0,736386.0,0.7177485346568502
4711.0,709419.0,0.6911204296909085
4712.0,665788.0,0.6482951120092674
4713.0,601575.0,0.5854828698086212
4714.0,551236.0,0.5362303510753764
4715.0,593621.0,0.5771839870664288
4716.0,723058.0,0.7027019526098146
4717.0,816684.0,0.7933172605395612
4718.0,840419.0,0.8159910408958551
4719.0,831711.0,0.8071616171958708
4720.0,813706.0,0.7893252124131483
4721.0,784817.0,0.7609553014290034
4722.0,762748.0,0.7392239264566962
4723.0,788567.0,0.7639055207892125
4724.0,838651.0,0.812064204081067
4725.0,863499.0,0.8357587584401567
4726.0,860104.0,0.8321124731769455
4727.0,850411.0,0.8223825454656853
4728.0,845892.0,0.8176658923773048
4729.0,845531.0,0.8169744301670807
4730.0,846983.0,0.8180382637829082
4731.0,844315.0,0.8151273625100337
4732.0,823324.0,0.7945401485110942
4733.0,788809.0,0.7609272065559403
4734.0,740626.0,0.7141648762005112
4735.0,668847.0,0.6446985662538679
4736.0,618988.0,0.5964096538755906
4737.0,700517.0,0.6747078608677352
4738.0,865535.0,0.8333329210074165
4739.0,958929.0,0.922909985910483
4740.0,972142.0,0.9352845840056329
4741.0,957849.0,0.9212012154670806
4742.0,934390.0,0.898320350269897
4743.0,905190.0,0.8699426941336939
4744.0,901684.0,0.8662741515954167
4745.0,955299.0,0.9174717053784728
4746.0,1015820.0,0.9752697745161164
4747.0,1039730.0,0.9978965727073011
4748.0,1040680.0,0.9984847394100955
4749.0,1031280.0,0.9891506011404682
4750.0,1020670.0,0.9786674035462909
4751.0,1013280.0,0.9712824890932157
4752.0,1015350.0,0.9729724820562429
4753.0,1027440.0,0.9842656916999999
4754.0,1036220.0,0.9923876585690579
4755.0,1041120.0,0.9967955945137007
4756.0,1043240.0,0.9985456697117775
4757.0,1044600.0,0.9995731161031935
4758.0,1047640.0,1.0022127853408045
4759.0,1046770.0,1.0011172616618025
4760.0,1035730.0,0.9903040695754912
4761.0,1016850.0,0.9720078070275964
4762.0,1003840.0,0.9593360223497504
4763.0,1006970.0,0.9620967363279533
4764.0,1018740.0,0.9731148444742003
4765.0,1029960.0,0.9836083770026098
4766.0,1038070.0,0.9911336538796928
4767.0,1043960.0,0.9965423179523595
4768.0,1047800.0,0.999998022290806
4769.0,1045960.0,0.9980383120491751
4770.0,1031360.0,0.9839121275769566
4771.0,1009270.0,0.9626529917397053
4772.0,995656.0,0.949490312821617
4773.0,1003080.0,0.9563966415870924
4774.0,1027240.0,0.9792600591599697
4775.0,1043030.0,0.9941431890275634
4776.0,1045180.0,0.996028127746931
4777.0,1048640.0,0.9991659503163579
4778.0,1048750.0,0.9991165909237723
4779.0,1033420.0,0.9843653587940758
4780.0,1016670.0,0.9682711164627703
4781.0,1021740.0,0.9729647226779246
4782.0,1028370.0,0.9791472807531125
4783.0,1017940.0,0.9690917557776602
4784.0,1016980.0,0.9680579833569215
4785.0,1034890.0,0.984989290870236
4786.0,1045210.0,0.9946981916272869
4787.0,1038580.0,0.9882805549498321
4788.0,1023470.0,0.9738004695061258
4789.0,1014310.0,0.9649885399615515
4790.0,1025830.0,0.9758552980389578
4791.0,1041470.0,0.9906433806181028
4792.0,1041150.0,0.9902534721847778
4793.0,1031140.0,0.9806524475827959
4794.0,1023590.0,0.9733965947224369
4795.0,1023270.0,0.9730209814391461
4796.0,1024280.0,0.9739141499439365
4797.0,1022340.0,0.972006513801784
4798.0,1018340.0,0.9681446701627597
4799.0,1022450.0,0.9719970326035496
4800.0,1034940.0,0.9838189455998315
4801.0,1042810.0,0.991251975908601
4802.0,1040650.0,0.9891545047499927
4803.0,1025490.0,0.9747048148176832
4804.0,999701.0,0.9501576993424584
4805.0,988805.0,0.9397703199722846
4806.0,999694.0,0.9500911219909719
4807.0,1012130.0,0.961884991138916
4808.0,1026350.0,0.9753771150539724
4809.0,1036160.0,0.9846811997451576
4810.0,1035430.0,0.9839721692018835
4811.0,1028950.0,0.9778023241482894
4812.0,1023170.0,0.9723010719272785
4813.0,1014820.0,0.9643608770812849
4814.0,993006.0,0.9436293461229854
4815.0,986142.0,0.9371074691183078
4816.0,1010950.0,0.9606857532211152
4817.0,1027500.0,0.9764197664488748
4818.0,1026790.0,0.9757548637057958
4819.0,1022930.0,0.9720993476480615
4820.0,1021990.0,0.9712214809598146
4821.0,1017380.0,0.9668585822171986
4822.0,999965.0,0.9503288072314295
4823.0,978545.0,0.9299945706514049
4824.0,971889.0,0.9236936362524167
4825.0,986638.0,0.9377388961044819
4826.0,998027.0,0.9485938379947019
4827.0,1000870.0,0.9513288814972588
4828.0,1006630.0,0.9568391591932973
4829.0,1013700.0,0.9635973918291537
4830.0,1014170.0,0.9640843625063914
4831.0,998546.0,0.9492737084545545
4832.0,982133.0,0.9337137204104674
4833.0,979456.0,0.9312137228821873
4834.0,983607.0,0.9352074575974577
4835.0,989888.0,0.9412288157218167
4836.0,1000310.0,0.9511903512756715
4837.0,1006210.0,0.9568546404835953
4838.0,997412.0,0.9485435106850143
4839.0,978289.0,0.9304134111210006
4840.0,971074.0,0.9236086887781252
4841.0,974617.0,0.9270375008670925
4842.0,967763.0,0.9205782108039036
4843.0,964967.0,0.9179799424132316
4844.0,987800.0,0.9397654561093568
4845.0,1002480.0,0.9537983012020976
4846.0,992483.0,0.9443541637903824
4847.0,990543.0,0.9425768091577534
4848.0,995848.0,0.9476951131624546
4849.0,1001420.0,0.9530694859472436
4850.0,1009100.0,0.960452198796317
4851.0,995826.0,0.9478917776076741
4852.0,976730.0,0.9297882322196256
4853.0,978085.0,0.9311524549674646
4854.0,988686.0,0.9413208599490203
4855.0,993831.0,0.9462967447556794
4856.0,989630.0,0.942374546026765
4857.0,984139.0,0.9372239561807983
4858.0,975247.0,0.9288340671498423
4859.0,937444.0,0.8929059715805944
4860.0,847937.0,0.8077205698989277
4861.0,758657.0,0.722737263383832
4862.0,792479.0,0.7550233699741095
4863.0,910728.0,0.8677591143099188
4864.0,985751.0,0.9393247568769812
4865.0,1008420.0,0.9610106498861144
4866.0,1008570.0,0.9612384604625545
4867.0,1004920.0,0.9578445606987523
4868.0,1014170.0,0.9667470340668689
4869.0,1020520.0,0.972886579156519
4870.0,997740.0,0.9512544835198911
4871.0,964421.0,0.9195696851704924
4872.0,968815.0,0.9238415366842302
4873.0,1006140.0,0.9595191629929708
4874.0,1019260.0,0.972117509383083
4875.0,1003240.0,0.9569232050344616
4876.0,1003100.0,0.9568741669233621
4877.0,1009980.0,0.9635219045890043
4878.0,1001950.0,0.9559450498711073
4879.0,1008040.0,0.9618393094287506
4880.0,1020170.0,0.9734978008632756
4881.0,1009770.0,0.9636566624092865
4882.0,1004060.0,0.9582894603574791
4883.0,1009450.0,0.9635156165145803
4884.0,1004260.0,0.9586425568035055
4885.0,998703.0,0.9534175845141121
4886.0,995291.0,0.9502388635745607
4887.0,1000330.0,0.9551279054895602
4888.0,1011520.0,0.9658903758044449
4889.0,1012860.0,0.9672471977133061
4890.0,993970.0,0.9492827263901592
4891.0,975450.0,0.9316677833719585
4892.0,1001760.0,0.9568701612554202
4893.0,1042790.0,0.9961366432795804
4894.0,1057080.0,1.0098621498698321
4895.0,1053060.0,1.0060949269733521
4896.0,1044150.0,0.9976535159132346
4897.0,1042780.0,0.9964142121796914
4898.0,1046340.0,0.999884355228631
4899.0,1044270.0,0.9979730098208643
4900.0,1036180.0,0.9903063249549053
4901.0,1025860.0,0.9805056444086455
4902.0,1017130.0,0.9722219521955192
4903.0,1016160.0,0.9713535151570671
4904.0,1022400.0,0.9773759074157108
4905.0,1027280.0,0.9820972545227206
4906.0,1020830.0,0.9759852928484117
4907.0,1012340.0,0.9679206195274883
4908.0,1012460.0,0.9680861947728092
4909.0,1006210.0,0.9621591280013392
4910.0,991600.0,0.9482355463054003
4911.0,979866.0,0.9370594780222264
4912.0,982132.0,0.9392699011945422
4913.0,998545.0,0.9550092566156663
4914.0,1020620.0,0.9761638762795062
4915.0,1042080.0,0.9967305291806733
4916.0,1045020.0,0.9995825588718802
4917.0,1031750.0,0.986927476815182
4918.0,1017260.0,0.9731028727201491
4919.0,1001210.0,0.9577834322912858
4920.0,995692.0,0.9525369833969483
4921.0,1000460.0,0.9571292305710124
4922.0,1005090.0,0.961588275088204
4923.0,998556.0,0.9553650006729936
4924.0,998886.0,0.9557072074140563
4925.0,1022190.0,0.9780294609429904
4926.0,1030300.0,0.9858134192409098
4927.0,1016780.0,0.9728997273237483
4928.0,1022890.0,0.978767242893114
4929.0,1044500.0,0.9994652333550126
4930.0,1045060.0,1.0000197472698031
4931.0,1020450.0,0.9764871555914729
4932.0,991538.0,0.94883560878449
4933.0,970798.0,0.9290019943228662
4934.0,965794.0,0.924225174301075
4935.0,976680.0,0.934653120909242
4936.0,968013.0,0.9263680976372977
4937.0,952896.0,0.9119089968048699
4938.0,951173.0,0.910266310013713
4939.0,950702.0,0.9098204337723188
4940.0,964027.0,0.9225760293985591
4941.0,978295.0,0.9362328188058642
4942.0,1000830.0,0.9577998614084275
4943.0,1040130.0,0.9954097200572487
4944.0,1061380.0,1.015744144207313
4945.0,1050830.0,1.0056443974720115
4946.0,1032200.0,0.9878107660716696
4947.0,1043430.0,0.9985516257261831
4948.0,1064870.0,1.0190617008087857
4949.0,1060770.0,1.0151288780102312
4950.0,1036600.0,0.9919884330146673
4951.0,1023940.0,0.9798616218844896
4952.0,1041000.0,0.996173974613293
4953.0,1058830.0,1.0132213016426133
4954.0,1052390.0,1.007042477229394
4955.0,1031810.0,0.9873319820863568
4956.0,1002610.0,0.9593725641909697
4957.0,978279.0,0.936071838571918
4958.0,987609.0,0.9449788145500047
4959.0,1019870.0,0.9758247619666147
4960.0,1033610.0,0.9889472005985116
4961.0,1034510.0,0.9897827604490846
4962.0,1042790.0,0.9976776519920879
4963.0,1047890.0,1.0025283978748893
4964.0,1044430.0,0.9991882891170776
4965.0,1029260.0,0.9846446214670579
4966.0,1026390.0,0.981866997116522
4967.0,1036250.0,0.9912656132825235
4968.0,1045420.0,1.00000222070209
4969.0,1043920.0,0.9985307845940822
4970.0,1024310.0,0.9797361958661686
4971.0,1023740.0,0.9791524938832529
4972.0,1044850.0,0.9993024526594039
4973.0,1049390.0,1.0036024133986052
4974.0,1027890.0,0.9829979508518282
4975.0,1017230.0,0.9727601122026187
4976.0,1035550.0,0.9902337338244119
4977.0,1052560.0,1.0064518045835245
4978.0,1041810.0,0.9961243293300633
4979.0,1018600.0,0.9738835484926459
4980.0,1021360.0,0.9764723781342513
4981.0,1023760.0,0.9787154899788248
4982.0,1001200.0,0.9570965737115565
4983.0,979957.0,0.9367376669954924
4984.0,990131.0,0.9464095079539369
4985.0,1017600.0,0.9726093399695708
4986.0,1023040.0,0.9777510288782788
4987.0,1010200.0,0.9654211072950534
4988.0,1003180.0,0.9586530941475367
4989.0,1016580.0,0.9713970745742765
4990.0,1013800.0,0.9686782829123332
4991.0,985994.0,0.9420479841827382
4992.0,975475.0,0.9319353848633731
4993.0,990699.0,0.9464152266034229
4994.0,1000720.0,0.9559217430451581
4995.0,1006940.0,0.9617950784227493
4996.0,1008360.0,0.9630818405817289
4997.0,1003630.0,0.958493732057739
4998.0,1004710.0,0.9594533349712715
4999.0,990481.0,0.9457932309601575
5000.0,977400.0,0.9332301024826661
5001.0,973775.0,0.9296956707190882
5002.0,976641.0,0.9323572577462993
5003.0,992030.0,0.9469713874795397
5004.0,1005680.0,0.9599219987551684
5005.0,973521.0,0.9291481531454903
5006.0,936012.0,0.8932725854672642
5007.0,949470.0,0.9060375864669837
5008.0,978672.0,0.9338216579973749
5009.0,973966.0,0.9292483966902073
5010.0,965147.0,0.9207509333878524
5011.0,969642.0,0.9249542111342973
5012.0,966448.0,0.9218215437534583
5013.0,954732.0,0.9105605328441089
5014.0,941230.0,0.8975972639443064
5015.0,954254.0,0.9099291933452296
5016.0,965227.0,0.9203019818116376
5017.0,939861.0,0.8960273070895927
5018.0,915724.0,0.872927891215925
5019.0,935490.0,0.8916789522143244
5020.0,959173.0,0.9141581592390239
5021.0,957530.0,0.9124965882200847
5022.0,952035.0,0.9071637263067229
5023.0,956932.0,0.9117319576683965
5024.0,958508.0,0.9131342186807129
5025.0,958943.0,0.9134481114370953
5026.0,957258.0,0.9117415443441361
5027.0,952086.0,0.9067133447615906
5028.0,961361.0,0.9154420455930278
5029.0,969247.0,0.922845048496257
5030.0,942722.0,0.897485348211907
5031.0,930696.0,0.885932054962932
5032.0,950036.0,0.9042341674565755
5033.0,943770.0,0.8981621331156548
5034.0,915072.0,0.8707450246815897
5035.0,923997.0,0.8791295906301909
5036.0,951031.0,0.9047384616140192
5037.0,936668.0,0.8909627483108776
5038.0,915453.0,0.8706725237678874
5039.0,926870.0,0.8814181281226807
5040.0,907129.0,0.8625335784287347
5041.0,866107.0,0.8234206568625609
5042.0,883318.0,0.8396725986218138
5043.0,926964.0,0.8810446173725981
5044.0,940012.0,0.8933260707985077
5045.0,936414.0,0.8897859188708575
5046.0,935172.0,0.8884839538987167
5047.0,935075.0,0.8882688786451475
5048.0,935567.0,0.8886121479199048
5049.0,927502.0,0.8808277763046493
5050.0,924442.0,0.8777969245732312
5051.0,924946.0,0.8781494828016213
5052.0,898265.0,0.8526949277185146
5053.0,880343.0,0.8355600986005636
5054.0,912822.0,0.866259274445253
5055.0,918687.0,0.8716955675171696
5056.0,884354.0,0.8389929776281434
5057.0,897806.0,0.8516262632966318
5058.0,920841.0,0.8733433128389931
5059.0,898394.0,0.8519232100757983
5060.0,886700.0,0.8407038191144264
5061.0,896979.0,0.8503167610512135
5062.0,891119.0,0.8446285725228585
5063.0,872478.0,0.8268288086144887
5064.0,862075.0,0.8168393767281101
5065.0,883626.0,0.8371244940119494
5066.0,899262.0,0.851799153113373
5067.0,870484.0,0.8244049753568538
5068.0,864568.0,0.8186669687947847
5069.0,866433.0,0.8202964776808999
5070.0,851357.0,0.8058881597573354
5071.0,869362.0,0.8227925882649989
5072.0,876585.0,0.8294875242565493
5073.0,858362.0,0.8121044029601094
5074.0,864279.0,0.8175613536484221
5075.0,874706.0,0.8272808345134254
5076.0,861804.0,0.8149355829843881
5077.0,843816.0,0.7977850678343663
5078.0,856563.0,0.8096928125416749
5079.0,864973.0,0.8174963182073185
5080.0,849916.0,0.8031210239917763
5081.0,855610.0,0.8083548209950463
5082.0,836937.0,0.7905686635048708
5083.0,812262.0,0.7671195786264501
5084.0,836841.0,0.7901861990392077
5085.0,860748.0,0.8126088151660602
5086.0,859172.0,0.81096870614829
5087.0,853874.0,0.8058156578168533
5088.0,856541.0,0.8081788073337892
5089.0,848238.0,0.8001913900267629
5090.0,849622.0,0.8013425542248139
5091.0,838793.0,0.7909754788845199
5092.0,815537.0,0.768895143145021
5093.0,813247.0,0.7665855065144469
5094.0,807347.0,0.7608736008334174
5095.0,784898.0,0.7395696998359078
5096.0,763782.0,0.719529119809916
5097.0,742967.0,0.6997791684209909
5098.0,749693.0,0.7059711169742111
5099.0,799168.0,0.7524073298154546
5100.0,823200.0,0.7748742180430317
5101.0,820631.0,0.7722966459461907
5102.0,823891.0,0.7752036930429492
5103.0,812286.0,0.7641248979326297
5104.0,805811.0,0.7578745916203253
5105.0,803361.0,0.7554107105938929
5106.0,780779.0,0.7340205533200831
5107.0,764211.0,0.7182912078025258
5108.0,755951.0,0.7103748004852903
5109.0,750133.0,0.7047551766687347
5110.0,748230.0,0.7028144615727915
5111.0,751834.0,0.7060453067084445
5112.0,779926.0,0.7322653960069936
5113.0,800269.0,0.7511991362807009
5114.0,798166.0,0.7490585257200248
5115.0,792216.0,0.7433084121544958
5116.0,771864.0,0.724050078110903
5117.0,761816.0,0.714463027065244
5118.0,760400.0,0.712973025320111
5119.0,749955.0,0.7030188793120472
5120.0,737069.0,0.6907806958646807
5121.0,728216.0,0.6823261236714634
5122.0,730578.0,0.6843804268057637
5123.0,723176.0,0.6772884596007036
5124.0,708675.0,0.6635519613190983
5125.0,687689.0,0.64375042689489
5126.0,651849.0,0.6100557963409602
5127.0,599593.0,0.5610165648555788
5128.0,540019.0,0.5051544956855112
5129.0,544867.0,0.5095669057989488
5130.0,646194.0,0.6041831836768893
5131.0,756744.0,0.7073741381328453
5132.0,805853.0,0.7530953654114405
5133.0,819392.0,0.7655601187593062
5134.0,815863.0,0.7620750289577014
5135.0,807514.0,0.7540895868373176
5136.0,797375.0,0.7444360002789968
5137.0,785829.0,0.7334730340542411
5138.0,776640.0,0.7247140520690042
5139.0,773914.0,0.7219879323882243
5140.0,776337.0,0.7240645903193755
5141.0,772555.0,0.7203535515410716
5142.0,766092.0,0.7141442976284474
5143.0,774551.0,0.7218439122531567
5144.0,784171.0,0.730620363889558
5145.0,777556.0,0.7242689578172764
5146.0,768487.0,0.7156347202589636
5147.0,761609.0,0.7090438791061133
5148.0,754571.0,0.7023066918971492
5149.0,755791.0,0.7032561667134596
5150.0,759993.0,0.7069782409970912
5151.0,761433.0,0.7081288013231076
5152.0,762738.0,0.709152343134201
5153.0,749114.0,0.6962980099946925
5154.0,734141.0,0.6821961889432354
5155.0,740645.0,0.6880531107765395
5156.0,748749.0,0.6953919658830902
5157.0,744300.0,0.6910706799592392
5158.0,729730.0,0.677356299561436
5159.0,716140.0,0.6645580451223769
5160.0,690263.0,0.6403672132473577
5161.0,630336.0,0.5846091402674325
5162.0,544012.0,0.5044062479224569
5163.0,449814.0,0.4169489900431661
5164.0,410890.0,0.38076147670072363
5165.0,543283.0,0.5033041509574289
5166.0,778472.0,0.7209810543844256
5167.0,906055.0,0.8389022732017131
5168.0,946777.0,0.8763547751477877
5169.0,990064.0,0.9161581962117912
5170.0,1035850.0,0.9582493024037217
5171.0,1036140.0,0.958239384837458
5172.0,1000130.0,0.9246672247100275
5173.0,1002650.0,0.9267258928285718
5174.0,1051840.0,0.9719055212688037
5175.0,1090840.0,1.0076445205678197
5176.0,1103340.0,1.0188894865751164
5177.0,1105660.0,1.0207284985157103
5178.0,1106850.0,1.0215222625592748
5179.0,1107370.0,1.0216961222790366
5180.0,1106250.0,1.0203559489682665
5181.0,1100450.0,1.0146999977021824
5182.0,1075640.0,0.9915228297365077
5183.0,1028930.0,0.9481772619616495
5184.0,1018400.0,0.9381872629469611
5185.0,1054690.0,0.9713212932211904
5186.0,1079540.0,0.9939013109156444
5187.0,1084250.0,0.997929598083791
5188.0,1071380.0,0.9857787716997602
5189.0,1065930.0,0.9804593030877097
5190.0,1076870.0,0.9902130162598732
5191.0,1067340.0,0.9811425513998309
5192.0,1048060.0,0.9631167867895404
5193.0,1053360.0,0.9676818999957142
5194.0,1064800.0,0.9778817372103291
5195.0,1065740.0,0.9784340682372064
5196.0,1076360.0,0.9878690210571882
5197.0,1083720.0,0.9943057233798424
5198.0,1082360.0,0.9927392098120111
5199.0,1088420.0,0.9979761136039127
5200.0,1095730.0,1.0043544869964673
5201.0,1093150.0,1.0016656057240227
5202.0,1083840.0,0.9928129781230148
5203.0,1074750.0,0.9841669472000548
5204.0,1054320.0,0.9651451781922216
5205.0,1034910.0,0.9470688129884196
5206.0,1040410.0,0.9517921963834517
5207.0,1055500.0,0.9652826328474571
5208.0,1051900.0,0.9616772693375294
5209.0,1054640.0,0.9638685919777799
5210.0,1072630.0,0.979991527203501
5211.0,1087070.0,0.9928618563424656
5212.0,1099680.0,1.00405329053695
5213.0,1108030.0,1.0113496063458556
5214.0,1104570.0,1.0078656973644027
5215.0,1086190.0,0.9907753016191833
5216.0,1068270.0,0.974116098444637
5217.0,1073790.0,0.9788356313246983
5218.0,1094840.0,0.9977052370603575
5219.0,1108160.0,1.0095219017241026
5220.0,1110850.0,1.011651471622728
5221.0,1111300.0,1.0117416351840816
5222.0,1111980.0,1.01204244086417
5223.0,1110740.0,1.0105976356786592
5224.0,1103610.0,1.0037980069030308
5225.0,1080420.0,0.9824012729523871
5226.0,1032630.0,0.9386581312757996
5227.0,1007870.0,0.9158713742904016
5228.0,1048030.0,0.952076476907393
5229.0,1088980.0,0.9889791067523886
5230.0,1098470.0,0.9972992419087706
5231.0,1097520.0,0.9961410406008345
5232.0,1084670.0,0.9841882833648001
5233.0,1070920.0,0.9714285808118833
5234.0,1076930.0,0.9765978541955544
5235.0,1091860.0,0.9898534251569046
5236.0,1104450.0,1.000983414816535
5237.0,1108760.0,1.0046078047761255
5238.0,1107090.0,1.002816412156178
5239.0,1104290.0,1.0000058165625103
5240.0,1104670.0,1.000078857603571
5241.0,1108010.0,1.0028341781563
5242.0,1108930.0,1.0034017285995316
5243.0,1108910.0,1.0031221613519958
5244.0,1109120.0,1.0030543504088443
5245.0,1106520.0,1.0004496470410524
5246.0,1102680.0,0.996729197227931
5247.0,1100570.0,0.9945778636791256
5248.0,1102770.0,0.9963255346149635
5249.0,1102240.0,0.9956105533433302
5250.0,1094990.0,0.9888315911996483
5251.0,1094170.0,0.9878653020969155
5252.0,1100200.0,0.993086900755005
5253.0,1102210.0,0.9946828337605744
5254.0,1099200.0,0.9917533607772526
5255.0,1096830.0,0.9894071208278629
5256.0,1102050.0,0.9939118484262911
5257.0,1107820.0,0.9989155621314749
5258.0,1107870.0,0.998765615505996
5259.0,1105260.0,0.9962232486049841
5260.0,1102230.0,0.9933085325361348
5261.0,1093500.0,0.9852643483668667
5262.0,1080140.0,0.9730573510786651
5263.0,1072150.0,0.965696717570997
5264.0,1068470.0,0.9622253771575118
5265.0,1063010.0,0.9571578977922358
5266.0,1057000.0,0.9516023934043413
5267.0,1065700.0,0.9592954538839169
5268.0,1065830.0,0.9592788448729349
5269.0,1024940.0,0.9223538029390548
5270.0,999334.0,0.8991965819625447
5271.0,1038740.0,0.9345412525939921
5272.0,1079990.0,0.9715424673135682
5273.0,1085610.0,0.97649306513001
5274.0,1086560.0,0.9772489173960309
5275.0,1086120.0,0.9767611529884218
5276.0,1084640.0,0.9753449444998747
5277.0,1096110.0,0.9855798741054416
5278.0,1107360.0,0.9956223584056829
5279.0,1109380.0,0.9973724404206954
5280.0,1102680.0,0.9912903878538605
5281.0,1090840.0,0.9805957470247177
5282.0,1083920.0,0.9743319956225832
5283.0,1080880.0,0.9715636865042353
5284.0,1083030.0,0.9734679480915444
5285.0,1096270.0,0.9853475442259714
5286.0,1105260.0,0.993414528088632
5287.0,1105750.0,0.9938494399262228
5288.0,1106850.0,0.9948406167523242
5289.0,1109550.0,0.9972780128698663
5290.0,1111690.0,0.9992203629763419
5291.0,1112630.0,1.0000925218798749
5292.0,1111300.0,0.9989327168631862
5293.0,1107060.0,0.9951654891273013
5294.0,1103410.0,0.9919369052264834
5295.0,1102540.0,0.9912159419329593
5296.0,1098280.0,0.9874557422341272
5297.0,1090700.0,0.9807186040249869
5298.0,1088910.0,0.9791958479432387
5299.0,1096330.0,0.9859646340201841
5300.0,1099120.0,0.9885795955140331
5301.0,1091040.0,0.9814264853817461
5302.0,1087290.0,0.9781764113149045
5303.0,1098000.0,0.9879455074069649
5304.0,1110420.0,0.9992657040903418
5305.0,1111630.0,1.0005094287677945
5306.0,1103270.0,0.993148224466253
5307.0,1091810.0,0.9830027399815803
5308.0,1089990.0,0.981543584196317
5309.0,1100590.0,0.9912792558421437
5310.0,1108490.0,0.9985953330339882
5311.0,1110990.0,1.0010575990558
5312.0,1111800.0,1.0020065699951706
5313.0,1104830.0,0.9959513152678421
5314.0,1095140.0,0.9874492055514696
5315.0,1090970.0,0.9839297090291429
5316.0,1083780.0,0.9776922278808906
5317.0,1085270.0,0.9792919093177256
5318.0,1099380.0,0.9922910235636482
5319.0,1102500.0,0.9953828790393238
5320.0,1094590.0,0.9885230686354548
5321.0,1094180.0,0.9884421272376246
5322.0,1100870.0,0.9947844368093125
5323.0,1094650.0,0.9894685114207132
5324.0,1079150.0,0.9757655795303404
5325.0,1077080.0,0.9742082568176461
5326.0,1074870.0,0.9725301755467717
5327.0,1044660.0,0.9455151547849234
5328.0,1011240.0,0.9155818803298676
5329.0,1034710.0,0.9371605627057862
5330.0,1081140.0,0.9795636067008442
5331.0,1096410.0,0.9937609612032019
5332.0,1090450.0,0.9887256031927516
5333.0,1086540.0,0.9855521619472375
5334.0,1091360.0,0.9903040249081314
5335.0,1095410.0,0.9943665911950215
5336.0,1089160.0,0.9890846540627121
5337.0,1082560.0,0.9834862922600885
5338.0,1086310.0,0.9872956314941597
5339.0,1080160.0,0.9821122562834896
5340.0,1060920.0,0.9650231448170307
5341.0,1061680.0,0.9661246943715376
5342.0,1084760.0,0.9875520964508719
5343.0,1098420.0,1.0004235211569483
5344.0,1097750.0,1.0002539402338961
5345.0,1091280.0,0.9948018600086144
5346.0,1083620.0,0.9882643465526662
5347.0,1083220.0,0.9883496537898737
5348.0,1084470.0,0.9899456972388195
5349.0,1083800.0,0.9897941185806358
5350.0,1090660.0,0.9965267422436451
5351.0,1099860.0,1.005408928075513
5352.0,1098510.0,1.0046550236035592
5353.0,1092760.0,0.9998783365832273
5354.0,1092000.0,0.9996689213697981
5355.0,1093730.0,1.001743580459088
5356.0,1099350.0,1.0073884656170153
5357.0,1103470.0,1.0116672288408541
5358.0,1098690.0,1.0077899887703647
5359.0,1089100.0,0.9994978191743527
5360.0,1084220.0,0.9955250430069476
5361.0,1087560.0,0.9991026041592143
5362.0,1090780.0,1.0025764007633586
5363.0,1089420.0,1.0018447067954064
5364.0,1082680.0,0.9961647877467077
5365.0,1069470.0,0.9845253233359457
5366.0,1063830.0,0.9798483922118162
5367.0,1069980.0,0.9860337497616698
5368.0,1080750.0,0.9964875684512211
5369.0,1081860.0,0.9980429374102692
5370.0,1059060.0,0.9775324824067123
5371.0,1021580.0,0.9434445540530414
5372.0,1019290.0,0.9418374982150101
5373.0,1062290.0,0.9821013671188725
5374.0,1094060.0,1.0120223730039324
5375.0,1098480.0,1.016664291140274
5376.0,1086410.0,1.0060423227812536
5377.0,1071260.0,0.9925560793190218
5378.0,1069290.0,0.9912743592261865
5379.0,1075320.0,0.9974124288592001
5380.0,1075460.0,0.9980916663812407
5381.0,1073540.0,0.9968593589005732
5382.0,1062970.0,0.9875895470599396
5383.0,1048780.0,0.9749446557307029
5384.0,1058670.0,0.9846830925833413
5385.0,1084500.0,1.0092666096750196
5386.0,1095690.0,1.0202453748795777
5387.0,1087610.0,1.0132830457274118
5388.0,1072330.0,0.9996010280333327
5389.0,1066650.0,0.9948572804422793
5390.0,1074290.0,1.0025380951196197
5391.0,1082650.0,1.010899038155965
5392.0,1076110.0,1.0053482219825525
5393.0,1063510.0,0.9941257124190697
5394.0,1062920.0,0.9941224315991759
5395.0,1058910.0,0.990917594427511
5396.0,1041180.0,0.97486185650854
5397.0,1030000.0,0.9649232645051211
5398.0,1039620.0,0.9744687959678628
5399.0,1054730.0,0.9891719219283804
5400.0,1066340.0,1.0006050929550943
5401.0,1070060.0,1.0046411616956814
5402.0,1064290.0,0.9997649247706029
5403.0,1048060.0,0.9850501225738626
5404.0,1032990.0,0.971408067892133
5405.0,1030960.0,0.9700182192849731
5406.0,1032300.0,0.9717969159278291
5407.0,1038860.0,0.9784915903669597
5408.0,1040230.0,0.9802996464594432
5409.0,1037990.0,0.9787029529195903
5410.0,1044060.0,0.9849410709764859
5411.0,1057980.0,0.998591939285258
5412.0,1055570.0,0.996832379005985
5413.0,1038170.0,0.980904454193255
5414.0,1040430.0,0.9835417749631716
5415.0,1057280.0,0.9999774274988065
5416.0,1067030.0,1.0097073339640597
5417.0,1062070.0,1.0055163403249827
5418.0,1044380.0,0.989258977339578
5419.0,1032130.0,0.9781368340531036
5420.0,1044960.0,0.9907791892162505
5421.0,1064760.0,1.010041263141477
5422.0,1070900.0,1.0163530892753412
5423.0,1045030.0,0.9922721976723808
5424.0,1013310.0,0.9626064697055757
5425.0,1025630.0,0.9747640400361034
5426.0,1057260.0,1.0052887378087605
5427.0,1066370.0,1.0144134639474243
5428.0,1039510.0,0.9893082012259797
5429.0,992791.0,0.9452666686338456
5430.0,985978.0,0.9391932844851277
5431.0,1027560.0,0.9792279323160847
5432.0,1048050.0,0.9991829279137758
5433.0,1020330.0,0.973167397752273
5434.0,992748.0,0.9472557342283224
5435.0,997702.0,0.9523745228060517
5436.0,1020620.0,0.9746462667054837
5437.0,1041020.0,0.9945240874963643
5438.0,1049500.0,1.0030190067639286
5439.0,1047860.0,1.0018382614138963
5440.0,1039510.0,0.9942320103517073
5441.0,1033050.0,0.9884214445599224
5442.0,1037810.0,0.9933387689335343
5443.0,1044270.0,0.9998801952858067
5444.0,1039310.0,0.9954804942122206
5445.0,1019250.0,0.9766020889066556
5446.0,992529.0,0.9513189579492679
5447.0,978881.0,0.9385459560721968
5448.0,1003900.0,0.9628428654359111
5449.0,1039250.0,0.997059044427579
5450.0,1054600.0,1.0120943441030772
5451.0,1040620.0,0.9989741097664994
5452.0,1025210.0,0.9844646362488031
5453.0,1036670.0,0.9957478324770209
5454.0,1037010.0,0.9963446846322609
5455.0,1004230.0,0.9651035081458668
5456.0,978545.0,0.9406578860537447
5457.0,996345.0,0.9580031521295147
5458.0,1028590.0,0.9892403540649339
5459.0,1041540.0,1.0019217316562206
5460.0,1040090.0,1.000744023244008
5461.0,1027060.0,0.9884119961819553
5462.0,1010460.0,0.9726290477905328
5463.0,1015680.0,0.977837478878821
5464.0,1032430.0,0.9941404771146447
5465.0,1024870.0,0.9870267460795271
5466.0,1011090.0,0.973909347706512
5467.0,1008710.0,0.9717602854876751
5468.0,1008460.0,0.9716527005161841
5469.0,1005230.0,0.9686632311841671
5470.0,1019000.0,0.9820463587570993
5471.0,1039270.0,1.0016871614034932
5472.0,1027270.0,0.990215562319389
5473.0,1011120.0,0.9747310917675687
5474.0,1020470.0,0.9838183608201888
5475.0,1028880.0,0.9919906832351436
5476.0,1010190.0,0.9740242713600127
5477.0,983719.0,0.9485436382712111
5478.0,992407.0,0.9569546338701415
5479.0,1026770.0,0.9901152423449036
5480.0,1045200.0,1.0079032076468846
5481.0,1028300.0,0.9916124178380825
5482.0,1001030.0,0.9653121878150778
5483.0,1005400.0,0.9695139691483651
5484.0,1019800.0,0.983378359587055
5485.0,1020260.0,0.9837912187048176
5486.0,1014120.0,0.9778312271230754
5487.0,995663.0,0.9599872493174887
5488.0,987459.0,0.9520216318301259
5489.0,1002410.0,0.9663710848122308
5490.0,1006140.0,0.9698932254565293
5491.0,993546.0,0.9576717685536223
5492.0,979639.0,0.9441787582433838
5493.0,980026.0,0.9444555162242727
5494.0,1000360.0,0.9639451301816135
5495.0,1006140.0,0.969399676686262
5496.0,968834.0,0.9333374643140867
5497.0,934255.0,0.8999037904766103
5498.0,948848.0,0.9138293643739089
5499.0,975667.0,0.9395165171094506
5500.0,967166.0,0.9311823426274114
5501.0,935740.0,0.9007751978721185
5502.0,950827.0,0.915138632178414
5503.0,998298.0,0.9606527428953944
5504.0,1014810.0,0.9763567416254908
5505.0,996622.0,0.9586687880528714
5506.0,970281.0,0.9331399289930696
5507.0,979148.0,0.9414679828622732
5508.0,1003890.0,0.965046387630681
5509.0,1009570.0,0.9702871138145706
5510.0,992584.0,0.9537396113759596
5511.0,984467.0,0.9457131615619881
5512.0,1001580.0,0.9619149409280046
5513.0,1013090.0,0.9727223331307744
5514.0,995638.0,0.9557169073635112
5515.0,977688.0,0.9382362122995302
5516.0,998445.0,0.957893766852524
5517.0,1013750.0,0.9723051709951671
5518.0,997091.0,0.9560537829167763
5519.0,977395.0,0.9368946361416024
5520.0,983752.0,0.9427069969680948
5521.0,999958.0,0.9579453081561382
5522.0,998220.0,0.9559837400045512
5523.0,972925.0,0.9314645995933735
5524.0,958242.0,0.917112165833559
5525.0,976515.0,0.9342949051600677
5526.0,979322.0,0.9366686173751292
5527.0,948697.0,0.9070704311883523
5528.0,934165.0,0.8928690410066288
5529.0,960346.0,0.9175723130474415
5530.0,981152.0,0.9371195607817883
5531.0,973671.0,0.9296401453430556
5532.0,959703.0,0.9159699707937776
5533.0,966349.0,0.921972562361474
5534.0,978078.0,0.9328138793359958
5535.0,967456.0,0.9223339322149086
5536.0,946212.0,0.9017348431635706
5537.0,940826.0,0.8962541213784007
5538.0,932784.0,0.8882443572778977
5539.0,902254.0,0.858831168644532
5540.0,887348.0,0.8443037248017228
5541.0,930997.0,0.8854762908331943
5542.0,986503.0,0.9378841709586516
5543.0,999284.0,0.9496424588419482
5544.0,988255.0,0.9387693405570173
5545.0,998120.0,0.9477409672495088
5546.0,1006040.0,0.9548552361789969
5547.0,989272.0,0.938537870653277
5548.0,975403.0,0.9249801611663891
5549.0,991489.0,0.9398249389455139
5550.0,1005110.0,0.9523178348721159
5551.0,983971.0,0.9318766846971974
5552.0,972404.0,0.9205116923580359
5553.0,995414.0,0.941870910150018
5554.0,1001140.0,0.9468609348887539
5555.0,974064.0,0.9208339904280777
5556.0,971502.0,0.9179917285868587
5557.0,994528.0,0.9393168178365744
5558.0,985828.0,0.9306686382608486
5559.0,966822.0,0.9123010442242524
5560.0,982032.0,0.9262194865105653
5561.0,988264.0,0.9316586542379529
5562.0,962825.0,0.9072474646995186
5563.0,964071.0,0.9079898723832778
5564.0,986618.0,0.9287817233074395
5565.0,972194.0,0.9147644987966956
5566.0,951464.0,0.8948280738165428
5567.0,968541.0,0.9104483192047453
5568.0,972230.0,0.9134726863159474
5569.0,951796.0,0.8938382419524094
5570.0,959570.0,0.9006986505857658
5571.0,970020.0,0.9100613209053889
5572.0,942343.0,0.883660525449738
5573.0,931638.0,0.8731915339059042
5574.0,949197.0,0.8892092869858875
5575.0,937169.0,0.8775064764119965
5576.0,919530.0,0.8605628839639935
5577.0,936003.0,0.8755436189192091
5578.0,948456.0,0.886749915757248
5579.0,946806.0,0.8847651541609807
5580.0,958012.0,0.8947890377806721
5581.0,947893.0,0.8848943297970314
5582.0,912521.0,0.8514459497273277
5583.0,886663.0,0.8269032299560916
5584.0,854944.0,0.7969213462471932
5585.0,855312.0,0.7968634073969929
5586.0,930914.0,0.8668626349697386
5587.0,984430.0,0.9162349975169093
5588.0,991137.0,0.9220128791148667
5589.0,1008660.0,0.9378412758794249
5590.0,1016390.0,0.944552698752872
5591.0,1023100.0,0.9503098164964835
5592.0,1036630.0,0.9623926919044058
5593.0,1021240.0,0.9476280337984445
5594.0,1012030.0,0.9386099904232013
5595.0,1015830.0,0.9416612984314713
5596.0,1016410.0,0.9417264138614804
5597.0,1021950.0,0.9463850599841126
5598.0,1009520.0,0.9344065310404822
5599.0,1005670.0,0.930378109552533
5600.0,1017680.0,0.941019568212658
5601.0,1013700.0,0.9368729474272622
5602.0,1011600.0,0.9344678327855742
5603.0,1007540.0,0.9302562509758195
5604.0,1013750.0,0.9355272625155864
5605.0,1022530.0,0.9431645547689965
5606.0,1021770.0,0.9420001619741319
5607.0,1021470.0,0.9412619107524532
5608.0,1013040.0,0.933037623582602
5609.0,1009830.0,0.9296280413428372
5610.0,1007840.0,0.9273456661780934
5611.0,1011580.0,0.930336710382084
5612.0,1013760.0,0.9318923298770205
5613.0,1010990.0,0.9288999426999297
5614.0,996910.0,0.9155253657087719
5615.0,975873.0,0.8957792146050034
5616.0,971204.0,0.8910710248100641
5617.0,986086.0,0.9042984747284608
5618.0,993198.0,0.9103931620297898
5619.0,992770.0,0.9095759620258629
5620.0,992438.0,0.9088494745504813
5621.0,990306.0,0.9064781358286005
5622.0,983291.0,0.8996435484493541
5623.0,970636.0,0.8876595960001916
5624.0,952883.0,0.87102875198516
5625.0,945236.0,0.8636489647665606
5626.0,967129.0,0.8832563541385972
5627.0,995648.0,0.9088973874795309
5628.0,1002720.0,0.9149486257959751
5629.0,1000180.0,0.9122304633574625
5630.0,993891.0,0.9060996044036921
5631.0,977278.0,0.8905688912471539
5632.0,949089.0,0.8645100072579659
5633.0,903341.0,0.8224888100778363
5634.0,850328.0,0.7738940095437306
5635.0,860976.0,0.7832571182264775
5636.0,968417.0,0.8806343341566495
5637.0,1065960.0,0.9689372645358342
5638.0,1098790.0,0.9983726176087988
5639.0,1103280.0,1.0020482272076086
5640.0,1103480.0,1.001829918455446
5641.0,1102450.0,1.0004994517731367
5642.0,1102900.0,1.000516637349364
5643.0,1105190.0,1.0022064312455912
5644.0,1105830.0,1.0024034103437165
5645.0,1104280.0,1.0006200597514028
5646.0,1103630.0,0.9996575743643292
5647.0,1106500.0,1.0018873983777958
5648.0,1109090.0,1.0038666297682228
5649.0,1108070.0,1.0025826630689398
5650.0,1107950.0,1.002118284417158
5651.0,1109820.0,1.0034582333868125
5652.0,1108320.0,1.0017560744166258
5653.0,1106200.0,0.9994997569557372
5654.0,1109000.0,1.0016938466412606
5655.0,1109610.0,1.0019140624145766
5656.0,1104590.0,0.997057328158018
5657.0,1096980.0,0.9898717713576983
5658.0,1090050.0,0.9833093836585898
5659.0,1091580.0,0.9843855476295666
5660.0,1099090.0,0.9908575044213678
5661.0,1102430.0,0.9935727737304162
5662.0,1102410.0,0.9932646384565977
5663.0,1103320.0,0.9937999776625643
5664.0,1105700.0,0.9956644170182374
5665.0,1106330.0,0.9959581904505831
5666.0,1106230.0,0.9956006703151501
5667.0,1106690.0,0.9957531424046931
5668.0,1106670.0,0.9954797593123639
5669.0,1104690.0,0.9934498566556732
5670.0,1104230.0,0.9927934831391176
5671.0,1108230.0,0.9961522514639779
5672.0,1112280.0,0.999560224212836
5673.0,1113400.0,1.0003399902963945
5674.0,1109120.0,0.9962746150486962
5675.0,1105280.0,0.9926118884643982
5676.0,1108280.0,0.9950978533904099
5677.0,1112380.0,0.998575895074409
5678.0,1112550.0,0.9985309235214492
5679.0,1108900.0,0.9950636961431288
5680.0,1106770.0,0.9929670056169749
5681.0,1109270.0,0.9950297206937703
5682.0,1111410.0,0.996774266471185
5683.0,1109390.0,0.9947933276091746
5684.0,1103720.0,0.9895459766466431
5685.0,1102260.0,0.9880795048153254
5686.0,1106030.0,0.9913062411208616
5687.0,1109650.0,0.9944027897333759
5688.0,1111950.0,0.9963208830924102
5689.0,1110170.0,0.9945883666912293
5690.0,1106950.0,0.9915715190339702
5691.0,1107520.0,0.9919550390638717
5692.0,1111400.0,0.995307725049031
5693.0,1114450.0,0.9979213767743509
5694.0,1112830.0,0.9963581598751369
5695.0,1108050.0,0.9919712403023583
5696.0,1106520.0,0.990499328597925
5697.0,1110480.0,0.9939463960139078
5698.0,1115230.0,0.9981046124834936
5699.0,1114750.0,0.9975865178762923
5700.0,1108920.0,0.9922859307553015
5701.0,1102690.0,0.9866329586759314
5702.0,1103160.0,0.9869798244656113
5703.0,1109850.0,0.9928957314837705
5704.0,1113710.0,0.996283756225922
5705.0,1111820.0,0.9945324366167246
5706.0,1108930.0,0.9918913241145486
5707.0,1106920.0,0.9900419878254733
5708.0,1103920.0,0.9873117700008993
5709.0,1099480.0,0.9832982722286399
5710.0,1098380.0,0.9822763016654718
5711.0,1100010.0,0.9836999551458296
5712.0,1103190.0,0.9865137572881428
5713.0,1107340.0,0.990198933402678
5714.0,1109720.0,0.992305329195031
5715.0,1110930.0,0.9933695423589086
5716.0,1112900.0,0.9951173424978514
5717.0,1114610.0,0.9966366422875047
5718.0,1113650.0,0.9957725201806091
5719.0,1111390.0,0.9937499533734101
5720.0,1109310.0,0.991892229933191
5721.0,1107660.0,0.9904228287970253
5722.0,1108310.0,0.9910137917321853
5723.0,1111140.0,0.9935578451175803
5724.0,1111640.0,0.9940222412585191
5725.0,1110630.0,0.9931400918494848
5726.0,1111220.0,0.9936923342289862
5727.0,1111970.0,0.9943913056275819
5728.0,1110040.0,0.9926972038831229
5729.0,1106260.0,0.9893520276761137
5730.0,1102250.0,0.9858043827768628
5731.0,1099350.0,0.9832526572480088
5732.0,1099550.0,0.9834768395756753
5733.0,1101080.0,0.9848940465339855
5734.0,1102030.0,0.985795882951448
5735.0,1103060.0,0.9867726578120021
5736.0,1104410.0,0.9880390651990422
5737.0,1104210.0,0.9879220652830712
5738.0,1103320.0,0.9871908384690653
5739.0,1103210.0,0.9871605837676959
5740.0,1101980.0,0.9861311495013828
5741.0,1098260.0,0.9828762030833647
5742.0,1093610.0,0.978791387475432
5743.0,1090490.0,0.9760783338411864
5744.0,1091750.0,0.977288513018099
5745.0,1095390.0,0.9806324168139539
5746.0,1096530.0,0.9817414486178195
5747.0,1093020.0,0.9786898648648958
5748.0,1090150.0,0.976213558496494
5749.0,1089680.0,0.975888844735002
5750.0,1090510.0,0.9767310868524426
5751.0,1090210.0,0.976563916001336
5752.0,1089690.0,0.9762022031003325
5753.0,1089140.0,0.9758160745266322
5754.0,1084610.0,0.9718660778724569
5755.0,1084310.0,0.9717083698444818
5756.0,1090430.0,0.9773070170340347
5757.0,1089870.0,0.9769216540842603
5758.0,1084380.0,0.9721189272724153
5759.0,1084980.0,0.9727775240289692
5760.0,1088630.0,0.9761734781651544
5761.0,1087800.0,0.9755547992617707
5762.0,1087040.0,0.9750009337143167
5763.0,1087180.0,0.9752564167811233
5764.0,1088990.0,0.9770123575501197
5765.0,1091610.0,0.9794976627205267
5766.0,1093040.0,0.9809177662795103
5767.0,1094490.0,0.9823582253532287
5768.0,1095260.0,0.983190643324102
5769.0,1094870.0,0.9829837751954308
5770.0,1092040.0,0.980587760988574
5771.0,1089710.0,0.9786419197335005
5772.0,1093230.0,0.9819518350050283
5773.0,1095400.0,0.9840517589107034
5774.0,1092090.0,0.9812303489964025
5775.0,1093130.0,0.9823187887221049
5776.0,1097350.0,0.9862673204031223
5777.0,1094700.0,0.9840431800058981
5778.0,1090860.0,0.9807500186337526
5779.0,1094030.0,0.983760769428878
5780.0,1093620.0,0.9835543113900096
5781.0,1085740.0,0.9766299322914002
5782.0,1085240.0,0.9763441182480063
5783.0,1093460.0,0.9839059185608667
5784.0,1095830.0,0.9862068467652199
5785.0,1090930.0,0.981966009097587
5786.0,1089730.0,0.9810559808514903
5787.0,1094180.0,0.9852342937820399
5788.0,1095120.0,0.9862541856510564
5789.0,1090890.0,0.9826187087523783
5790.0,1091850.0,0.9836587661307425
5791.0,1094990.0,0.9866645963681727
5792.0,1094180.0,0.9861126603902035
5793.0,1090400.0,0.9828843602271364
5794.0,1091000.0,0.9836046733662368
5795.0,1094960.0,0.9873559617288926
5796.0,1093850.0,0.9865368963727607
5797.0,1088440.0,0.9818394942089249
5798.0,1088640.0,0.9822026382361483
5799.0,1095810.0,0.9888563756542141
5800.0,1097540.0,0.9906033522501382
5801.0,1092620.0,0.9863484576557567
5802.0,1090440.0,0.9845665541197853
5803.0,1092330.0,0.9864600957259395
5804.0,1096190.0,0.9901343108935575
5805.0,1094850.0,0.9891126392134373
5806.0,1090090.0,0.985000751373456
5807.0,1091120.0,0.9861205413524663
5808.0,1094850.0,0.9896817977036858
5809.0,1097780.0,0.9925214831792432
5810.0,1097530.0,0.9924869299325302
5811.0,1093860.0,0.9893593617225196
5812.0,1092680.0,0.9884833719585139
5813.0,1096120.0,0.9917874866542526
5814.0,1101530.0,0.9968758687964321
5815.0,1101860.0,0.9973680861355757
5816.0,1092880.0,0.9894318183247045
5817.0,1087760.0,0.9849878027715074
5818.0,1094290.0,0.991093402128441
5819.0,1101850.0,0.9981343726774812
5820.0,1102020.0,0.9984822991749991
5821.0,1096390.0,0.9935741348581761
5822.0,1092530.0,0.9902682206709865
5823.0,1093360.0,0.9912126494574558
5824.0,1096580.0,0.994324326599618
5825.0,1100220.0,0.9978178246449458
5826.0,1098620.0,0.9965591305330378
5827.0,1093030.0,0.9916795465182694
5828.0,1093030.0,0.9918703170308979
5829.0,1097470.0,0.9960905599017859
5830.0,1100100.0,0.9986688104675094
5831.0,1097840.0,0.996807528222213
5832.0,1092890.0,0.9925020495690358
5833.0,1091070.0,0.9910373496335398
5834.0,1092630.0,0.992642131267667
5835.0,1094920.0,0.9949101441999678
5836.0,1100380.0,1.000059265460053
5837.0,1103990.0,1.0035278820964684
5838.0,1099580.0,0.9997054280986056
5839.0,1092770.0,0.9936983159989503
5840.0,1089930.0,0.9912989052993716
5841.0,1092110.0,0.9934643615507501
5842.0,1098840.0,0.9997695757152121
5843.0,1101880.0,1.0027183529416086
5844.0,1097740.0,0.9991323500212905
5845.0,1095520.0,0.9972920804304767
5846.0,1095390.0,0.9973532827033385
5847.0,1096120.0,0.9981968691342851
5848.0,1096380.0,0.9986118611063918
5849.0,1093180.0,0.9958741747814293
5850.0,1091750.0,0.9947474490720845
5851.0,1095580.0,0.9984130156347703
5852.0,1093120.0,0.996345923834018
5853.0,1078040.0,0.9827725515265576
5854.0,1072430.0,0.9778282901816021
5855.0,1085920.0,0.9902996886041573
5856.0,1091490.0,0.9955507543570496
5857.0,1081860.0,0.9869364978134445
5858.0,1078050.0,0.9836287625690877
5859.0,1078890.0,0.9845625708276761
5860.0,1078660.0,0.9845193024564857
5861.0,1082610.0,0.9882910735528192
5862.0,1087840.0,0.993232014942302
5863.0,1089090.0,0.9945393582889183
5864.0,1086080.0,0.9919555475601864
5865.0,1083570.0,0.9898268466000473
5866.0,1082380.0,0.9889026705998812
5867.0,1082900.0,0.9895399957165084
5868.0,1084720.0,0.9913648765769354
5869.0,1085000.0,0.9917818916977976
5870.0,1083430.0,0.990506943377825
5871.0,1080740.0,0.9882067124091363
5872.0,1075860.0,0.9839021675401692
5873.0,1070590.0,0.9792387665002198
5874.0,1070490.0,0.9793027339937906
5875.0,1077690.0,0.9860451918999242
5876.0,1082880.0,0.9909496585236186
5877.0,1080400.0,0.9888349480568263
5878.0,1072710.0,0.9819496336378702
5879.0,1066870.0,0.9767551688862722
5880.0,1064330.0,0.9745800822896455
5881.0,1064250.0,0.9746564935818295
5882.0,1069240.0,0.9793760852072427
5883.0,1070780.0,0.9809358509917753
5884.0,1065130.0,0.9759076341193822
5885.0,1066350.0,0.9771726369367054
5886.0,1073750.0,0.984101312038443
5887.0,1070710.0,0.9814615445866309
5888.0,1051200.0,0.9637208651661576
5889.0,1021530.0,0.9366583343629634
5890.0,1004970.0,0.9216096798209323
5891.0,1028810.0,0.9436102460200988
5892.0,1059960.0,0.9723221436935848
5893.0,1067800.0,0.9796558453442754
5894.0,1058330.0,0.9711075519630454
5895.0,1030470.0,0.9456792802789374
5896.0,1013340.0,0.9300915402940015
5897.0,1036170.0,0.9511810739961521
5898.0,1059030.0,0.9723034325092554
5899.0,1068500.0,0.9811358494742474
5900.0,1073160.0,0.9855526948432655
5901.0,1066900.0,0.9799401153067419
5902.0,1063420.0,0.976879031897788
5903.0,1070130.0,0.9831784263624569
5904.0,1072370.0,0.9853714833133548
5905.0,1072130.0,0.9852853166772911
5906.0,1073860.0,0.9870090915919428
5907.0,1068870.0,0.9825552885366489
5908.0,1064610.0,0.9787707247384227
5909.0,1072060.0,0.9857517132719779
5910.0,1076560.0,0.9900209967872402
5911.0,1067870.0,0.9821593812513176
5912.0,1061440.0,0.9763738758704021
5913.0,1065520.0,0.9802551337523934
5914.0,1069260.0,0.9838238810019463
5915.0,1068100.0,0.9828838001204082
5916.0,1068890.0,0.9837374416963109
5917.0,1072180.0,0.9868917480887283
5918.0,1071950.0,0.9868057630056343
5919.0,1067170.0,0.9825299415687992
5920.0,1061910.0,0.9778103711307008
5921.0,1062940.0,0.9788815161916681
5922.0,1064850.0,0.9807627621706673
5923.0,1064800.0,0.9808383497534214
5924.0,1066410.0,0.9824425754777161
5925.0,1073620.0,0.9892062195091386
5926.0,1077670.0,0.9930589423516978
5927.0,1071730.0,0.9877051518718307
5928.0,1067900.0,0.9842942007451061
5929.0,1069320.0,0.9857213181382222
5930.0,1075520.0,0.9915549375626799
5931.0,1078690.0,0.994595493249064
5932.0,1070430.0,0.987095934639824
5933.0,1058840.0,0.9765228294459433
5934.0,1060470.0,0.9781402566572064
5935.0,1075070.0,0.9917218656075145
5936.0,1082820.0,0.9989862937936311
5937.0,1072810.0,0.9898648562659764
5938.0,1061320.0,0.9793749445021418
5939.0,1064560.0,0.982476227276412
5940.0,1074500.0,0.9917616500612262
5941.0,1077200.0,0.9943652500621418
5942.0,1071600.0,0.9893061784931807
5943.0,1068430.0,0.9864889683267315
5944.0,1071300.0,0.9892478783569985
5945.0,1071590.0,0.9896240925184598
5946.0,1073150.0,0.9911727293024403
5947.0,1071700.0,0.9899406890626229
5948.0,1061140.0,0.9802918308917473
5949.0,1060600.0,0.9798978347427595
5950.0,1070080.0,0.9887616748761958
5951.0,1072800.0,0.9913798096453575
5952.0,1073680.0,0.9922973283062724
5953.0,1073710.0,0.9924287501101215
5954.0,1063630.0,0.9832139351280905
5955.0,1056710.0,0.9769179741334395
5956.0,1059480.0,0.9795793250979951
5957.0,1059700.0,0.9798826677275612
5958.0,1063940.0,0.9839030404859691
5959.0,1070880.0,0.9904207445917146
5960.0,1066880.0,0.9868200858111703
5961.0,1064580.0,0.9847906759242911
5962.0,1074550.0,0.9941117445582763
5963.0,1082580.0,1.0016390787488159
5964.0,1083360.0,1.002458668411321
5965.0,1078320.0,0.9978918890820975
5966.0,1068810.0,0.9891866100808216
5967.0,1067110.0,0.9877079137276272
5968.0,1071100.0,0.9914954406291714
5969.0,1074570.0,0.9948016746508921
5970.0,1079290.0,0.9992652355926959
5971.0,1081850.0,1.0017289842853174
5972.0,1078280.0,0.9985160304110415
5973.0,1070140.0,0.9910695346840345
5974.0,1063780.0,0.9852696904269997
5975.0,1071820.0,0.9928066290907336
5976.0,1082230.0,1.002539808841348
5977.0,1080530.0,1.0010548409528088
5978.0,1072280.0,0.9935002174853208
5979.0,1065200.0,0.9870277787833291
5980.0,1067420.0,0.989171848096959
5981.0,1076140.0,0.9973397254794834
5982.0,1079010.0,1.000086310125334
5983.0,1072130.0,0.9937951390335565
5984.0,1065390.0,0.9876320628384956
5985.0,1065690.0,0.9879940700918691
5986.0,1066650.0,0.9889674692365187
5987.0,1064480.0,0.9870381395695803
5988.0,1067560.0,0.989976349499085
5989.0,1072330.0,0.9944817544481951
5990.0,1069670.0,0.9920961291150097
5991.0,1068380.0,0.9909802608898806
5992.0,1069820.0,0.9923960375612763
5993.0,1060430.0,0.9837644134197189
5994.0,1049790.0,0.9739710939066365
5995.0,1054240.0,0.97817689400598
5996.0,1066970.0,0.9900659659500283
5997.0,1068390.0,0.9914606704211743
5998.0,1060380.0,0.9841033235840557
5999.0,1058500.0,0.9824337364560822
6000.0,1054680.0,0.9789625787020532
6001.0,1050630.0,0.9752768022423627
6002.0,1055190.0,0.979582957320835
6003.0,1054340.0,0.9788664323551789
6004.0,1043840.0,0.9691893373169624
6005.0,1041720.0,0.9672915110803456
6006.0,1053240.0,0.9780591988258467
6007.0,1057690.0,0.982262041357156
6008.0,1053000.0,0.9779761010827506
6009.0,1055730.0,0.9805807961210888
6010.0,1064180.0,0.9884984806727218
6011.0,1067580.0,0.9917254948646085
6012.0,1065370.0,0.9897406106692586
6013.0,1058020.0,0.9829794214017991
6014.0,1050150.0,0.9757335767849135
6015.0,1050030.0,0.9756874728086697
6016.0,1057930.0,0.9830934584787977
6017.0,1062490.0,0.9873959024765405
6018.0,1063130.0,0.9880551423218075
6019.0,1058390.0,0.9837134769101621
6020.0,1051520.0,0.9773908284824092
6021.0,1056490.0,0.9820728071224053
6022.0,1062620.0,0.9878331561688427
6023.0,1056990.0,0.982660626315612
6024.0,1053810.0,0.97976472683928
6025.0,1058830.0,0.9844921919195427
6026.0,1059070.0,0.9847749746945818
6027.0,1058130.0,0.9839599241297934
6028.0,1058780.0,0.9846228333129496
6029.0,1060650.0,0.9864198595959573
6030.0,1061810.0,0.9875561679894777
6031.0,1057130.0,0.9832601145836661
6032.0,1056730.0,0.9829441421431044
6033.0,1058960.0,0.9850740571212536
6034.0,1061070.0,0.9870920012177853
6035.0,1064810.0,0.9906260323724918
6036.0,1060560.0,0.9867261199686406
6037.0,1051730.0,0.9785638258486664
6038.0,1053090.0,0.9798816973209303
6039.0,1062760.0,0.9889318565116285
6040.0,1061800.0,0.9880903235217149
6041.0,1053680.0,0.9805848266981766
6042.0,1053380.0,0.9803558755724887
6043.0,1059070.0,0.9857013657908837
6044.0,1058270.0,0.9850061245374486
6045.0,1055640.0,0.9826068494096288
6046.0,1060600.0,0.9872720100108664
6047.0,1063420.0,0.9899449127871478
6048.0,1054300.0,0.9815019419770026
6049.0,1047590.0,0.9753013008072512
6050.0,1055340.0,0.9825623339465135
6051.0,1064260.0,0.9909128391808537
6052.0,1058980.0,0.9860415789594927
6053.0,1049120.0,0.9769045720400124
6054.0,1050340.0,0.9780839615669084
6055.0,1056470.0,0.983835319762572
6056.0,1053230.0,0.9808604451849807
6057.0,1040840.0,0.9693631046994359
6058.0,1031990.0,0.9611612740500649
6059.0,1030480.0,0.9597947244933146
6060.0,1040380.0,0.9690552850300214
6061.0,1056100.0,0.9837372650207816
6062.0,1068770.0,0.9955787294390238
6063.0,1071170.0,0.997853494362159
6064.0,1059970.0,0.9874582340080353
6065.0,1050990.0,0.9791298245054217
6066.0,1055370.0,0.9832472218304635
6067.0,1066070.0,0.9932526831522913
6068.0,1071370.0,0.9982269753853105
6069.0,1069080.0,0.9961289810746454
6070.0,1062890.0,0.99039627053911
6071.0,1061730.0,0.9893496934053762
6072.0,1069340.0,0.996474894940398
6073.0,1074640.0,1.001447347607354
6074.0,1068320.0,0.9955906354476982
6075.0,1059630.0,0.9875242528748135
6076.0,1063010.0,0.9907058141643363
6077.0,1070690.0,0.9978946655612237
6078.0,1073060.0,1.0001342724818687
6079.0,1071970.0,0.9991485003498749
6080.0,1066170.0,0.9937719403663897
6081.0,1062040.0,0.9899511521654695
6082.0,1068370.0,0.9958798667354465
6083.0,1074800.0,1.0019015763426928
6084.0,1071850.0,0.9991790192625878
6085.0,1068330.0,0.9959243882735739
6086.0,1063850.0,0.991774069092532
6087.0,1061160.0,0.9892917518007461
6088.0,1068130.0,0.9958147497639888
6089.0,1072210.0,0.9996431161247791
6090.0,1070790.0,0.9983432478430676
6091.0,1067620.0,0.9954111639469356
6092.0,1065690.0,0.9936346079692135
6093.0,1066430.0,0.9943470245321162
6094.0,1067560.0,0.995422665565975
6095.0,1072550.0,1.0000971682905127
6096.0,1074190.0,1.0016476872454045
6097.0,1069740.0,0.9975190256684907
6098.0,1063730.0,0.9919351067916299
6099.0,1057870.0,0.986490485207492
6100.0,1060090.0,0.9885802663314669
6101.0,1065120.0,0.9932903143469609
6102.0,1062610.0,0.9909685971254686
6103.0,1056430.0,0.9852238834801981
6104.0,1057570.0,0.9863054401398504
6105.0,1061160.0,0.9896717502618466
6106.0,1062200.0,0.9906597127000957
6107.0,1062780.0,0.991218488029662
6108.0,1065420.0,0.9936984319821154
6109.0,1068580.0,0.996663309584845
6110.0,1066600.0,0.994833997157765
6111.0,1060840.0,0.989478777797099
6112.0,1058380.0,0.9872013414026587
6113.0,1060400.0,0.9891025291346282
6114.0,1066600.0,0.9949027423857313
6115.0,1071220.0,0.99922929826957
6116.0,1067990.0,0.9962334120314266
6117.0,1059320.0,0.9881628419301641
6118.0,1052520.0,0.9818364328053926
6119.0,1047300.0,0.9769837640791984
6120.0,1033620.0,0.9642388595925186
6121.0,1017700.0,0.949403914423548
6122.0,1021090.0,0.9525830018333244
6123.0,1049390.0,0.9790014592721638
6124.0,1068890.0,0.9972111041154241
6125.0,1072620.0,1.0007088154607255
6126.0,1075270.0,1.0031992194126496
6127.0,1076520.0,1.004383725671995
6128.0,1077950.0,1.0057364369001103
6129.0,1082070.0,1.0095992781941003
6130.0,1083530.0,1.0109806303492914
6131.0,1078930.0,1.0067079647707189
6132.0,1072890.0,1.0010917998010291
6133.0,1071210.0,0.9995440406795496
6134.0,1070350.0,0.9987617138624858
6135.0,1064690.0,0.9935006599162868
6136.0,1052230.0,0.9818943058349192
6137.0,1042270.0,0.9726207915770387
6138.0,1049010.0,0.9789316537189584
6139.0,1062380.0,0.9914304462529525
6140.0,1061080.0,0.9902396580221855
6141.0,1042410.0,0.9728385785639747
6142.0,1036220.0,0.9670845187627098
6143.0,1056260.0,0.9858112378978914
6144.0,1074690.0,1.0030367441473251
6145.0,1078110.0,1.0062540831267124
6146.0,1072510.0,1.0010531320475247
6147.0,1066760.0,0.995712497688506
6148.0,1065800.0,0.9948432936625298
6149.0,1065440.0,0.9945347457800728
6150.0,1065070.0,0.9942174992471917
6151.0,1067900.0,0.996888117901434
6152.0,1071260.0,1.0000543591960167
6153.0,1070360.0,0.9992445447373097
6154.0,1067840.0,0.9969230033912206
6155.0,1067700.0,0.9968240811634359
6156.0,1067970.0,0.9971087225123844
6157.0,1065970.0,0.9952747235093139
6158.0,1062520.0,0.9920875305713773
6159.0,1062490.0,0.9920943528456982
6160.0,1063280.0,0.9928677232066486
6161.0,1051870.0,0.9822495055347111
6162.0,1039660.0,0.97088429768509
6163.0,1046740.0,0.9775337330635132
6164.0,1057830.0,0.987929626918762
6165.0,1060980.0,0.9909116651802944
6166.0,1058940.0,0.9890474674693924
6167.0,1055060.0,0.9854654691905539
6168.0,1055670.0,0.9860781740115085
6169.0,1057440.0,0.9877755330016106
6170.0,1060620.0,0.990791256837652
6171.0,1067270.0,0.997050019754256
6172.0,1070760.0,1.0003582347297648
6173.0,1068210.0,0.9980247356774468
6174.0,1068350.0,0.9982055220055596
6175.0,1067400.0,0.9973689938865726
6176.0,1063120.0,0.9934218662458539
6177.0,1065380.0,0.995587073054882
6178.0,1069330.0,0.9993330996736027
6179.0,1067140.0,0.9973423707859034
6180.0,1065110.0,0.9955022118591594
6181.0,1065580.0,0.9959998645758232
6182.0,1064350.0,0.9949097778020739
6183.0,1062630.0,0.9933628082559589
6184.0,1063670.0,0.9943972255479417
6185.0,1063800.0,0.9945823320441758
6186.0,1061370.0,0.9923752442938468
6187.0,1057640.0,0.9889536760019574
6188.0,1055650.0,0.9871601563159061
6189.0,1052410.0,0.984198824676857
6190.0,1035780.0,0.9687154829107774
6191.0,1016900.0,0.951126878348025
6192.0,1025210.0,0.9589703514837241
6193.0,1051170.0,0.9833273172481206
6194.0,1064460.0,0.9958363205926946
6195.0,1063500.0,0.9950164428067939
6196.0,1062070.0,0.9937582330556491
6197.0,1066140.0,0.9976480695484501
6198.0,1071970.0,1.0031872311239296
6199.0,1071740.0,1.0030573239770866
6200.0,1066030.0,0.9977997979034434
