wave,flux,norm
3800.0,703465.0,0.9099434539343272
3801.0,745202.0,0.9645403999511225
3802.0,760290.0,0.9846475242608745
3803.0,770997.0,0.9990564283099744
3804.0,775972.0,1.0060047211185261
3805.0,766868.0,0.994654285896017
3806.0,744841.0,0.9664819421423163
3807.0,729284.0,0.9466439294237051
3808.0,744760.0,0.9670466061765661
3809.0,765705.0,0.9945235157895128
3810.0,761377.0,0.9891391333822233
3811.0,738153.0,0.959157114574069
3812.0,709960.0,0.9226665661521982
3813.0,687178.0,0.8931607532453134
3814.0,677630.0,0.8808147292300982
3815.0,664855.0,0.8642366097703071
3816.0,650864.0,0.8460423564626478
3817.0,658769.0,0.8562757528808688
3818.0,655463.0,0.8519026271123539
3819.0,621861.0,0.8081261788996352
3820.0,583373.0,0.7579825415971828
3821.0,572215.0,0.7433309817545318
3822.0,573925.0,0.7453693088725648
3823.0,552625.0,0.7175029029895911
3824.0,516227.0,0.6700298976805158
3825.0,478196.0,0.6204452391378129
3826.0,449923.0,0.5835306098698166
3827.0,438562.0,0.5685496776054048
3828.0,433427.0,0.5616290405422573
3829.0,427663.0,0.5538801695306542
3830.0,411622.0,0.5328166598747095
3831.0,391969.0,0.5070849477575861
3832.0,374754.0,0.4845180125489314
3833.0,368552.0,0.4761920216464425
3834.0,364985.0,0.4712629123160861
3835.0,362902.0,0.46823933647789207
3836.0,382726.0,0.49344908145132865
3837.0,407959.0,0.5255723052276126
3838.0,414782.0,0.533928786378497
3839.0,423094.0,0.5441690837203591
3840.0,436630.0,0.5610872383853449
3841.0,447050.0,0.5739567604168354
3842.0,453347.0,0.5814959495798334
3843.0,446775.0,0.5725118439233295
3844.0,431953.0,0.5529664004839817
3845.0,404401.0,0.5171639673856396
3846.0,373063.0,0.47658386769999045
3847.0,362613.0,0.46273160594292656
3848.0,352404.0,0.4492033158528799
3849.0,322283.0,0.41033988092654966
3850.0,322639.0,0.4103131709785455
3851.0,375559.0,0.4770427215898564
3852.0,407522.0,0.5170101708860559
3853.0,382450.0,0.48459644748669145
3854.0,380797.0,0.4818872101951701
3855.0,442221.0,0.5588902522250967
3856.0,465271.0,0.587242665136869
3857.0,420039.0,0.529437882137889
3858.0,368447.0,0.46377113991062935
3859.0,336070.0,0.4224267764763409
3860.0,332269.0,0.4170560242996062
3861.0,366585.0,0.459464763801424
3862.0,466045.0,0.5832685590154355
3863.0,543263.0,0.6788978950973618
3864.0,504792.0,0.6298701519765975
3865.0,421397.0,0.5250069171784478
3866.0,359418.0,0.4470945756792272
3867.0,302476.0,0.37567097453495424
3868.0,235145.0,0.2915821553990577
3869.0,174392.0,0.21589954874376321
3870.0,135780.0,0.16782345268382395
3871.0,142649.0,0.17602287757800658
3872.0,217365.0,0.26777225869446847
3873.0,332364.0,0.40874998130851214
3874.0,436861.0,0.536348714099722
3875.0,500346.0,0.6132353368193395
3876.0,490564.0,0.6002026858445583
3877.0,421420.0,0.5147019867217434
3878.0,358126.0,0.43662448954184857
3879.0,313627.0,0.3816897416273241
3880.0,247594.0,0.30078446742913295
3881.0,172566.0,0.20925814842243481
3882.0,172417.0,0.20869539586080899
3883.0,324480.0,0.39203090581353345
3884.0,568803.0,0.685942891233158
3885.0,731351.0,0.8803187193565687
3886.0,762848.0,0.9165043689414131
3887.0,740196.0,0.8876062096466945
3888.0,663907.0,0.7946075758173426
3889.0,555189.0,0.6632131233280999
3890.0,553789.0,0.660265340871728
3891.0,646163.0,0.7689063602810597
3892.0,703379.0,0.8353594544467332
3893.0,709424.0,0.8408878819977059
3894.0,698278.0,0.8260466122067555
3895.0,658733.0,0.7777240093052457
3896.0,679338.0,0.8004569046467508
3897.0,718648.0,0.8450851206724395
3898.0,725604.0,0.851554543259887
3899.0,765636.0,0.8967270101142683
3900.0,773986.0,0.9046754438652875
3901.0,693908.0,0.8094317260512844
3902.0,627657.0,0.7306616729570897
3903.0,697767.0,0.8106196714655031
3904.0,791297.0,0.9173948183337498
3905.0,773554.0,0.8949832086971451
3906.0,740673.0,0.8551766515715873
3907.0,766867.0,0.8835928028377661
3908.0,791413.0,0.9099886408121175
3909.0,778005.0,0.8927171252567863
3910.0,711204.0,0.8143713993038992
3911.0,730691.0,0.8349437600245115
3912.0,834395.0,0.9514560666235921
3913.0,835531.0,0.9507619069073051
3914.0,762463.0,0.8658025334904111
3915.0,736244.0,0.8342795001983241
3916.0,781988.0,0.8842571992613779
3917.0,857847.0,0.9680018467076265
3918.0,881338.0,0.9924209705869353
3919.0,818604.0,0.9198431409340448
3920.0,681128.0,0.763756005988095
3921.0,605490.0,0.6775143849939128
3922.0,702575.0,0.7844940531590585
3923.0,841261.0,0.9373743009069335
3924.0,910049.0,1.0118879367817373
3925.0,915731.0,1.0160640155000495
3926.0,879330.0,0.9736230333751378
3927.0,790829.0,0.8737913423550568
3928.0,701071.0,0.7729900141105871
3929.0,688064.0,0.757056159260494
3930.0,657604.0,0.7220243748233393
3931.0,540187.0,0.5918621721311467
3932.0,369918.0,0.404456641532038
3933.0,225287.0,0.24580675715125228
3934.0,191231.0,0.20821326941188606
3935.0,284298.0,0.3088998469590431
3936.0,470465.0,0.5101130844317092
3937.0,669052.0,0.7239288076263597
3938.0,797735.0,0.8613768089343438
3939.0,864821.0,0.9318823994706863
3940.0,893034.0,0.9602960738992639
3941.0,891302.0,0.9564589822808415
3942.0,854766.0,0.9153668050946744
3943.0,766378.0,0.8190296992022219
3944.0,724952.0,0.7731734474827554
3945.0,801977.0,0.8535778025149667
3946.0,877568.0,0.9321333943102609
3947.0,894859.0,0.9485727867642784
3948.0,895010.0,0.9468157584434804
3949.0,905468.0,0.9559498621601236
3950.0,914445.0,0.9634895263674882
3951.0,881513.0,0.9269335734850784
3952.0,800577.0,0.8401496795095743
3953.0,791787.0,0.8292755721514267
3954.0,893137.0,0.9335743628476422
3955.0,954959.0,0.9962294391010492
3956.0,941245.0,0.9799969262232399
3957.0,932414.0,0.9689065157275024
3958.0,953670.0,0.9890677474524683
3959.0,971630.0,1.005744177635069
3960.0,950491.0,0.9819678547318792
3961.0,862868.0,0.8897342891407791
3962.0,765510.0,0.787839371837219
3963.0,760475.0,0.7811723062204754
3964.0,815385.0,0.8359956700864597
3965.0,805807.0,0.8246243960809355
3966.0,679831.0,0.6944075763525878
3967.0,476339.0,0.48564907898040477
3968.0,298690.0,0.3039658142260927
3969.0,271149.0,0.2754320508165184
3970.0,396329.0,0.40185520124007357
3971.0,554941.0,0.5616590754701726
3972.0,665862.0,0.6727093506149094
3973.0,738820.0,0.7450823358142329
3974.0,790222.0,0.7955039529304837
3975.0,861881.0,0.8661107526898322
3976.0,938756.0,0.9417098824663376
3977.0,975354.0,0.9767207526908465
3978.0,993332.0,0.9930059825838692
3979.0,1013290.0,1.0112210927768401
3980.0,1019060.0,1.0152494376216996
3981.0,974764.0,0.9694801479944816
3982.0,891419.0,0.8851026502534691
3983.0,867840.0,0.860259929784186
3984.0,927769.0,0.9181511991792456
3985.0,950589.0,0.9391988960425864
3986.0,884341.0,0.8723307715387302
3987.0,848095.0,0.8352353388452237
3988.0,919800.0,0.9044135329015849
3989.0,993156.0,0.9750050119619891
3990.0,1016220.0,0.9960918047922002
3991.0,1028450.0,1.006522906402536
3992.0,1028280.0,1.0048179831292328
3993.0,988035.0,0.9640301695519577
3994.0,928018.0,0.9041152958987272
3995.0,927587.0,0.9023564000500621
3996.0,975533.0,0.9476073859609588
3997.0,988880.0,0.9591800886414676
3998.0,968591.0,0.9381541935524231
3999.0,931021.0,0.9004875783693657
4000.0,852382.0,0.8232737567061718
4001.0,805044.0,0.7764772681018783
4002.0,886311.0,0.8536931936457975
4003.0,996184.0,0.9582286710729444
4004.0,1020680.0,0.9804837726816087
4005.0,967651.0,0.928320556020188
4006.0,909023.0,0.870942787209841
4007.0,920984.0,0.8812708880244623
4008.0,990513.0,0.9466012391877617
4009.0,1032890.0,0.9858648913082492
4010.0,1042870.0,0.9941610697210492
4011.0,1045230.0,0.9951955582093931
4012.0,1035060.0,0.9843254876080724
4013.0,1024290.0,0.972924998663034
4014.0,1002550.0,0.9511569874024597
4015.0,949686.0,0.8999582477713854
4016.0,865639.0,0.8193730270584341
4017.0,803428.0,0.7596273976159219
4018.0,832234.0,0.7859847728277947
4019.0,887735.0,0.8374775656166634
4020.0,924558.0,0.8712669293331402
4021.0,980911.0,0.9233788038058922
4022.0,1032600.0,0.9710052344110847
4023.0,1046200.0,0.9827638583327789
4024.0,1005290.0,0.9433581830593495
4025.0,925744.0,0.8678260447167375
4026.0,887684.0,0.8313087087805997
4027.0,913542.0,0.8546734283132296
4028.0,950730.0,0.8885914689299509
4029.0,972494.0,0.9080516991967136
4030.0,957038.0,0.8927644934019245
4031.0,937034.0,0.8732779031814193
4032.0,926234.0,0.8624074139848646
4033.0,867401.0,0.806884740166103
4034.0,790422.0,0.7346078072386746
4035.0,786305.0,0.7301255461117878
4036.0,849439.0,0.7880498235871713
4037.0,906423.0,0.8401799064111367
4038.0,943032.0,0.8733585097312773
4039.0,935458.0,0.8656054194392764
4040.0,899353.0,0.831495953213925
4041.0,928754.0,0.857965050798441
4042.0,984836.0,0.909026135887433
4043.0,978984.0,0.9028927122596929
4044.0,950505.0,0.8759262498962761
4045.0,932755.0,0.8588903540970455
4046.0,912060.0,0.8391795915378322
4047.0,891956.0,0.8200505036815096
4048.0,885298.0,0.8133108300118471
4049.0,900401.0,0.826565214191846
4050.0,932606.0,0.8554951728625307
4051.0,973648.0,0.8924904894790182
4052.0,982936.0,0.9003536415946316
4053.0,971251.0,0.8890159810366426
4054.0,977361.0,0.8939787218767989
4055.0,984983.0,0.9003239930462478
4056.0,983734.0,0.8985648980336263
4057.0,967382.0,0.8830293849003358
4058.0,940967.0,0.8583424342759178
4059.0,951786.0,0.8676371373063761
4060.0,1013040.0,0.9228722336122518
4061.0,1066290.0,0.9707557371991076
4062.0,1061900.0,0.9661427874405364
4063.0,1016090.0,0.9238815690199114
4064.0,961190.0,0.8734199536439818
4065.0,876120.0,0.7956287207065794
4066.0,786895.0,0.7141670874474968
4067.0,828140.0,0.7511490758628312
4068.0,966101.0,0.8757644691319832
4069.0,1054890.0,0.9556908088264776
4070.0,1069970.0,0.9687913526948794
4071.0,1049220.0,0.949459734163435
4072.0,1036160.0,0.9371109588359562
4073.0,1020410.0,0.9223503416296708
4074.0,963877.0,0.8707682646632183
4075.0,931752.0,0.841286226557327
4076.0,972550.0,0.8776482678143381
4077.0,1008770.0,0.9098471305246376
4078.0,1027190.0,0.9259708246334598
4079.0,1059730.0,0.95480455856866
4080.0,1085270.0,0.977309722272745
4081.0,1089600.0,0.9807065153546807
4082.0,1054620.0,0.9487413717402994
4083.0,956726.0,0.8602438075149155
4084.0,833105.0,0.7487176670806557
4085.0,829761.0,0.7453459338773226
4086.0,966242.0,0.8675198503741104
4087.0,1080080.0,0.9692596574516368
4088.0,1123450.0,1.0076986407881752
4089.0,1131760.0,1.0146725993708952
4090.0,1124120.0,1.007351039734033
4091.0,1115150.0,0.9988490878200144
4092.0,1102100.0,0.9867061054709609
4093.0,1079800.0,0.966300288307789
4094.0,1035260.0,0.9260232476660462
4095.0,971474.0,0.8685782537561118
4096.0,938396.0,0.838630833835157
4097.0,970199.0,0.8666703739749748
4098.0,1031600.0,0.9211161628006262
4099.0,1046780.0,0.9342645422627713
4100.0,979046.0,0.873434449337478
4101.0,856935.0,0.7641686342479455
4102.0,798412.0,0.7116783857152863
4103.0,845612.0,0.7534327508011962
4104.0,888172.0,0.7910215200725038
4105.0,910324.0,0.8104128081985401
4106.0,945440.0,0.8413264997098912
4107.0,981549.0,0.8731001723151653
4108.0,1006140.0,0.894608849379888
4109.0,994213.0,0.8836455237997883
4110.0,993813.0,0.8829342470989529
4111.0,1037190.0,0.9211030520521559
4112.0,1073240.0,0.9527393887262176
4113.0,1090760.0,0.9679100339290242
4114.0,1099470.0,0.9752564526470741
4115.0,1105470.0,0.9801966239577611
4116.0,1108180.0,0.9822193042486534
4117.0,1089180.0,0.9650078527255772
4118.0,1034960.0,0.916619080915669
4119.0,970199.0,0.8589371537533441
4120.0,956730.0,0.8466936182098439
4121.0,980096.0,0.8670475606852361
4122.0,992698.0,0.8778694471411461
4123.0,987440.0,0.8728971028947898
4124.0,970787.0,0.8578609391808381
4125.0,955636.0,0.8441645251724899
4126.0,945688.0,0.835074396695172
4127.0,945723.0,0.8348048584323076
4128.0,949932.0,0.8382205132196782
4129.0,957686.0,0.8447625871082505
4130.0,963504.0,0.849594765642202
4131.0,957771.0,0.8442435698679281
4132.0,923635.0,0.8138703433354287
4133.0,884467.0,0.7790874739637531
4134.0,857716.0,0.7552640631526489
4135.0,873162.0,0.7686025546190186
4136.0,917438.0,0.8073026297781686
4137.0,927482.0,0.8158658009328177
4138.0,911841.0,0.801838479463257
4139.0,910201.0,0.8001300094243871
4140.0,921594.0,0.8098774165416138
4141.0,909044.0,0.798586331034225
4142.0,872154.0,0.7659287513371693
4143.0,849412.0,0.7457147226131893
4144.0,849374.0,0.7454410626232205
4145.0,853483.0,0.7488074126460202
4146.0,869186.0,0.7623418665138532
4147.0,893452.0,0.7833772104215598
4148.0,871805.0,0.7641569808983002
4149.0,799111.0,0.7002203281043642
4150.0,766150.0,0.6711299722911338
4151.0,809480.0,0.7088674153142549
4152.0,849910.0,0.7440441773754666
4153.0,844124.0,0.7387538332775624
4154.0,823676.0,0.7206401289042859
4155.0,847186.0,0.7409862332981344
4156.0,877129.0,0.7669463368372175
4157.0,862704.0,0.7541092177265593
4158.0,851101.0,0.7437470443031069
4159.0,885795.0,0.7738376702908509
4160.0,927952.0,0.8104298229720426
4161.0,933029.0,0.8146274962463542
4162.0,905832.0,0.790653785177061
4163.0,878315.0,0.7664159144069762
4164.0,869452.0,0.7584659378554541
4165.0,878970.0,0.7665518037568395
4166.0,856936.0,0.7471254910892293
4167.0,794823.0,0.6927778853757457
4168.0,805694.0,0.7020577696354787
4169.0,877898.0,0.7647625457877836
4170.0,928509.0,0.808628772234393
4171.0,950453.0,0.8275131888192829
4172.0,911765.0,0.7936135565387186
4173.0,868589.0,0.7558281061583527
4174.0,882056.0,0.7673404348059546
4175.0,906477.0,0.7883745230113881
4176.0,915727.0,0.7962076103557976
4177.0,890901.0,0.7744170443901403
4178.0,844475.0,0.7338681445370192
4179.0,817414.0,0.7101657402949466
4180.0,777130.0,0.6749915602744474
4181.0,758738.0,0.6588463352462078
4182.0,790797.0,0.6865079080263308
4183.0,808915.0,0.7020567927640725
4184.0,828994.0,0.7193001586098114
4185.0,846884.0,0.7346368128638575
4186.0,797019.0,0.6912067896436676
4187.0,738222.0,0.640055199488149
4188.0,724276.0,0.627807099273069
4189.0,734990.0,0.6369359892092475
4190.0,787379.0,0.6821673953028277
4191.0,828796.0,0.7178737661900796
4192.0,805520.0,0.6975423769919347
4193.0,786904.0,0.6812560527028364
4194.0,755912.0,0.6542665608312624
4195.0,691370.0,0.5982591964930187
4196.0,669854.0,0.5795019116786718
4197.0,717103.0,0.6202297762310165
4198.0,787308.0,0.6807890699017468
4199.0,851372.0,0.736011474982291
4200.0,890056.0,0.7692727250911137
4201.0,880771.0,0.7610693802975802
4202.0,890918.0,0.7696577905111628
4203.0,918272.0,0.793104506097271
4204.0,898438.0,0.7757946233086571
4205.0,843374.0,0.7280796119849294
4206.0,818514.0,0.7064561437048685
4207.0,833931.0,0.7195981890619702
4208.0,878544.0,0.7579223587252238
4209.0,896174.0,0.7729567645194702
4210.0,849054.0,0.7321502751733002
4211.0,790014.0,0.6810863053353127
4212.0,758972.0,0.65417800444302
4213.0,735353.0,0.6336789025492574
4214.0,690077.0,0.5945309860884728
4215.0,648469.0,0.558560321748268
4216.0,692660.0,0.5964928505222007
4217.0,809610.0,0.6970527004219951
4218.0,906529.0,0.7803265886284847
4219.0,999920.0,0.8605284663496665
4220.0,1092570.0,0.9400584624503756
4221.0,1100960.0,0.9470721231086593
4222.0,1038930.0,0.893519488418677
4223.0,967976.0,0.8323171858528917
4224.0,945556.0,0.8128648641311059
4225.0,969603.0,0.833359054850367
4226.0,963194.0,0.8276741041375697
4227.0,957730.0,0.8228039229412734
4228.0,1011870.0,0.869132341648265
4229.0,1034130.0,0.888064510770417
4230.0,970656.0,0.8333801641847742
4231.0,920351.0,0.7900234573953278
4232.0,944920.0,0.8109432409198118
4233.0,1019170.0,0.8744826500801339
4234.0,1092770.0,0.9374383178763664
4235.0,1047210.0,0.8981674368870599
4236.0,850315.0,0.7291437560448814
4237.0,722479.0,0.6193962137800824
4238.0,770357.0,0.6603064554503133
4239.0,868916.0,0.7446319787512392
4240.0,943285.0,0.8081972659790188
4241.0,950134.0,0.8138981112219182
4242.0,829894.0,0.7107530057074668
4243.0,728473.0,0.6237644193098401
4244.0,820389.0,0.7023250798665053
4245.0,992105.0,0.8491557259588213
4246.0,1052850.0,0.900964541252186
4247.0,937365.0,0.8019763396109925
4248.0,756960.0,0.6474966138126612
4249.0,696415.0,0.5955860998363717
4250.0,811616.0,0.6939673090046806
4251.0,964790.0,0.8247708149096811
4252.0,996513.0,0.8517176262513989
4253.0,902278.0,0.7710193876757098
4254.0,807141.0,0.689583220556095
4255.0,782448.0,0.6683518939957686
4256.0,886259.0,0.7568727100292969
4257.0,1032370.0,0.8814752337385199
4258.0,1003030.0,0.8562513454526712
4259.0,901009.0,0.7690049333959333
4260.0,896949.0,0.7653858692730157
4261.0,882689.0,0.7530661573343801
4262.0,856728.0,0.7307707073173378
4263.0,858704.0,0.7323090954135029
4264.0,807087.0,0.6881515299241119
4265.0,806919.0,0.687870145022455
4266.0,862456.0,0.7350658675573197
4267.0,826175.0,0.7040024010533917
4268.0,791899.0,0.674659520007903
4269.0,783608.0,0.6674618764005346
4270.0,719505.0,0.6127370437887527
4271.0,706554.0,0.6015868870526306
4272.0,761357.0,0.6481178545147371
4273.0,750338.0,0.6386092009190556
4274.0,668050.0,0.5684597657255517
4275.0,657854.0,0.5596709347899013
4276.0,743045.0,0.6320198962365532
4277.0,853913.0,0.726175484505272
4278.0,894583.0,0.7606079122875075
4279.0,766595.0,0.6516558975882891
4280.0,601522.0,0.5112295113757305
4281.0,655417.0,0.5569215850957846
4282.0,830217.0,0.7053096215926369
4283.0,923691.0,0.7845608240063594
4284.0,862717.0,0.7326218342913446
4285.0,679908.0,0.5772621960867148
4286.0,593642.0,0.503916886080018
4287.0,709339.0,0.6020039095495267
4288.0,829142.0,0.7035345298536004
4289.0,809151.0,0.686431096009995
4290.0,781315.0,0.6626805776832695
4291.0,803268.0,0.6811599112082961
4292.0,862399.0,0.7311512275828169
4293.0,917561.0,0.7777572802621852
4294.0,879576.0,0.7454053187544241
4295.0,793136.0,0.6720112720591594
4296.0,689933.0,0.5844473395069931
4297.0,558353.0,0.47288624556153264
4298.0,495576.0,0.41963068265760023
4299.0,429670.0,0.36374825346156475
4300.0,361802.0,0.3062284462739465
4301.0,390245.0,0.3302329152186527
4302.0,425847.0,0.3602838545829541
4303.0,405040.0,0.34260765907341445
4304.0,385961.0,0.3264000836413766
4305.0,404128.0,0.3416907320156431
4306.0,455098.0,0.38470367143151357
4307.0,454266.0,0.3839180260396585
4308.0,367057.0,0.3101475557200805
4309.0,292849.0,0.24739156369263307
4310.0,261633.0,0.22097322301303426
4311.0,255984.0,0.21615517272092663
4312.0,304574.0,0.25712896927729123
4313.0,437651.0,0.36939512347268505
4314.0,627645.0,0.5296415294595848
4315.0,852873.0,0.7195429389444128
4316.0,1061750.0,0.8955682174196327
4317.0,1149630.0,0.9694785366484175
4318.0,1147840.0,0.9677536551032451
4319.0,1161200.0,0.9787989357265908
4320.0,1152190.0,0.9709865035760292
4321.0,1062520.0,0.8952172946829654
4322.0,884999.0,0.7454800226844176
4323.0,636038.0,0.5356459030081518
4324.0,503999.0,0.4243512653664069
4325.0,573507.0,0.4827644191580321
4326.0,718226.0,0.6044466194552771
4327.0,823195.0,0.6926270397278459
4328.0,848020.0,0.7133493717284275
4329.0,848378.0,0.7134846457941479
4330.0,880547.0,0.7403658695525416
4331.0,931310.0,0.7828639436020953
4332.0,933998.0,0.7849386321027138
4333.0,888263.0,0.7463260705224481
4334.0,864599.0,0.7262708186710887
4335.0,911203.0,0.7652359574164472
4336.0,959917.0,0.8059531610313048
4337.0,884777.0,0.7426862100962821
4338.0,753527.0,0.6323613048415742
4339.0,687073.0,0.5764528551430064
4340.0,678278.0,0.5689349205594765
4341.0,703175.0,0.5896736586573369
4342.0,758024.0,0.6355126495557467
4343.0,803861.0,0.6737745839299754
4344.0,883024.0,0.7399426728887937
4345.0,971617.0,0.813976833265781
4346.0,958580.0,0.8028531991429829
4347.0,902602.0,0.7557782138581307
4348.0,910090.0,0.761854735382603
4349.0,987855.0,0.8267424350299096
4350.0,965079.0,0.8074739709037296
4351.0,812733.0,0.6798320468575652
4352.0,667238.0,0.5579843413476638
4353.0,624281.0,0.5219252152941886
4354.0,640166.0,0.5350656896045841
4355.0,630390.0,0.5267560834655258
4356.0,643705.0,0.5377399168122681
4357.0,711497.0,0.5942141794884365
4358.0,736286.0,0.6147526577996411
4359.0,709787.0,0.5924684541003941
4360.0,752861.0,0.6282531667816534
4361.0,838303.0,0.699363517216059
4362.0,800415.0,0.6675727543180947
4363.0,699136.0,0.5829426628903939
4364.0,735742.0,0.6132956247862302
4365.0,838561.0,0.698808964069098
4366.0,812346.0,0.6767740261495788
4367.0,758475.0,0.6317162810268648
4368.0,822183.0,0.6845840602947317
4369.0,846024.0,0.7042352923750305
4370.0,749371.0,0.6236028802361616
4371.0,674791.0,0.5613787234491855
4372.0,681268.0,0.5666036881758265
4373.0,721720.0,0.6000731356335354
4374.0,739053.0,0.6143054327561488
4375.0,743950.0,0.618194493869351
4376.0,750410.0,0.6233785989550792
4377.0,761632.0,0.632513242092084
4378.0,795911.0,0.6607837843280242
4379.0,830572.0,0.6893532808109059
4380.0,819387.0,0.6798648297793672
4381.0,802224.0,0.6654222981998537
4382.0,799764.0,0.663179337368894
4383.0,805970.0,0.6681203257198373
4384.0,816444.0,0.6765939526844261
4385.0,790172.0,0.6546187992515837
4386.0,776794.0,0.6433348002513225
4387.0,799167.0,0.66165604110243
4388.0,842550.0,0.697353824175525
4389.0,835875.0,0.6916092684309189
4390.0,793721.0,0.6565208129301743
4391.0,791202.0,0.6542268319471888
4392.0,803914.0,0.6645231239913125
4393.0,806136.0,0.6661430938486174
4394.0,801683.0,0.6622466445125258
4395.0,798529.0,0.6594241204280644
4396.0,808201.0,0.6671902977180337
4397.0,837722.0,0.6913303384538452
4398.0,843619.0,0.6959636408179021
4399.0,813442.0,0.6708422967179909
4400.0,816915.0,0.6734781296774788
4401.0,881827.0,0.7267447960808647
4402.0,926589.0,0.7633728595510703
4403.0,898995.0,0.7403839687632069
4404.0,870234.0,0.7164486118971571
4405.0,877882.0,0.7224927911785545
4406.0,898505.0,0.7392057712183219
4407.0,932726.0,0.7670885608465816
4408.0,955474.0,0.785517672005396
4409.0,954302.0,0.7842737289128686
4410.0,980442.0,0.8054666564704971
4411.0,1049010.0,0.8614859266478035
4412.0,1091270.0,0.895865355151728
4413.0,1067200.0,0.8757847346838926
4414.0,1028170.0,0.8434446101176034
4415.0,993625.0,0.8148042492767364
4416.0,977450.0,0.8012416324834795
4417.0,989335.0,0.8106801707158114
4418.0,1027950.0,0.8420045189223717
4419.0,1103320.0,0.9033981677866092
4420.0,1144080.0,0.9364151137539166
4421.0,1100330.0,0.9002607143793689
4422.0,1091040.0,0.892315329301423
4423.0,1162050.0,0.9500223848162196
4424.0,1189250.0,0.9718797366136018
4425.0,1145190.0,0.9355053033528934
4426.0,1111210.0,0.9073883056761217
4427.0,1111230.0,0.907043904841199
4428.0,1134580.0,0.9257330521445599
4429.0,1141410.0,0.9309312049447634
4430.0,1126020.0,0.9180075586746616
4431.0,1163070.0,0.9478272876603481
4432.0,1216270.0,0.9907760692033268
4433.0,1215420.0,0.9896759223375171
4434.0,1174330.0,0.9558216029436488
4435.0,1121960.0,0.9128156192278492
4436.0,1132700.0,0.9211673350803407
4437.0,1209140.0,0.9829175493034732
4438.0,1249730.0,1.0154826195156288
4439.0,1219130.0,0.9901957045684898
4440.0,1167940.0,0.9482114361349031
4441.0,1141340.0,0.926215928924675
4442.0,1150460.0,0.9332117702546338
4443.0,1180940.0,0.9575179710918975
4444.0,1215270.0,0.9849206615504008
4445.0,1240890.0,1.0052407697084433
4446.0,1236130.0,1.0009405330212136
4447.0,1193950.0,0.9663547514405357
4448.0,1163400.0,0.9412063164463566
4449.0,1175180.0,0.9503082880203227
4450.0,1197590.0,0.9679917954454333
4451.0,1221630.0,0.986973852946165
4452.0,1234200.0,0.9966737258659235
4453.0,1218960.0,0.9839148428257215
4454.0,1187660.0,0.9582081759823229
4455.0,1169200.0,0.9428776524215988
4456.0,1191140.0,0.9601238563627186
4457.0,1229640.0,0.990693894655714
4458.0,1257470.0,1.0126406102684165
4459.0,1257670.0,1.0123245667966914
4460.0,1247540.0,1.0036957837246543
4461.0,1224700.0,0.9848522378649471
4462.0,1200340.0,0.9648028567592233
4463.0,1210420.0,0.9724394221230657
4464.0,1226240.0,0.984675974296013
4465.0,1232370.0,0.9891214608795664
4466.0,1248160.0,1.0013102765720254
4467.0,1247820.0,1.000551703099264
4468.0,1207260.0,0.9675577008204288
4469.0,1160900.0,0.9299479575635683
4470.0,1152990.0,0.9231589013206687
4471.0,1179410.0,0.9438481818853237
4472.0,1208740.0,0.9668430773895916
4473.0,1213160.0,0.9698985211454583
4474.0,1211040.0,0.9677232823766205
4475.0,1223620.0,0.9772892913006916
4476.0,1235510.0,0.9862933537454965
4477.0,1241840.0,0.9908505751764679
4478.0,1261670.0,1.006167770529047
4479.0,1283970.0,1.0234368353004963
4480.0,1287480.0,1.025717232888848
4481.0,1268800.0,1.0103242772044534
4482.0,1233400.0,0.9816383103020468
4483.0,1232120.0,0.9801216672113762
4484.0,1264380.0,1.0052718770006224
4485.0,1276990.0,1.01477991472162
4486.0,1262240.0,1.0025459511751231
4487.0,1247890.0,0.9906407306161831
4488.0,1250020.0,0.9918224226181823
4489.0,1255520.0,0.9956741962364659
4490.0,1263190.0,1.0012407949885267
4491.0,1277290.0,1.0118944352892436
4492.0,1276620.0,1.0108408593188005
4493.0,1256600.0,0.9944736314319651
4494.0,1219030.0,0.9642403916157359
4495.0,1192010.0,0.942378099022993
4496.0,1203700.0,0.951124937575303
4497.0,1229830.0,0.9712657833816197
4498.0,1238850.0,0.9778789982397326
4499.0,1242170.0,0.9799874619607253
4500.0,1241660.0,0.9790727827703469
4501.0,1217210.0,0.9592909134720551
4502.0,1214620.0,0.9567479045176219
4503.0,1251690.0,0.9854302741384202
4504.0,1279960.0,1.0071573072785895
4505.0,1281560.0,1.0078860301454629
4506.0,1270960.0,0.9990235546178651
4507.0,1277520.0,1.0036509997739316
4508.0,1297870.0,1.0191009189618339
4509.0,1310880.0,1.0287734614411672
4510.0,1298780.0,1.0187393128817395
4511.0,1259970.0,0.9877753681415951
4512.0,1238380.0,0.9703363455189169
4513.0,1236710.0,0.9685153416605485
4514.0,1225370.0,0.9591268113001767
4515.0,1225000.0,0.9583296786121344
4516.0,1246050.0,0.9742811469128622
4517.0,1255300.0,0.9809938134842946
4518.0,1261140.0,0.9850355263780404
4519.0,1287180.0,1.0048417844245014
4520.0,1302760.0,1.016465390309717
4521.0,1293910.0,1.009025188266926
4522.0,1269300.0,0.9893090207440766
4523.0,1257580.0,0.9796547911581437
4524.0,1259770.0,0.9808407033166571
4525.0,1265660.0,0.9849043963176163
4526.0,1272920.0,0.9900291369980638
4527.0,1252120.0,0.9733358459549902
4528.0,1230900.0,0.9563337935839489
4529.0,1247660.0,0.9688421545506347
4530.0,1264130.0,0.9811121360829944
4531.0,1247970.0,0.9680578098167827
4532.0,1228260.0,0.9522649703865882
4533.0,1200020.0,0.9298790517580076
4534.0,1189730.0,0.9214186776260914
4535.0,1224190.0,0.9476068597929115
4536.0,1263690.0,0.9776667607651959
4537.0,1297660.0,1.0034190157326301
4538.0,1314170.0,1.0156504213369146
4539.0,1316620.0,1.0170086481039962
4540.0,1304580.0,1.0071789001221023
4541.0,1279610.0,0.9873825677040474
4542.0,1285540.0,0.991438058830068
4543.0,1314900.0,1.013549877709513
4544.0,1319200.0,1.0163322558762637
4545.0,1314330.0,1.0120510593939231
4546.0,1322850.0,1.0180798045793185
4547.0,1319520.0,1.0149875366525138
4548.0,1279690.0,0.9838373929623636
4549.0,1214160.0,0.9329719847933603
4550.0,1189400.0,0.9134716589522629
4551.0,1218330.0,0.9352051364754408
4552.0,1238930.0,0.9505257087106737
4553.0,1244280.0,0.954136995448103
4554.0,1254750.0,0.9616692080519397
4555.0,1278970.0,0.9797271454962744
4556.0,1301270.0,0.9962971237557624
4557.0,1314390.0,1.0058258431983533
4558.0,1315320.0,1.006021987923538
4559.0,1309440.0,1.0010127059580092
4560.0,1305670.0,0.9976214846385388
4561.0,1312910.0,1.0026426172754785
4562.0,1310820.0,1.000537949692596
4563.0,1289640.0,0.9838724095175274
4564.0,1281910.0,0.9774804763108984
4565.0,1301650.0,0.9920316969930965
4566.0,1328120.0,1.0116957466477332
4567.0,1343570.0,1.0229507138596685
4568.0,1342510.0,1.0216315100437294
4569.0,1330780.0,1.012198988732441
4570.0,1304730.0,0.9918904808657788
4571.0,1259230.0,0.9568241843113022
4572.0,1239820.0,0.9416083622899696
4573.0,1273610.0,0.9667925746205948
4574.0,1305360.0,0.990405228497361
4575.0,1302450.0,0.9877114178454538
4576.0,1283100.0,0.9725602888031074
4577.0,1275970.0,0.9666831290318594
4578.0,1296360.0,0.9816520797304417
4579.0,1319310.0,0.9985453022994129
4580.0,1320280.0,0.9987955072878963
4581.0,1323160.0,1.0004910190326057
4582.0,1329600.0,1.004876806341266
4583.0,1314410.0,0.9929202215265914
4584.0,1299620.0,0.9812784996735721
4585.0,1306300.0,0.9858525006290687
4586.0,1316460.0,0.9930486712356814
4587.0,1325810.0,0.99962878243191
4588.0,1327420.0,1.0003711731556093
4589.0,1314050.0,0.9898304678537432
4590.0,1303650.0,0.9815373442013842
4591.0,1309540.0,0.9855127924361986
4592.0,1312760.0,0.987477728524704
4593.0,1315440.0,0.9890364633263791
4594.0,1327760.0,0.9978400823679354
4595.0,1340950.0,1.0072908378101106
4596.0,1343140.0,1.0084755136901018
4597.0,1335770.0,1.0024861643173353
4598.0,1335380.0,1.0017400999040227
4599.0,1338590.0,1.0036958539299692
4600.0,1328740.0,0.9958634858733647
4601.0,1315260.0,0.985320576767586
4602.0,1300660.0,0.9739502405449768
4603.0,1286230.0,0.9627190820279643
4604.0,1293850.0,0.9679964400736852
4605.0,1304410.0,0.9754696498431789
4606.0,1306020.0,0.9762481190096333
4607.0,1314770.0,0.9823626422229963
4608.0,1329740.0,0.9931192193779511
4609.0,1333770.0,0.9957014318445464
4610.0,1325270.0,0.9889333444083361
4611.0,1321830.0,0.9859472023296271
4612.0,1323180.0,0.9865368672222712
4613.0,1318250.0,0.9824477128857481
4614.0,1320760.0,0.9839064012509987
4615.0,1322400.0,0.9847179877247006
4616.0,1307940.0,0.9735470505949358
4617.0,1303810.0,0.970073110285783
4618.0,1297200.0,0.9647595299182419
4619.0,1285820.0,0.955906108719326
4620.0,1292840.0,0.9607352154918813
4621.0,1305220.0,0.9695438714242923
4622.0,1306590.0,0.9701722320295367
4623.0,1307290.0,0.9703047640287831
4624.0,1306430.0,0.9692817475634736
4625.0,1297300.0,0.9621281594266413
4626.0,1295960.0,0.9607572624170644
4627.0,1290210.0,0.9561213335616398
4628.0,1274110.0,0.9438239888268525
4629.0,1259040.0,0.9323007954033494
4630.0,1263910.0,0.9355480010419828
4631.0,1279690.0,0.9468671721765554
4632.0,1282990.0,0.9489490051046217
4633.0,1280740.0,0.9469277840991608
4634.0,1267010.0,0.936425377987007
4635.0,1256400.0,0.9282378467968415
4636.0,1253050.0,0.925420089760261
4637.0,1250440.0,0.9231526623010743
4638.0,1261220.0,0.9307705494790987
4639.0,1269810.0,0.9367692220107552
4640.0,1272340.0,0.93829652808904
4641.0,1282190.0,0.9452209641583853
4642.0,1279020.0,0.9425476207105329
4643.0,1279420.0,0.9425080824934484
4644.0,1279780.0,0.9424411183559912
4645.0,1265730.0,0.9317682736144157
4646.0,1253600.0,0.9225177826343901
4647.0,1247930.0,0.918027915659952
4648.0,1249000.0,0.9184996239928712
4649.0,1258300.0,0.9250231620047115
4650.0,1261030.0,0.9267160422447073
4651.0,1252020.0,0.9197850949428416
4652.0,1246760.0,0.9156147670426377
4653.0,1239800.0,0.910201143275563
4654.0,1233960.0,0.9056150560546476
4655.0,1232380.0,0.9041593838998123
4656.0,1228440.0,0.9009757368612737
4657.0,1234760.0,0.9053186926461031
4658.0,1242890.0,0.9109874942766246
4659.0,1255060.0,0.9196148881969086
4660.0,1263060.0,0.9251843341079
4661.0,1257550.0,0.9208594190345015
4662.0,1253260.0,0.9174323257014239
4663.0,1249030.0,0.9140532979574013
4664.0,1248980.0,0.9137364084946038
4665.0,1250830.0,0.9148113352062439
4666.0,1236060.0,0.9037360597994587
4667.0,1223630.0,0.8943798269564184
4668.0,1218210.0,0.8901534309552236
4669.0,1223140.0,0.893492111257293
4670.0,1223040.0,0.8931575462209359
4671.0,1214290.0,0.886510129280971
4672.0,1210400.0,0.8834156496284817
4673.0,1203790.0,0.8783403067587734
4674.0,1201050.0,0.8760927715587863
4675.0,1188700.0,0.8668405549925507
4676.0,1158980.0,0.8449322220574863
4677.0,1120430.0,0.8166024077852705
4678.0,1088590.0,0.7931791511401475
4679.0,1092630.0,0.7959066254480456
4680.0,1117370.0,0.8137089348466081
4681.0,1139750.0,0.829785396965094
4682.0,1139000.0,0.8290200832834069
4683.0,1123940.0,0.817844296624108
4684.0,1111220.0,0.8083785111948629
4685.0,1136980.0,0.8269053124047906
4686.0,1184750.0,0.8614279481556021
4687.0,1208620.0,0.8785618493431383
4688.0,1216210.0,0.8838580027605498
4689.0,1214540.0,0.8824257209843172
4690.0,1204840.0,0.8751634365463907
4691.0,1190130.0,0.8642685065217384
4692.0,1171610.0,0.8506147317126178
4693.0,1147380.0,0.8328248966324339
4694.0,1123680.0,0.8154300650801757
4695.0,1101190.0,0.798923184978642
4696.0,1067540.0,0.774331048021013
4697.0,1058120.0,0.7673230530646357
4698.0,1121570.0,0.8131516926385262
4699.0,1195600.0,0.8666305900570482
4700.0,1222940.0,0.8862520253527381
4701.0,1222890.0,0.8860220466230196
4702.0,1209720.0,0.8762905000165605
4703.0,1193730.0,0.8645229449366927
4704.0,1193190.0,0.8639493072311328
4705.0,1201730.0,0.8699511516685638
4706.0,1203470.0,0.8710309999199046
4707.0,1194710.0,0.864514521391569
4708.0,1186600.0,0.8584730420906557
4709.0,1183360.0,0.8559586842710322
4710.0,1175040.0,0.8497736193068017
4711.0,1156370.0,0.8361095131807084
4712.0,1123130.0,0.8119199483414927
4713.0,1067260.0,0.7713852567654856
4714.0,1012090.0,0.731373526659523
4715.0,1038370.0,0.750226363024885
4716.0,1151150.0,0.8315594064384373
4717.0,1234510.0,0.8916167891744206
4718.0,1255830.0,0.906854959224466
4719.0,1251360.0,0.9034699102891709
4720.0,1241030.0,0.8958581408808185
4721.0,1221690.0,0.8817482765730194
4722.0,1206110.0,0.870358654932799
4723.0,1223840.0,0.8830083506946148
4724.0,1258470.0,0.90784763938685
4725.0,1275690.0,0.9201238546451297
4726.0,1272860.0,0.9179392076573392
4727.0,1265490.0,0.9124839787000794
4728.0,1261770.0,0.9096641616276696
4729.0,1261530.0,0.9093560030800978
4730.0,1262600.0,0.909994400891745
4731.0,1257570.0,0.9062391029163652
4732.0,1237000.0,0.8912902139037394
4733.0,1205880.0,0.8687472802440618
4734.0,1167520.0,0.8409975706960916
4735.0,1112880.0,0.8015320967676244
4736.0,1064820.0,0.7668175984962603
4737.0,1118630.0,0.8054651422046019
4738.0,1252910.0,0.9020398145241446
4739.0,1334250.0,0.9604830722832862
4740.0,1348260.0,0.9704517708765247
4741.0,1339520.0,0.9640475267731222
4742.0,1325980.0,0.9541931321882055
4743.0,1310520.0,0.9429619591810248
4744.0,1309620.0,0.9422109863339408
4745.0,1341020.0,0.9646985056345863
4746.0,1376080.0,0.9898164376553632
4747.0,1390110.0,0.9998064147884361
4748.0,1390250.0,0.9998079225465112
4749.0,1382840.0,0.9943829530244817
4750.0,1374750.0,0.9884727074356066
4751.0,1369320.0,0.9844785884856517
4752.0,1370740.0,0.9854121971482237
4753.0,1378460.0,0.9908768806832098
4754.0,1383390.0,0.9943379093588952
4755.0,1387120.0,0.9969385672162704
4756.0,1389140.0,0.9983125742480184
4757.0,1390450.0,0.9991788345293062
4758.0,1393310.0,1.0011613954829337
4759.0,1392760.0,1.0006962817861866
4760.0,1383390.0,0.9938971909166504
4761.0,1366610.0,0.9817782992272767
4762.0,1354230.0,0.9728243716530088
4763.0,1357010.0,0.974763849304443
4764.0,1368110.0,0.9826818095488526
4765.0,1377650.0,0.9894811164607495
4766.0,1383610.0,0.9937112369875453
4767.0,1388390.0,0.9970961746036487
4768.0,1392220.0,0.999801219114461
4769.0,1391300.0,0.9990976602429296
4770.0,1379440.0,0.9905410180720816
4771.0,1360260.0,0.976731478157895
4772.0,1347970.0,0.9678725972263849
4773.0,1354780.0,0.9727305217596645
4774.0,1375760.0,0.987764284860957
4775.0,1388640.0,0.9969841368425292
4776.0,1389670.0,0.9976983277430743
4777.0,1392330.0,0.999585075232219
4778.0,1392270.0,0.9995213826255578
4779.0,1378510.0,0.9896248570840456
4780.0,1363680.0,0.9789628032400611
4781.0,1368540.0,0.9824382027631053
4782.0,1374410.0,0.9866407482024722
4783.0,1364770.0,0.9797113939435775
4784.0,1363970.0,0.9791300993137313
4785.0,1379850.0,0.9905246341087931
4786.0,1388520.0,0.9967454853170405
4787.0,1382750.0,0.9926026744448251
4788.0,1369880.0,0.9833651736704768
4789.0,1361350.0,0.9772450820047747
4790.0,1370920.0,0.9841200299840929
4791.0,1385070.0,0.9942847788418953
4792.0,1385530.0,0.994624027306385
4793.0,1377750.0,0.9890498886875363
4794.0,1372010.0,0.9849419385468281
4795.0,1371530.0,0.9846117957584695
4796.0,1371840.0,0.9848505598466547
4797.0,1370230.0,0.9837126724077624
4798.0,1367070.0,0.981463656923238
4799.0,1370200.0,0.9837321160538778
4800.0,1380140.0,0.9908916665162272
4801.0,1386520.0,0.995497177252949
4802.0,1384760.0,0.9942600011069431
4803.0,1371530.0,0.9847886220301068
4804.0,1347830.0,0.9678003116507352
4805.0,1337040.0,0.9600826683450739
4806.0,1347720.0,0.9677833423004337
4807.0,1360000.0,0.9766349307372273
4808.0,1372390.0,0.985567532582249
4809.0,1380760.0,0.9916151380459912
4810.0,1379800.0,0.9909638119096702
4811.0,1373950.0,0.986801655729902
4812.0,1368990.0,0.9832796995756833
4813.0,1362140.0,0.978401153488971
4814.0,1344270.0,0.9656075920407103
4815.0,1339010.0,0.9618724167533498
4816.0,1359710.0,0.9767871638079385
4817.0,1372930.0,0.9863307029928227
4818.0,1371810.0,0.9855737250173126
4819.0,1368600.0,0.9833161227587229
4820.0,1368850.0,0.9835454193651012
4821.0,1365330.0,0.9810667983737706
4822.0,1349100.0,0.9694555703192143
4823.0,1328700.0,0.9548473550297483
4824.0,1322640.0,0.9505442168735342
4825.0,1337180.0,0.9610469338086022
4826.0,1348440.0,0.9691941630114255
4827.0,1350810.0,0.9709530684464363
4828.0,1354520.0,0.973676210794695
4829.0,1359690.0,0.9774499996221737
4830.0,1360620.0,0.9781767555795605
4831.0,1348590.0,0.9695865475136412
4832.0,1335310.0,0.9600972155381653
4833.0,1332730.0,0.9583012090302562
4834.0,1335720.0,0.9605109540305652
4835.0,1340180.0,0.9637786940462264
4836.0,1348830.0,0.9700607929843411
4837.0,1354940.0,0.9745173680812788
4838.0,1347750.0,0.969408601504518
4839.0,1329900.0,0.9566316257883243
4840.0,1322420.0,0.9513133140439555
4841.0,1325630.0,0.9536853086061234
4842.0,1321310.0,0.9506403936700752
4843.0,1319760.0,0.949588475035147
4844.0,1338030.0,0.9627984903478921
4845.0,1349010.0,0.9707645894865852
4846.0,1339750.0,0.9641660791204105
4847.0,1337920.0,0.9629143488538194
4848.0,1343160.0,0.966751341948945
4849.0,1348590.0,0.9707257899662314
4850.0,1354310.0,0.9749096788269833
4851.0,1341820.0,0.9659847554322275
4852.0,1325000.0,0.9539412815563184
4853.0,1326000.0,0.9547266961801808
4854.0,1333650.0,0.9603006006915404
4855.0,1334180.0,0.9607481213537115
4856.0,1325690.0,0.9546998827692668
4857.0,1314240.0,0.9465189478976219
4858.0,1293870.0,0.9319121509470937
4859.0,1233050.0,0.8881670615710214
4860.0,1099240.0,0.7918375162030264
4861.0,967247.0,0.6968036791146326
4862.0,1011240.0,0.728545501304297
4863.0,1176900.0,0.8479520445914419
4864.0,1288410.0,0.928356924757599
4865.0,1329120.0,0.9577543141414187
4866.0,1337690.0,0.9639938970165378
4867.0,1338730.0,0.9648071584231582
4868.0,1349590.0,0.9726977565348245
4869.0,1357350.0,0.9783545329361802
4870.0,1336830.0,0.963626525107366
4871.0,1302000.0,0.9385803972611738
4872.0,1303490.0,0.9397144423109501
4873.0,1341600.0,0.9672499292576807
4874.0,1359280.0,0.9800580190474171
4875.0,1348540.0,0.9723746430012318
4876.0,1347770.0,0.9718790630790703
4877.0,1350120.0,0.9736327279063823
4878.0,1339980.0,0.966378259643965
4879.0,1347040.0,0.9715273806799324
4880.0,1362170.0,0.9824970262799464
4881.0,1356060.0,0.9781464179052064
4882.0,1350730.0,0.9743571459021365
4883.0,1354050.0,0.9768066745256556
4884.0,1349810.0,0.9738015361282643
4885.0,1345950.0,0.9710693203571829
4886.0,1343440.0,0.9693099172723372
4887.0,1346670.0,0.9716910660111421
4888.0,1353380.0,0.9765825884063002
4889.0,1349510.0,0.9738387907196421
4890.0,1324920.0,0.9561408796314408
4891.0,1303010.0,0.9403743237841178
4892.0,1331160.0,0.960734877316769
4893.0,1375330.0,0.9926587758758311
4894.0,1391960.0,1.004706175997878
4895.0,1390810.0,1.0039193578439298
4896.0,1384880.0,0.9996807331131854
4897.0,1383070.0,0.9984146125029529
4898.0,1383880.0,0.999038464507765
4899.0,1380980.0,0.996982607209317
4900.0,1374760.0,0.9925282807945041
4901.0,1367650.0,0.9874296473266392
4902.0,1359840.0,0.9818238220081748
4903.0,1355730.0,0.9788877550937272
4904.0,1360410.0,0.9822970202325205
4905.0,1367370.0,0.9873514627958303
4906.0,1364490.0,0.9852993652621838
4907.0,1357780.0,0.9804801032170329
4908.0,1356610.0,0.9796599316820453
4909.0,1350100.0,0.974982125804972
4910.0,1336480.0,0.9651682037289386
4911.0,1326590.0,0.9580463848830264
4912.0,1330090.0,0.9605933583458389
4913.0,1344770.0,0.9712136226566382
4914.0,1363890.0,0.9850397993826471
4915.0,1382090.0,0.998200823112639
4916.0,1384690.0,1.0000939884702793
4917.0,1372790.0,0.991513279047034
4918.0,1355290.0,0.9788865096331715
4919.0,1334150.0,0.9636292522508688
4920.0,1325690.0,0.9575292134682821
4921.0,1334520.0,0.9639165110264043
4922.0,1345790.0,0.9720653463460078
4923.0,1338010.0,0.9664533938943831
4924.0,1332850.0,0.9627328582878006
4925.0,1355740.0,0.9792722982610605
4926.0,1369980.0,0.9895629265979574
4927.0,1363220.0,0.9846839651061996
4928.0,1367880.0,0.988053022124259
4929.0,1382840.0,0.9988611808482991
4930.0,1381680.0,0.9980246069674679
4931.0,1362130.0,0.9839035945207962
4932.0,1338430.0,0.9667841165640481
4933.0,1314100.0,0.9492088265398343
4934.0,1300960.0,0.9397156670582463
4935.0,1313470.0,0.9487494227331139
4936.0,1316750.0,0.9511154097082097
4937.0,1308730.0,0.9453185138481937
4938.0,1303200.0,0.9413195778816159
4939.0,1298680.0,0.9380495854151436
4940.0,1311410.0,0.9472387940647974
4941.0,1327860.0,0.9591142489615964
4942.0,1346900.0,0.9728597003433813
4943.0,1374490.0,0.9927799495992812
4944.0,1391050.0,1.0047325246905374
4945.0,1387040.0,1.0018271074774558
4946.0,1374880.0,0.9930347215011229
4947.0,1382930.0,0.9988389443299026
4948.0,1398450.0,1.0100378168360102
4949.0,1393400.0,1.006379360555028
4950.0,1372170.0,0.9910347210617422
4951.0,1363300.0,0.9846167973190071
4952.0,1379680.0,0.9964347379498952
4953.0,1395610.0,1.0079270196134507
4954.0,1392240.0,1.0054801339420127
4955.0,1375120.0,0.9931028208051513
4956.0,1343030.0,0.9699144447569937
4957.0,1308630.0,0.9450582074103949
4958.0,1316500.0,0.9507282686520908
4959.0,1357170.0,0.980084559792586
4960.0,1375820.0,0.9935382031253251
4961.0,1377390.0,0.994657239231148
4962.0,1384380.0,0.9996899602950435
4963.0,1388860.0,1.0029098758749444
4964.0,1384490.0,0.9997389799596816
4965.0,1370160.0,0.9893760702412909
4966.0,1367170.0,0.9872017389930389
4967.0,1376620.0,0.9940098997270778
4968.0,1384350.0,0.999575864456252
4969.0,1382130.0,0.9979572980004453
4970.0,1367610.0,0.9874577841448793
4971.0,1368740.0,0.9882582314136732
4972.0,1384560.0,0.9996650024882647
4973.0,1386830.0,1.001288402282073
4974.0,1371010.0,0.9898510841831113
4975.0,1364400.0,0.9850635871051122
4976.0,1378480.0,0.9952137521293362
4977.0,1390050.0,1.0035515671953723
4978.0,1379360.0,0.9958187461169554
4979.0,1358850.0,0.9809968460566179
4980.0,1358940.0,0.9810470123022392
4981.0,1357100.0,0.979703936884634
4982.0,1335220.0,0.9638940859616758
4983.0,1317550.0,0.95112389524762
4984.0,1328130.0,0.9587471577021119
4985.0,1354910.0,0.9780644621249138
4986.0,1365350.0,0.9855860888381909
4987.0,1358790.0,0.9808361426729989
4988.0,1352380.0,0.9761946288107582
4989.0,1361760.0,0.982950863178947
4990.0,1358430.0,0.9805326594698501
4991.0,1334660.0,0.9633608881455374
4992.0,1327140.0,0.9579187410481107
4993.0,1340310.0,0.9674104006553942
4994.0,1348980.0,0.973653802721519
4995.0,1355390.0,0.9782658289749413
4996.0,1356390.0,0.9789730384528839
4997.0,1351710.0,0.9755807316611854
4998.0,1351920.0,0.97571774661121
4999.0,1339580.0,0.9667971828620119
5000.0,1327350.0,0.9579562390300049
5001.0,1323680.0,0.9552932310656114
5002.0,1328980.0,0.9591037672575436
5003.0,1344860.0,0.9705494442295057
5004.0,1352520.0,0.9760626591059538
5005.0,1319420.0,0.952161143706529
5006.0,1285950.0,0.9279932915686667
5007.0,1300890.0,0.9387601869763386
5008.0,1330030.0,0.9597736611506523
5009.0,1330240.0,0.9599103268817819
5010.0,1325010.0,0.9561214319567901
5011.0,1326030.0,0.9568424774508338
5012.0,1316660.0,0.9500662728575509
5013.0,1302200.0,0.9396174462280459
5014.0,1292220.0,0.9324014048974731
5015.0,1309380.0,0.9447680543362186
5016.0,1322350.0,0.9541110088396214
5017.0,1296610.0,0.9355237060997555
5018.0,1269120.0,0.915674271987416
5019.0,1288580.0,0.9296994031071999
5020.0,1316790.0,0.9500369010353341
5021.0,1316310.0,0.9496747016143905
5022.0,1308660.0,0.9441395557066924
5023.0,1314690.0,0.948473808245856
5024.0,1319030.0,0.9515885621796308
5025.0,1317980.0,0.950814627776693
5026.0,1316850.0,0.9499828662072834
5027.0,1317160.0,0.9501897938561494
5028.0,1324820.0,0.9556987077494541
5029.0,1327160.0,0.9573695973876918
5030.0,1306430.0,0.9423986287668974
5031.0,1301160.0,0.9385799737676085
5032.0,1316830.0,0.9498658955738692
5033.0,1310380.0,0.9451957583233116
5034.0,1290160.0,0.9305933113260869
5035.0,1297260.0,0.9356968018645453
5036.0,1313280.0,0.947233674848242
5037.0,1300340.0,0.9378822494420074
5038.0,1285900.0,0.9274491315500046
5039.0,1294560.0,0.9336766669381595
5040.0,1273240.0,0.91828168861294
5041.0,1232770.0,0.8890761146121351
5042.0,1248210.0,0.9001931094258356
5043.0,1293130.0,0.9325696087304138
5044.0,1307130.0,0.9426463692462657
5045.0,1301900.0,0.9388549261140774
5046.0,1302230.0,0.9390728870381393
5047.0,1303720.0,0.940127102088615
5048.0,1297640.0,0.9357223487296997
5049.0,1283390.0,0.9254263353868183
5050.0,1279810.0,0.9228242919718074
5051.0,1279560.0,0.9226232149452619
5052.0,1259570.0,0.9081887575529308
5053.0,1255720.0,0.9053918893195216
5054.0,1288430.0,0.9289545677581739
5055.0,1292630.0,0.9319607361459368
5056.0,1266050.0,0.9127752589795238
5057.0,1277530.0,0.9210296353115448
5058.0,1295500.0,0.9339621672005658
5059.0,1277820.0,0.9211933442137905
5060.0,1268930.0,0.9147615252482285
5061.0,1279250.0,0.9221777400075973
5062.0,1273910.0,0.9183047016870796
5063.0,1255840.0,0.9052553302269725
5064.0,1247110.0,0.8989387926815708
5065.0,1261660.0,0.9094024895406023
5066.0,1270770.0,0.9159442951785202
5067.0,1251400.0,0.9019582212369016
5068.0,1247900.0,0.8994107504774844
5069.0,1244640.0,0.8970360918868722
5070.0,1233710.0,0.8891335008026252
5071.0,1253770.0,0.9035648745320424
5072.0,1262690.0,0.9099669784188156
5073.0,1245770.0,0.8977471448742802
5074.0,1246220.0,0.8980447932033313
5075.0,1252570.0,0.902593599697705
5076.0,1242250.0,0.8951298751183261
5077.0,1232540.0,0.8881058104740059
5078.0,1241800.0,0.8947502421351352
5079.0,1235970.0,0.8905215109303188
5080.0,1217420.0,0.8771281859877497
5081.0,1228980.0,0.8854283682553495
5082.0,1220080.0,0.8789875770156509
5083.0,1197820.0,0.8629221757159272
5084.0,1217910.0,0.8773658636903429
5085.0,1239540.0,0.8929175814548499
5086.0,1236730.0,0.8908628288625711
5087.0,1233960.0,0.8888366619800137
5088.0,1234520.0,0.8892088210283751
5089.0,1222910.0,0.880814995792522
5090.0,1227840.0,0.884334091728411
5091.0,1227730.0,0.8842226966230206
5092.0,1211940.0,0.8728184570178507
5093.0,1211070.0,0.8721594068880814
5094.0,1205440.0,0.8680722053278208
5095.0,1185120.0,0.8534066342668527
5096.0,1172460.0,0.8442575665673654
5097.0,1158730.0,0.8343383747274891
5098.0,1158090.0,0.8338446010868724
5099.0,1189030.0,0.8560877095852054
5100.0,1203420.0,0.8664133024955045
5101.0,1202660.0,0.8658307089208236
5102.0,1210960.0,0.8717700425344018
5103.0,1204670.0,0.8672055602633145
5104.0,1198620.0,0.8628138014170105
5105.0,1195020.0,0.8601855234696474
5106.0,1173250.0,0.8444786924163906
5107.0,1157110.0,0.8328249767150551
5108.0,1153730.0,0.8303554167402056
5109.0,1153280.0,0.8299943214844775
5110.0,1149200.0,0.8270205074945461
5111.0,1148640.0,0.826579584830995
5112.0,1172240.0,0.8435233847370358
5113.0,1190680.0,0.8567522885172868
5114.0,1188950.0,0.8554668802780357
5115.0,1184960.0,0.85255511236919
5116.0,1169760.0,0.8415781855539437
5117.0,1162730.0,0.836479451252539
5118.0,1165100.0,0.8381428794024208
5119.0,1160150.0,0.8345401240309033
5120.0,1150610.0,0.8276356732643877
5121.0,1139720.0,0.8197604551485613
5122.0,1136700.0,0.8175459062919047
5123.0,1128620.0,0.8116920224257126
5124.0,1118270.0,0.8042058153658735
5125.0,1104100.0,0.7939729283455677
5126.0,1076010.0,0.7737311661131835
5127.0,1032520.0,0.742418013739745
5128.0,979731.0,0.7044219298511595
5129.0,979739.0,0.7043883212465543
5130.0,1064960.0,0.765615152988886
5131.0,1157360.0,0.8319953633247773
5132.0,1196070.0,0.8597733622800711
5133.0,1204460.0,0.8657538986453536
5134.0,1200810.0,0.8630794777136842
5135.0,1197240.0,0.8604623341366272
5136.0,1191880.0,0.8565585613794099
5137.0,1181670.0,0.8491694238632802
5138.0,1168170.0,0.8394165425856385
5139.0,1158330.0,0.8322941470752644
5140.0,1162350.0,0.8351302984183938
5141.0,1165930.0,0.8376494395001977
5142.0,1159940.0,0.8332926945553693
5143.0,1164280.0,0.8363564833686938
5144.0,1174240.0,0.8434561668351956
5145.0,1172540.0,0.8421795375778541
5146.0,1167550.0,0.8385396222804428
5147.0,1163080.0,0.8352730716508924
5148.0,1156870.0,0.8307568906592426
5149.0,1156350.0,0.8303265113755598
5150.0,1154890.0,0.8292206947403532
5151.0,1150010.0,0.8256590436218899
5152.0,1151410.0,0.8266057792053688
5153.0,1145280.0,0.8221463463097172
5154.0,1135870.0,0.8153325768332915
5155.0,1141600.0,0.8193859871825478
5156.0,1148680.0,0.8244071170121032
5157.0,1146470.0,0.8227599819106716
5158.0,1134980.0,0.8144532412258052
5159.0,1122260.0,0.8052645888839679
5160.0,1098580.0,0.7882131260009662
5161.0,1045330.0,0.7499493454163083
5162.0,963641.0,0.6912895785988986
5163.0,860048.0,0.616926372035951
5164.0,787729.0,0.5650060053921737
5165.0,881485.0,0.6322028042533258
5166.0,1094600.0,0.7849859300662912
5167.0,1207460.0,0.8658522553302436
5168.0,1243130.0,0.8913573915842581
5169.0,1291010.0,0.9256117999920558
5170.0,1340690.0,0.9611502161303851
5171.0,1338870.0,0.9597643109854935
5172.0,1295990.0,0.9289466858322523
5173.0,1298850.0,0.9309165555445128
5174.0,1356620.0,0.9722372307304715
5175.0,1400190.0,1.0033742257440132
5176.0,1412820.0,1.0123353392976864
5177.0,1414750.0,1.0136278077106502
5178.0,1415750.0,1.0142529706865622
5179.0,1416070.0,1.01439008796859
5180.0,1414940.0,1.0134877551775598
5181.0,1408600.0,1.0088533064952476
5182.0,1379000.0,0.9875613999494667
5183.0,1322890.0,0.9472894967800668
5184.0,1311040.0,0.9387149233055467
5185.0,1356710.0,0.971322030425595
5186.0,1387800.0,0.9934846674468898
5187.0,1392560.0,0.9967951429380284
5188.0,1377870.0,0.9861831744144768
5189.0,1371690.0,0.981662720443809
5190.0,1382520.0,0.9893144749316125
5191.0,1372140.0,0.9817877552477692
5192.0,1353480.0,0.9683378420371697
5193.0,1360880.0,0.9735323679732663
5194.0,1372390.0,0.9816648417960131
5195.0,1372080.0,0.9813408519996284
5196.0,1382230.0,0.9884964947170986
5197.0,1390370.0,0.9942124615857828
5198.0,1390170.0,0.9939632782368202
5199.0,1396210.0,0.9981743503533065
5200.0,1403130.0,1.0030127200864096
5201.0,1401010.0,1.0013877796632817
5202.0,1392370.0,0.9951026933784147
5203.0,1381940.0,0.9875391291782
5204.0,1359450.0,0.971359408873071
5205.0,1339380.0,0.9569116306164404
5206.0,1344580.0,0.9605184778896273
5207.0,1358950.0,0.9706739357643634
5208.0,1353940.0,0.9669853628922268
5209.0,1357760.0,0.9696028380720025
5210.0,1379280.0,0.9848577499831417
5211.0,1395350.0,0.9962177050007661
5212.0,1406940.0,1.0043765314783337
5213.0,1413000.0,1.0085858899371127
5214.0,1408110.0,1.0049788927859868
5215.0,1390290.0,0.9921453257495678
5216.0,1373890.0,0.9803277765908545
5217.0,1379490.0,0.9842089138436179
5218.0,1399020.0,0.9980263506444483
5219.0,1411630.0,1.0069045078452972
5220.0,1414840.0,1.009076395619419
5221.0,1415500.0,1.0094293129526724
5222.0,1415760.0,1.0094969789216344
5223.0,1414270.0,1.0083170393634033
5224.0,1407870.0,1.0036372816861348
5225.0,1385040.0,0.9872475847275058
5226.0,1334300.0,0.9509701397672168
5227.0,1305530.0,0.9303577846454173
5228.0,1346070.0,0.9591370407349366
5229.0,1389390.0,0.9898906344692077
5230.0,1400440.0,0.9976489501650102
5231.0,1400010.0,0.9972286864933413
5232.0,1385250.0,0.9866028587237708
5233.0,1369840.0,0.9755170417756321
5234.0,1377050.0,0.9805410307833156
5235.0,1393100.0,0.9918583530484676
5236.0,1405900.0,1.0008600826545777
5237.0,1410880.0,1.004294029756879
5238.0,1410560.0,1.0039556843478337
5239.0,1409150.0,1.0028424412304207
5240.0,1409500.0,1.0029826173498344
5241.0,1411520.0,1.0043118097403632
5242.0,1411490.0,1.0041831408506021
5243.0,1411310.0,1.0039487014445474
5244.0,1411930.0,1.0042842858721877
5245.0,1410410.0,1.0030987967637965
5246.0,1407430.0,1.0008763194058987
5247.0,1405410.0,0.9993379853763908
5248.0,1406970.0,1.0003464240621014
5249.0,1406940.0,1.0002254399185655
5250.0,1401500.0,0.9962599536526014
5251.0,1400860.0,0.9957082263590534
5252.0,1405700.0,0.9990525878202473
5253.0,1407150.0,0.9999885217801588
5254.0,1404920.0,0.9983106871851404
5255.0,1403420.0,0.9971532269744916
5256.0,1407220.0,0.9997628008630592
5257.0,1411430.0,1.0026646361716842
5258.0,1411550.0,1.0026622366140214
5259.0,1409460.0,1.0010917046216348
5260.0,1406390.0,0.9988270310129125
5261.0,1397290.0,0.992282175363392
5262.0,1383970.0,0.9827434693476853
5263.0,1376130.0,0.9770989602385046
5264.0,1371820.0,0.9739632744629032
5265.0,1365060.0,0.969090499461455
5266.0,1358230.0,0.9641705395865057
5267.0,1366840.0,0.9702127524178208
5268.0,1365780.0,0.9693924705160673
5269.0,1319990.0,0.9368282547084843
5270.0,1290690.0,0.9159728476230955
5271.0,1333420.0,0.9462367722361414
5272.0,1380610.0,0.9796636120117515
5273.0,1389830.0,0.9861470314658192
5274.0,1390800.0,0.9867784086832009
5275.0,1388470.0,0.985070650459625
5276.0,1385260.0,0.9827409879550458
5277.0,1396400.0,0.9905935692126969
5278.0,1408310.0,0.9989938722730255
5279.0,1410530.0,1.0005223905469813
5280.0,1404620.0,0.9962866247106169
5281.0,1393410.0,0.9882945571847422
5282.0,1384980.0,0.9822772598001227
5283.0,1380580.0,0.9791210094055737
5284.0,1383540.0,0.9811870988066695
5285.0,1397820.0,0.9912833430185904
5286.0,1407270.0,0.9979564419114588
5287.0,1408280.0,0.9986468403221501
5288.0,1408750.0,0.9989570078842693
5289.0,1410350.0,1.0000712016138622
5290.0,1411810.0,1.0010888882733777
5291.0,1412420.0,1.0015066814548257
5292.0,1411520.0,1.0008566702449249
5293.0,1408880.0,0.9989758444231553
5294.0,1406460.0,0.9972540037032702
5295.0,1405000.0,0.9962158676433582
5296.0,1400230.0,0.992833815529619
5297.0,1393040.0,0.987738912623334
5298.0,1390920.0,0.9862419741439321
5299.0,1397100.0,0.9906333714272987
5300.0,1400680.0,0.993184458517482
5301.0,1394970.0,0.9891514554866895
5302.0,1390390.0,0.9859228488463271
5303.0,1397450.0,0.9909514781943438
5304.0,1407840.0,0.9983450832694353
5305.0,1410080.0,0.999962859468766
5306.0,1404530.0,0.9960596349875006
5307.0,1395980.0,0.990031922695218
5308.0,1394690.0,0.9891561481060835
5309.0,1402630.0,0.9948301728954262
5310.0,1408600.0,0.9991108290751292
5311.0,1410150.0,1.000260127671142
5312.0,1409740.0,1.0000226706400286
5313.0,1404760.0,0.9965466974145736
5314.0,1398680.0,0.9922934264727137
5315.0,1393620.0,0.9887668183692899
5316.0,1382340.0,0.9808298988282026
5317.0,1381200.0,0.9800906573333319
5318.0,1396110.0,0.9907446478163104
5319.0,1402940.0,0.9956694418370864
5320.0,1399280.0,0.99315324184406
5321.0,1398360.0,0.9925851392160121
5322.0,1400130.0,0.993930149775915
5323.0,1390350.0,0.9870791270838035
5324.0,1374720.0,0.976076834769167
5325.0,1376300.0,0.9772966360855019
5326.0,1377190.0,0.9780303076562297
5327.0,1344420.0,0.954861103386869
5328.0,1305940.0,0.9276344787269375
5329.0,1328950.0,0.9440877490077193
5330.0,1378640.0,0.9795042124363997
5331.0,1396840.0,0.9925570225005166
5332.0,1392730.0,0.9897619863905418
5333.0,1389200.0,0.9873822673504695
5334.0,1393470.0,0.9905503654614922
5335.0,1396180.0,0.9926140806282351
5336.0,1389180.0,0.98777792855894
5337.0,1383020.0,0.9835416092913172
5338.0,1386710.0,0.9863138210939454
5339.0,1380790.0,0.9822544830533767
5340.0,1362230.0,0.9692046087461031
5341.0,1360930.0,0.9684366088856661
5342.0,1382150.0,0.9837000961897103
5343.0,1396800.0,0.9942958803757712
5344.0,1397160.0,0.9947253730798766
5345.0,1390870.0,0.9904236447998856
5346.0,1384940.0,0.9863807852746367
5347.0,1385810.0,0.987184449677221
5348.0,1386030.0,0.9875293423530461
5349.0,1384450.0,0.9865957010961213
5350.0,1390120.0,0.9908333358484938
5351.0,1398250.0,0.9968305490017778
5352.0,1398200.0,0.9970015377540883
5353.0,1394500.0,0.9945735450370042
5354.0,1394550.0,0.9948238116353292
5355.0,1396150.0,0.9961843419296308
5356.0,1399670.0,0.9989199652587047
5357.0,1402310.0,1.0010328907779118
5358.0,1399310.0,0.9991240380867106
5359.0,1393200.0,0.9949974668441587
5360.0,1389940.0,0.9929091107601294
5361.0,1391140.0,0.9940108300823579
5362.0,1391470.0,0.9944956138242802
5363.0,1389300.0,0.9931977492376451
5364.0,1384160.0,0.9897797867284609
5365.0,1375330.0,0.9837250575463589
5366.0,1372500.0,0.9819641856112091
5367.0,1375600.0,0.9844505246000692
5368.0,1381490.0,0.9889398105444883
5369.0,1380090.0,0.9882158830264669
5370.0,1357640.0,0.9724185327909909
5371.0,1324320.0,0.9488281314679935
5372.0,1326060.0,0.9503543979249742
5373.0,1366060.0,0.9793134756499848
5374.0,1392430.0,0.9985195391403109
5375.0,1397010.0,1.0021104827771479
5376.0,1390700.0,0.9978931674498002
5377.0,1380790.0,0.9910927448521832
5378.0,1377700.0,0.9891881673495859
5379.0,1378720.0,0.9902375638134631
5380.0,1375440.0,0.9882014130013664
5381.0,1373790.0,0.98733846737905
5382.0,1368360.0,0.9837603328001112
5383.0,1358120.0,0.9767234377494067
5384.0,1365840.0,0.9826052347298238
5385.0,1386390.0,0.997726836561604
5386.0,1395250.0,1.0044456047541546
5387.0,1389920.0,1.0009525029156356
5388.0,1379770.0,0.9939870180545756
5389.0,1375700.0,0.9914004916006116
5390.0,1380350.0,0.9951005701602267
5391.0,1385430.0,0.999115382495134
5392.0,1379490.0,0.995184976803987
5393.0,1369380.0,0.9882442167662668
5394.0,1370050.0,0.9890826144085791
5395.0,1367750.0,0.9877783054910506
5396.0,1348790.0,0.9744384672369226
5397.0,1332740.0,0.9631934167953652
5398.0,1343700.0,0.9714691268220109
5399.0,1363320.0,0.9860153641359948
5400.0,1374220.0,0.9942643384663921
5401.0,1376980.0,0.9966288106710598
5402.0,1373080.0,0.9941737549528343
5403.0,1358730.0,0.9841485545104147
5404.0,1340490.0,0.9712979297764575
5405.0,1330440.0,0.964374838655951
5406.0,1331740.0,0.9656771843157274
5407.0,1347580.0,0.9775280822071765
5408.0,1355450.0,0.9836045101054272
5409.0,1351020.0,0.9807565778524697
5410.0,1351130.0,0.9812035301921046
5411.0,1362190.0,0.9896057086804325
5412.0,1365380.0,0.992294443318419
5413.0,1356420.0,0.9861515411803902
5414.0,1355210.0,0.9856401984337824
5415.0,1362290.0,0.9911595154371838
5416.0,1370020.0,0.9971554381369633
5417.0,1370380.0,0.9977889302492894
5418.0,1359910.0,0.9905336893637654
5419.0,1351990.0,0.9851301916687667
5420.0,1360580.0,0.991756154145861
5421.0,1373210.0,1.0013317997128555
5422.0,1376200.0,1.0038812560977044
5423.0,1357020.0,0.9902531785797654
5424.0,1334300.0,0.974029486262871
5425.0,1343610.0,0.9811825970332195
5426.0,1366470.0,0.9982378287073412
5427.0,1372910.0,1.0033040795981343
5428.0,1351840.0,0.9882609097203493
5429.0,1311640.0,0.9592150218652102
5430.0,1303270.0,0.9534322623820273
5431.0,1338750.0,0.97973390943651
5432.0,1358140.0,0.9942725353197326
5433.0,1337320.0,0.9793715372428804
5434.0,1310890.0,0.9603478441056472
5435.0,1313190.0,0.9623630762053241
5436.0,1336770.0,0.9799772411001951
5437.0,1355920.0,0.9943518300909252
5438.0,1363300.0,1.000098798751691
5439.0,1363000.0,1.0002106802842514
5440.0,1357620.0,0.9965903381696283
5441.0,1353030.0,0.9935444206408908
5442.0,1355890.0,0.9959654982201523
5443.0,1359750.0,0.9991193842824155
5444.0,1355020.0,0.9959578597111869
5445.0,1337440.0,0.9833427425032261
5446.0,1310330.0,0.9637069848343591
5447.0,1296720.0,0.9539872246892785
5448.0,1322390.0,0.9731643668572059
5449.0,1354410.0,0.9970232889337943
5450.0,1365920.0,1.0057894884586502
5451.0,1355590.0,0.9984699098124087
5452.0,1344710.0,0.9907364165561496
5453.0,1351780.0,0.9962226187120594
5454.0,1346780.0,0.9928094494503013
5455.0,1314180.0,0.9690381700153006
5456.0,1296460.0,0.9562243857627257
5457.0,1319020.0,0.9731158874507894
5458.0,1347000.0,0.9940106681278694
5459.0,1357520.0,1.0020229830867673
5460.0,1356960.0,1.0018533829115892
5461.0,1347870.0,0.9953789189338996
5462.0,1334860.0,0.9860002876531899
5463.0,1335550.0,0.9867335582974774
5464.0,1347320.0,0.9956493462991006
5465.0,1345700.0,0.9946659566711793
5466.0,1338170.0,0.9893068665628404
5467.0,1336250.0,0.9880877678131368
5468.0,1336000.0,0.988097095690516
5469.0,1333990.0,0.9867982043161032
5470.0,1342430.0,0.993224212227215
5471.0,1354620.0,1.0024212981848775
5472.0,1346340.0,0.9964648986647754
5473.0,1335880.0,0.9888865700227513
5474.0,1341910.0,0.9935083843613854
5475.0,1344690.0,0.9957190142260663
5476.0,1324610.0,0.9809943699002853
5477.0,1302780.0,0.9649633772933753
5478.0,1314860.0,0.974042592944739
5479.0,1344110.0,0.9958395640103893
5480.0,1357530.0,1.0059064535627378
5481.0,1346650.0,0.9979619284032772
5482.0,1329540.0,0.9853924523292883
5483.0,1332610.0,0.9877726652714796
5484.0,1342600.0,0.9952776199113593
5485.0,1343590.0,0.9961060708234015
5486.0,1338600.0,0.9924953089727524
5487.0,1325140.0,0.982597905801706
5488.0,1319820.0,0.9787298546315177
5489.0,1330100.0,0.9864251514690848
5490.0,1332570.0,0.9883238195141832
5491.0,1324500.0,0.9823998220897916
5492.0,1315610.0,0.9758617074214461
5493.0,1316060.0,0.9762461546486876
5494.0,1329390.0,0.9861803600607282
5495.0,1333310.0,0.9891294971246947
5496.0,1307810.0,0.9702475341657435
5497.0,1281110.0,0.9504691279859289
5498.0,1290050.0,0.9571272518602262
5499.0,1311210.0,0.9728475790203925
5500.0,1304560.0,0.967929901907263
5501.0,1278260.0,0.9484277560213132
5502.0,1287680.0,0.955423997832888
5503.0,1323750.0,0.9821894377913427
5504.0,1337030.0,0.9920407314831704
5505.0,1322650.0,0.9813645132700067
5506.0,1299010.0,0.9638134590656855
5507.0,1302890.0,0.9666769461736182
5508.0,1324770.0,0.9828908110012978
5509.0,1331990.0,0.9882231351523602
5510.0,1320060.0,0.9793436034509924
5511.0,1314390.0,0.9751044978412372
5512.0,1325990.0,0.9836731211201749
5513.0,1332930.0,0.9887800852215115
5514.0,1321510.0,0.9802634881605475
5515.0,1311020.0,0.9724334938176034
5516.0,1325460.0,0.9830908932093861
5517.0,1335910.0,0.9907839460785851
5518.0,1325700.0,0.9831505119737277
5519.0,1312640.0,0.9734007646288707
5520.0,1316300.0,0.976046591852497
5521.0,1327380.0,0.9841898983401888
5522.0,1327210.0,0.9839875696766587
5523.0,1311820.0,0.9724984962199351
5524.0,1302800.0,0.9657296742901468
5525.0,1313260.0,0.9733972456531174
5526.0,1311720.0,0.9721663024398244
5527.0,1286080.0,0.9530724424892167
5528.0,1270260.0,0.941255562551433
5529.0,1289720.0,0.9555774571121249
5530.0,1311710.0,0.9717674844449743
5531.0,1310150.0,0.970505932813126
5532.0,1301070.0,0.9636716104116906
5533.0,1305910.0,0.9671447727956877
5534.0,1312800.0,0.9721320960943137
5535.0,1303720.0,0.9652908066106088
5536.0,1289960.0,0.9549835506363191
5537.0,1289450.0,0.9544840135354399
5538.0,1286760.0,0.9523682994356293
5539.0,1266740.0,0.9374256529510347
5540.0,1254690.0,0.9283815957554138
5541.0,1281900.0,0.9483829938472002
5542.0,1317980.0,0.974937476125187
5543.0,1324790.0,0.9798332049717565
5544.0,1316810.0,0.9737876199865525
5545.0,1323940.0,0.9789135375455579
5546.0,1330220.0,0.9834070118169843
5547.0,1320150.0,0.9758112587423279
5548.0,1310920.0,0.9688362811551312
5549.0,1320760.0,0.975952626736793
5550.0,1329000.0,0.9818822807156651
5551.0,1315000.0,0.9713792358474147
5552.0,1307690.0,0.9658184956595735
5553.0,1322300.0,0.9764441747872147
5554.0,1325720.0,0.9788023649763674
5555.0,1308770.0,0.9661207538397021
5556.0,1307610.0,0.965095545329621
5557.0,1322100.0,0.9756173659523384
5558.0,1316280.0,0.9711488539014542
5559.0,1304020.0,0.9619295355476246
5560.0,1313580.0,0.9688046849344149
5561.0,1317560.0,0.9715609016672522
5562.0,1300640.0,0.9589057220222604
5563.0,1300350.0,0.9585119144563621
5564.0,1314520.0,0.9687733798555517
5565.0,1305670.0,0.9620673725463292
5566.0,1293140.0,0.9526513950635225
5567.0,1304790.0,0.9610474795784357
5568.0,1306010.0,0.9617581432946553
5569.0,1289350.0,0.9493027626507359
5570.0,1293270.0,0.9520003334263786
5571.0,1301720.0,0.9580295396291456
5572.0,1282060.0,0.9433711033708844
5573.0,1273380.0,0.936795144889719
5574.0,1288550.0,0.947763074518906
5575.0,1284040.0,0.9442532754314802
5576.0,1273040.0,0.9359722922364655
5577.0,1284890.0,0.944490223231897
5578.0,1293900.0,0.9509165510961769
5579.0,1292660.0,0.9498079552760713
5580.0,1299080.0,0.9543261680813062
5581.0,1291430.0,0.9485078212723544
5582.0,1268910.0,0.9317720156532415
5583.0,1254090.0,0.9206955727115845
5584.0,1231070.0,0.9036043983661229
5585.0,1222810.0,0.8973514331345755
5586.0,1263510.0,0.9270219722107271
5587.0,1295350.0,0.9501803288269127
5588.0,1299920.0,0.9533292324636705
5589.0,1311760.0,0.9618068950990648
5590.0,1322270.0,0.9693056087218272
5591.0,1331820.0,0.9760972161354324
5592.0,1342260.0,0.9835377966748674
5593.0,1331200.0,0.9752242778536871
5594.0,1320810.0,0.9674048930739595
5595.0,1323660.0,0.9692840811830813
5596.0,1328820.0,0.9728535871988719
5597.0,1332780.0,0.975543185766023
5598.0,1322250.0,0.9676278167889194
5599.0,1319540.0,0.9654373994698551
5600.0,1328690.0,0.9719235158455626
5601.0,1325310.0,0.9692434159859376
5602.0,1321770.0,0.9664476930037424
5603.0,1319070.0,0.9642674873107893
5604.0,1325900.0,0.969053665377964
5605.0,1334180.0,0.9748976934014206
5606.0,1334770.0,0.9751216864707939
5607.0,1335360.0,0.9753460430717759
5608.0,1330890.0,0.9718757715123264
5609.0,1329300.0,0.9705101789596046
5610.0,1328110.0,0.9694377350486534
5611.0,1329790.0,0.9704608697938323
5612.0,1330120.0,0.9704992668010779
5613.0,1327610.0,0.9684666625623182
5614.0,1315850.0,0.9596893823878307
5615.0,1295550.0,0.9446893542319937
5616.0,1291080.0,0.9412369062124699
5617.0,1308020.0,0.9533921355649859
5618.0,1318470.0,0.9608138963639551
5619.0,1319350.0,0.9612610923878834
5620.0,1318710.0,0.9606019419533804
5621.0,1317730.0,0.9596965443748762
5622.0,1314030.0,0.9568120917732847
5623.0,1305320.0,0.9502826603728383
5624.0,1291970.0,0.940379735435106
5625.0,1286350.0,0.9361072442920523
5626.0,1300450.0,0.9461856581117725
5627.0,1318430.0,0.9590840527071756
5628.0,1323360.0,0.9624876232965649
5629.0,1322060.0,0.9613611306943168
5630.0,1318330.0,0.9584699008926706
5631.0,1309060.0,0.9515542988355856
5632.0,1292950.0,0.9396717732551262
5633.0,1265110.0,0.9192717987050554
5634.0,1229510.0,0.893243165898935
5635.0,1230850.0,0.8940577384929698
5636.0,1295570.0,0.940903213025005
5637.0,1356970.0,0.9853234071944108
5638.0,1377540.0,1.0000878033809864
5639.0,1380560.0,1.002110129069926
5640.0,1380600.0,1.0019711190225675
5641.0,1379560.0,1.0010506059457434
5642.0,1379850.0,1.0010975042980093
5643.0,1381040.0,1.0017994695198702
5644.0,1380950.0,1.0015751288034695
5645.0,1380030.0,1.000751295451728
5646.0,1379950.0,1.0005391350127522
5647.0,1381720.0,1.001670606338058
5648.0,1383180.0,1.0025795085317493
5649.0,1382830.0,1.0021789012303597
5650.0,1382740.0,1.001969381788214
5651.0,1383520.0,1.0023928742970563
5652.0,1382900.0,1.0018047221158681
5653.0,1381910.0,1.0009514444863024
5654.0,1382660.0,1.0013613127426368
5655.0,1382190.0,1.0008904386267703
5656.0,1379220.0,0.998612438207091
5657.0,1373190.0,0.9941226187833823
5658.0,1365480.0,0.9884207470640682
5659.0,1365840.0,0.9885640919213492
5660.0,1373600.0,0.9940657489749427
5661.0,1377200.0,0.9965590011675032
5662.0,1375950.0,0.9955456966357334
5663.0,1375970.0,0.9954545777561521
5664.0,1378630.0,0.9972764324015664
5665.0,1379850.0,0.9980596312728217
5666.0,1379700.0,0.9978551675434684
5667.0,1379410.0,0.9975528644635465
5668.0,1378650.0,0.9969141107131898
5669.0,1377390.0,0.9959172775511201
5670.0,1378030.0,0.9962975948069972
5671.0,1380830.0,0.9982426649731573
5672.0,1382920.0,0.9996774637034278
5673.0,1383250.0,0.9998431376300249
5674.0,1381010.0,0.9981544998355507
5675.0,1379040.0,0.9966644345868765
5676.0,1380450.0,0.9976203944073551
5677.0,1382380.0,0.9989551692607441
5678.0,1382200.0,0.9987682623751953
5679.0,1380390.0,0.997406736643309
5680.0,1379520.0,0.9967276181479515
5681.0,1380400.0,0.9973159872166074
5682.0,1380510.0,0.9973510702687721
5683.0,1378690.0,0.9959949117480257
5684.0,1375650.0,0.9937605506124337
5685.0,1375340.0,0.9935013998887682
5686.0,1377390.0,0.9949499587329845
5687.0,1378820.0,0.9959535298247338
5688.0,1379700.0,0.9965627015968909
5689.0,1379210.0,0.9961852145162998
5690.0,1378050.0,0.9953267044760941
5691.0,1378370.0,0.9955400295848686
5692.0,1380150.0,0.9968106680937123
5693.0,1381480.0,0.9977590850425456
5694.0,1380740.0,0.9972152625106077
5695.0,1378590.0,0.995655887148407
5696.0,1377930.0,0.9951753972841857
5697.0,1379580.0,0.9963659791969237
5698.0,1381380.0,0.9976676093446833
5699.0,1380870.0,0.9973035957502253
5700.0,1377500.0,0.9948766642823118
5701.0,1373370.0,0.9919034360662518
5702.0,1373420.0,0.991951762573744
5703.0,1377520.0,0.9949278408945226
5704.0,1379860.0,0.9966353991461604
5705.0,1378760.0,0.9958609200232021
5706.0,1376990.0,0.9946050081174269
5707.0,1375370.0,0.9934599040063246
5708.0,1371560.0,0.9907353061925456
5709.0,1366270.0,0.9869439202027083
5710.0,1365020.0,0.9860731783976039
5711.0,1367170.0,0.9876609954890188
5712.0,1370860.0,0.9903638830429938
5713.0,1375060.0,0.9934378225065653
5714.0,1376820.0,0.994751486479425
5715.0,1377060.0,0.9949693687371809
5716.0,1378140.0,0.9957965575817525
5717.0,1379160.0,0.9965827825440097
5718.0,1378720.0,0.9963163278039137
5719.0,1377710.0,0.9956401902796672
5720.0,1376490.0,0.9948144564946348
5721.0,1375520.0,0.9941715443732511
5722.0,1376080.0,0.9946366501951466
5723.0,1377590.0,0.9957907047619158
5724.0,1377840.0,0.996036222419025
5725.0,1377250.0,0.9956766433852925
5726.0,1377170.0,0.9956878662649846
5727.0,1377240.0,0.9958096501335704
5728.0,1376400.0,0.99527551181774
5729.0,1374800.0,0.9941937553604451
5730.0,1372980.0,0.9929547628346522
5731.0,1371210.0,0.9917537515661353
5732.0,1370800.0,0.9915382622174229
5733.0,1371660.0,0.9922434091551792
5734.0,1372470.0,0.9929144517919668
5735.0,1373030.0,0.993406661380896
5736.0,1373480.0,0.9938212737127052
5737.0,1373240.0,0.9937385349901993
5738.0,1372750.0,0.993476720733443
5739.0,1372510.0,0.9933976490563369
5740.0,1371790.0,0.9929729386783699
5741.0,1370120.0,0.9918622213808264
5742.0,1368090.0,0.990492424410032
5743.0,1366680.0,0.9895730304176382
5744.0,1367280.0,0.9901107153481584
5745.0,1368900.0,0.9913889360227135
5746.0,1369070.0,0.9916188898597177
5747.0,1367040.0,0.990256932812459
5748.0,1365660.0,0.9893672276805605
5749.0,1365780.0,0.9895657676415198
5750.0,1366280.0,0.990041320336997
5751.0,1365870.0,0.9898590867552809
5752.0,1364840.0,0.9892290064466773
5753.0,1363260.0,0.988201638994162
5754.0,1360490.0,0.9863128364132071
5755.0,1360730.0,0.9866074983660764
5756.0,1363290.0,0.9885860548746829
5757.0,1360740.0,0.9868605997251036
5758.0,1355500.0,0.9831850104378558
5759.0,1355360.0,0.9832095546882372
5760.0,1358870.0,0.9858836354689212
5761.0,1360660.0,0.9873117355861604
5762.0,1360690.0,0.9874643215178908
5763.0,1360330.0,0.9873352195747607
5764.0,1362270.0,0.9888769763021014
5765.0,1364640.0,0.9907326291270949
5766.0,1365590.0,0.9915590022288987
5767.0,1366200.0,0.9921399523070397
5768.0,1366300.0,0.9923518859381848
5769.0,1365630.0,0.9920057609948545
5770.0,1364010.0,0.990970545606851
5771.0,1362870.0,0.9902849823329096
5772.0,1364300.0,0.9914680496388838
5773.0,1365150.0,0.9922310325685251
5774.0,1363550.0,0.991214356614933
5775.0,1363870.0,0.9915943944315795
5776.0,1365780.0,0.9931317885228363
5777.0,1364730.0,0.9925179949115116
5778.0,1362690.0,0.9911849430316072
5779.0,1362440.0,0.9911546880991674
5780.0,1359420.0,0.9891099642788608
5781.0,1355130.0,0.9861413784225763
5782.0,1356980.0,0.9876416418398785
5783.0,1362390.0,0.9917347499727722
5784.0,1364000.0,0.99306344806255
5785.0,1361740.0,0.9915754375838717
5786.0,1360890.0,0.9911146924063656
5787.0,1362660.0,0.9925630475300958
5788.0,1363080.0,0.993029185781885
5789.0,1361270.0,0.9918714111588822
5790.0,1361350.0,0.9920913823615948
5791.0,1362200.0,0.9928734125520496
5792.0,1361560.0,0.9925702300875228
5793.0,1359680.0,0.9913635561305398
5794.0,1360000.0,0.9917614920083933
5795.0,1362080.0,0.9934438990710953
5796.0,1361710.0,0.9933402908763542
5797.0,1359050.0,0.9915664853454539
5798.0,1359090.0,0.9917629471592101
5799.0,1362290.0,0.9942663833537894
5800.0,1362870.0,0.9948587033131338
5801.0,1360650.0,0.9934074948467566
5802.0,1359780.0,0.9929421128781045
5803.0,1360470.0,0.9936164143719841
5804.0,1361630.0,0.9946347495140735
5805.0,1360660.0,0.9940977169770102
5806.0,1358680.0,0.9928229025550572
5807.0,1359410.0,0.9935286728427813
5808.0,1361260.0,0.9950537802495809
5809.0,1362470.0,0.9961118837590525
5810.0,1362300.0,0.9961616049095539
5811.0,1360660.0,0.995136571093062
5812.0,1359730.0,0.9946308467096533
5813.0,1361010.0,0.995742113238361
5814.0,1363600.0,0.9978126289494575
5815.0,1363550.0,0.9979519634113159
5816.0,1358830.0,0.9946730994123367
5817.0,1356450.0,0.9931064789927748
5818.0,1360060.0,0.9959257592837792
5819.0,1363630.0,0.99871690310553
5820.0,1363280.0,0.9986376754899999
5821.0,1360600.0,0.99685144993496
5822.0,1358930.0,0.9958048001788902
5823.0,1359100.0,0.9961064192122192
5824.0,1360060.0,0.9969873059181759
5825.0,1361400.0,0.9981471455230693
5826.0,1360730.0,0.9978334607158365
5827.0,1358310.0,0.9962361370910168
5828.0,1358470.0,0.9965308194654771
5829.0,1360600.0,0.9982709402844764
5830.0,1361510.0,0.9991163331130622
5831.0,1359940.0,0.9981417088614772
5832.0,1357360.0,0.9964251882761779
5833.0,1356510.0,0.9959781203561364
5834.0,1357380.0,0.9967938169871317
5835.0,1358470.0,0.9977712064924439
5836.0,1360950.0,0.9997698485910217
5837.0,1362610.0,1.0011664841122272
5838.0,1360210.0,0.9995797865748378
5839.0,1356560.0,0.9970735100761968
5840.0,1355200.0,0.9962495265311385
5841.0,1356410.0,0.9973145957806606
5842.0,1359560.0,0.9998064156491151
5843.0,1360780.0,1.0008792751796511
5844.0,1358620.0,0.9994657330165481
5845.0,1357420.0,0.9987577488580353
5846.0,1357160.0,0.9987409720541709
5847.0,1357350.0,0.9990551049327308
5848.0,1357180.0,0.9991040257045135
5849.0,1355480.0,0.9980261328376615
5850.0,1355280.0,0.9980521810797488
5851.0,1357250.0,0.9996762273518925
5852.0,1354290.0,0.9976687202556042
5853.0,1343280.0,0.9897289552113475
5854.0,1339280.0,0.9869519853327695
5855.0,1348150.0,0.9936596196224388
5856.0,1350590.0,0.9956291570874838
5857.0,1342690.0,0.9899752761448805
5858.0,1341300.0,0.9891198114262854
5859.0,1345310.0,0.9922465348525267
5860.0,1346890.0,0.9935814037561181
5861.0,1348820.0,0.9951746108799577
5862.0,1350880.0,0.9968639367444051
5863.0,1351860.0,0.997756369910741
5864.0,1350970.0,0.9972683323468176
5865.0,1349440.0,0.9963072427718981
5866.0,1348500.0,0.9957811351020349
5867.0,1348690.0,0.9960890489191307
5868.0,1349640.0,0.9969580880417869
5869.0,1349870.0,0.9972950942784246
5870.0,1349450.0,0.997151521184232
5871.0,1348660.0,0.9967340594666056
5872.0,1346210.0,0.9950890289141736
5873.0,1343090.0,0.9929477224223024
5874.0,1342610.0,0.99275738323225
5875.0,1346070.0,0.9954803876430404
5876.0,1348780.0,0.9976491322040723
5877.0,1347590.0,0.9969329990146937
5878.0,1343880.0,0.9943516376352637
5879.0,1340660.0,0.9921316255967223
5880.0,1338930.0,0.991013292773002
5881.0,1338800.0,0.9910786071736571
5882.0,1341150.0,0.9929796908301777
5883.0,1341580.0,0.9934591702867348
5884.0,1338460.0,0.9913091157423757
5885.0,1339020.0,0.9918838984842979
5886.0,1342870.0,0.99489589286901
5887.0,1340510.0,0.9933068464004041
5888.0,1324090.0,0.981296825198691
5889.0,1290860.0,0.9568224577772548
5890.0,1270440.0,0.9418364928673594
5891.0,1296700.0,0.961456879461966
5892.0,1328880.0,0.9854731982898531
5893.0,1336980.0,0.9916365341029303
5894.0,1327350.0,0.9846489469164614
5895.0,1297170.0,0.9624119834167417
5896.0,1277960.0,0.9483078484112824
5897.0,1302440.0,0.9666239813290035
5898.0,1328800.0,0.9863408283391268
5899.0,1337930.0,0.9932718515321829
5900.0,1340900.0,0.9956306649075476
5901.0,1337770.0,0.993459697643752
5902.0,1335740.0,0.9921045666644687
5903.0,1339170.0,0.9948044790269144
5904.0,1340540.0,0.9959741938425875
5905.0,1340120.0,0.9958136357368332
5906.0,1340430.0,0.9961950343401442
5907.0,1337880.0,0.9944501742184026
5908.0,1336010.0,0.9932097790294132
5909.0,1339550.0,0.9959909554566411
5910.0,1341190.0,0.9973595145929043
5911.0,1336600.0,0.9940943849369629
5912.0,1333310.0,0.9917947544556557
5913.0,1334270.0,0.9926557625992928
5914.0,1334720.0,0.9931369922392259
5915.0,1334630.0,0.9932159451137815
5916.0,1336260.0,0.9945745516054478
5917.0,1338040.0,0.9960446507192998
5918.0,1337560.0,0.9958320064712135
5919.0,1335320.0,0.9943081926912221
5920.0,1333130.0,0.9928205983575615
5921.0,1333250.0,0.9930525672815014
5922.0,1333500.0,0.993380861569943
5923.0,1333540.0,0.9935522016748213
5924.0,1335030.0,0.9948034727240029
5925.0,1338770.0,0.9977313362772535
5926.0,1340110.0,0.9988705488388214
5927.0,1336600.0,0.9963939500285456
5928.0,1334940.0,0.9952953598568594
5929.0,1335800.0,0.9960749570043589
5930.0,1338170.0,0.9979802816879567
5931.0,1339590.0,0.9991769226468719
5932.0,1336060.0,0.9966806411481358
5933.0,1330000.0,0.9922954484376157
5934.0,1329900.0,0.9923557131728614
5935.0,1337040.0,0.9978184946840002
5936.0,1341500.0,1.001281786186996
5937.0,1336770.0,0.9978851208180483
5938.0,1330660.0,0.9934566050609568
5939.0,1332030.0,0.9946114908757192
5940.0,1336950.0,0.9984171231458081
5941.0,1337930.0,0.9992803700109281
5942.0,1334880.0,0.9971328364995508
5943.0,1333610.0,0.9963138780726077
5944.0,1335290.0,0.9976982089162543
5945.0,1335230.0,0.9977819662395676
5946.0,1335700.0,0.9982611714315569
5947.0,1334180.0,0.9972523609845169
5948.0,1327710.0,0.9925421876536261
5949.0,1327580.0,0.9925702599490294
5950.0,1333360.0,0.9970168367659618
5951.0,1334600.0,0.9980686304315362
5952.0,1334260.0,0.9979382476025421
5953.0,1334260.0,0.9980614547190445
5954.0,1329820.0,0.994862337406361
5955.0,1326530.0,0.992522165329732
5956.0,1327250.0,0.9931813942622226
5957.0,1326340.0,0.9926201963686391
5958.0,1328480.0,0.9943410235769012
5959.0,1333150.0,0.9979554425465708
5960.0,1331860.0,0.9971080195806886
5961.0,1330140.0,0.995937742398968
5962.0,1334480.0,0.9993044391052788
5963.0,1338390.0,1.0023492023922973
5964.0,1339000.0,1.0029222643938036
5965.0,1336510.0,1.001172588516863
5966.0,1331680.0,0.9976687575425695
5967.0,1331010.0,0.9972804089108976
5968.0,1332760.0,0.9987047430553276
5969.0,1333900.0,0.9996715897445685
5970.0,1336100.0,1.0014324945005522
5971.0,1337510.0,1.0026009610497364
5972.0,1335820.0,1.0014450205512566
5973.0,1331650.0,0.9984287642688757
5974.0,1327770.0,0.9956286735911726
5975.0,1331080.0,0.9982193600349191
5976.0,1336090.0,1.0020850130789407
5977.0,1335440.0,1.0017053540209686
5978.0,1331620.0,0.9989469508544506
5979.0,1328240.0,0.996517466662586
5980.0,1329440.0,0.9975233967923975
5981.0,1333460.0,1.0006451100061706
5982.0,1334260.0,1.0013503079350339
5983.0,1330520.0,0.998647483563668
5984.0,1327150.0,0.9962212587177975
5985.0,1327210.0,0.9963689453591917
5986.0,1327680.0,0.9968239239584247
5987.0,1326360.0,0.9959343620140733
5988.0,1327550.0,0.9969289570737495
5989.0,1329700.0,0.9986441896051004
5990.0,1328270.0,0.9976702630919019
5991.0,1327830.0,0.9974392674040446
5992.0,1329220.0,0.998582484141261
5993.0,1324990.0,0.9955029273632469
5994.0,1319170.0,0.9912275082090246
5995.0,1320820.0,0.9925642569029594
5996.0,1327100.0,0.9973804224305022
5997.0,1327840.0,0.9980330265860324
5998.0,1323830.0,0.9951147040581483
5999.0,1322840.0,0.9944656531173002
6000.0,1320570.0,0.9928536312700071
6001.0,1317800.0,0.9908648595458664
6002.0,1319370.0,0.992138818314708
6003.0,1318430.0,0.9915248925822631
6004.0,1313130.0,0.9876311356314658
6005.0,1312780.0,0.9874595258814666
6006.0,1319550.0,0.9926435073052304
6007.0,1321790.0,0.9944199376516738
6008.0,1318540.0,0.992065578931031
6009.0,1319840.0,0.9931340597118868
6010.0,1324570.0,0.9967834804717393
6011.0,1326160.0,0.9980699510999356
6012.0,1324410.0,0.996842302266437
6013.0,1319850.0,0.9934988142571478
6014.0,1315730.0,0.9904855396391092
6015.0,1316050.0,0.9908140538112727
6016.0,1320120.0,0.9939657223841062
6017.0,1322460.0,0.99581484195113
6018.0,1323030.0,0.9963309501961084
6019.0,1320500.0,0.994512035945146
6020.0,1316510.0,0.9915927429321552
6021.0,1318710.0,0.9933352551267418
6022.0,1321780.0,0.9957330775422042
6023.0,1318650.0,0.9934599019889527
6024.0,1316640.0,0.9920298359502261
6025.0,1319580.0,0.9943290801272726
6026.0,1320200.0,0.9948800362585534
6027.0,1319640.0,0.9945414235676387
6028.0,1319850.0,0.9947827561519584
6029.0,1321020.0,0.9957474007736385
6030.0,1322020.0,0.9965837095187783
6031.0,1319520.0,0.9947811802291122
6032.0,1318740.0,0.9942748284853362
6033.0,1319650.0,0.9950423588291814
6034.0,1321090.0,0.9962093540198891
6035.0,1322990.0,0.9977231257583046
6036.0,1320290.0,0.9957674919130266
6037.0,1315670.0,0.9923630459176934
6038.0,1316440.0,0.9930235611867935
6039.0,1321200.0,0.996693882097514
6040.0,1320660.0,0.9963659346763729
6041.0,1316470.0,0.9932837019252277
6042.0,1315860.0,0.9929020409098822
6043.0,1318520.0,0.9949876647744409
6044.0,1318160.0,0.9947941987622951
6045.0,1316580.0,0.9936796481274771
6046.0,1318650.0,0.9953196881938795
6047.0,1319970.0,0.99639358077066
6048.0,1315660.0,0.9932171914988
6049.0,1312360.0,0.9908025906193484
6050.0,1316040.0,0.9936575264899782
6051.0,1320450.0,0.9970638837555819
6052.0,1317770.0,0.995116504541166
6053.0,1312550.0,0.9912503677569381
6054.0,1312750.0,0.9914769677378512
6055.0,1315350.0,0.9935161651007863
6056.0,1313170.0,0.9919447355294642
6057.0,1306950.0,0.9873208888382977
6058.0,1302570.0,0.9840862563933196
6059.0,1301580.0,0.9834122661178047
6060.0,1306760.0,0.9874000952653716
6061.0,1315280.0,0.9939122613484074
6062.0,1321950.0,0.9990271337462778
6063.0,1322650.0,0.9996305939144017
6064.0,1314870.0,0.9938244931159002
6065.0,1307200.0,0.988100512541433
6066.0,1309610.0,0.9899954678132962
6067.0,1317920.0,0.9963509638535224
6068.0,1322190.0,0.9996527713475124
6069.0,1321490.0,0.9991970326720928
6070.0,1318390.0,0.9969262793548359
6071.0,1317450.0,0.996288503173135
6072.0,1321120.0,0.9991369552344718
6073.0,1323750.0,1.0011991094283963
6074.0,1320370.0,0.9987155362124323
6075.0,1316030.0,0.995505297849676
6076.0,1317620.0,0.9967805320131147
6077.0,1320770.0,0.9992360737122369
6078.0,1321320.0,0.9997246845222275
6079.0,1320720.0,0.9993431062238491
6080.0,1318010.0,0.9973647036092337
6081.0,1316140.0,0.996021621420475
6082.0,1319230.0,0.9984321403016089
6083.0,1321990.0,1.0005931612855365
6084.0,1320200.0,0.999310354119076
6085.0,1318310.0,0.9979515989239609
6086.0,1316130.0,0.9963730456416737
6087.0,1315210.0,0.9957481603665497
6088.0,1318710.0,0.9984697684262379
6089.0,1320180.0,0.9996545863306459
6090.0,1319180.0,0.9989690912133159
6091.0,1317620.0,0.9978593657321428
6092.0,1316760.0,0.9972796148604165
6093.0,1317210.0,0.9976919890579036
6094.0,1317420.0,0.9979226090537361
6095.0,1319460.0,0.9995395421048273
6096.0,1320110.0,1.0001036480723091
6097.0,1318060.0,0.9986221900337157
6098.0,1315250.0,0.9965646706722925
6099.0,1312190.0,0.9943174257648852
6100.0,1312720.0,0.9947904042680132
6101.0,1313030.0,0.9950967392023897
6102.0,1307450.0,0.99093900859122
6103.0,1302950.0,0.987599318816638
6104.0,1307360.0,0.9910131964990584
6105.0,1312230.0,0.9947763209991672
6106.0,1313290.0,0.9956515354463905
6107.0,1312950.0,0.99546545924869
6108.0,1313620.0,0.9960452376063805
6109.0,1315430.0,0.997489620288805
6110.0,1315050.0,0.9972734809052368
6111.0,1312430.0,0.9953585443285708
6112.0,1310980.0,0.9943308082098066
6113.0,1311640.0,0.9949034776717419
6114.0,1314390.0,0.9970617344340178
6115.0,1316420.0,0.998674182286953
6116.0,1314650.0,0.9974039610551059
6117.0,1310490.0,0.9943202687626914
6118.0,1307280.0,0.9919570873809903
6119.0,1304380.0,0.9898289149194159
6120.0,1295700.0,0.9833140717865384
6121.0,1281410.0,0.9725406207297519
6122.0,1276350.0,0.96877143918113
6123.0,1294040.0,0.98227074056044
6124.0,1311570.0,0.9956507052479598
6125.0,1316440.0,0.9994215050279195
6126.0,1318040.0,1.0007102914284691
6127.0,1318640.0,1.0012401242562154
6128.0,1319020.0,1.0016031360989721
6129.0,1320480.0,1.0027865288835487
6130.0,1321020.0,1.0032715571344817
6131.0,1319030.0,1.0018352357487728
6132.0,1316310.0,0.9998443836882531
6133.0,1315610.0,0.9993878857633144
6134.0,1314780.0,0.998832747535504
6135.0,1308780.0,0.9943497953812398
6136.0,1294680.0,0.983711894483017
6137.0,1284120.0,0.9757625135433623
6138.0,1291620.0,0.9815364005942143
6139.0,1305410.0,0.9920916849464462
6140.0,1304670.0,0.9916053796189703
6141.0,1287490.0,0.9786231534136492
6142.0,1281480.0,0.9741301411850691
6143.0,1298950.0,0.9874866083670211
6144.0,1313980.0,0.9989903068312735
6145.0,1317020.0,1.0013795958411098
6146.0,1314500.0,0.9995417029134956
6147.0,1311560.0,0.9973843866788679
6148.0,1310840.0,0.9969153387685628
6149.0,1310570.0,0.9967887423577577
6150.0,1310390.0,0.9967308544266288
6151.0,1311680.0,0.9977914587282442
6152.0,1313190.0,0.999019880740288
6153.0,1312750.0,0.9987651895788603
6154.0,1311210.0,0.9976737817566105
6155.0,1310500.0,0.99721407696833
6156.0,1310570.0,0.9973481828431701
6157.0,1309900.0,0.9969194298391008
6158.0,1308210.0,0.995714569601828
6159.0,1307740.0,0.9954384812891499
6160.0,1305820.0,0.9940588539452714
6161.0,1292570.0,0.9840536212141956
6162.0,1278720.0,0.9735902322585936
6163.0,1286300.0,0.9794431397461003
6164.0,1300520.0,0.9903537628914564
6165.0,1305660.0,0.9943515080780849
6166.0,1304890.0,0.9938490214847695
6167.0,1302660.0,0.9922347277214343
6168.0,1301160.0,0.9911766100085575
6169.0,1298850.0,0.9895015978107664
6170.0,1300570.0,0.9908971052961518
6171.0,1306870.0,0.9957830091576313
6172.0,1310150.0,0.9983688240841533
6173.0,1308870.0,0.997480336876434
6174.0,1308860.0,0.9975600330350897
6175.0,1308520.0,0.9973886097267979
6176.0,1306430.0,0.9958835483914105
6177.0,1307410.0,0.9967190813224215
6178.0,1309360.0,0.998294736194605
6179.0,1308370.0,0.9976293515584064
6180.0,1307440.0,0.9970100286992565
6181.0,1307920.0,0.997466342487014
6182.0,1307450.0,0.997198607104112
6183.0,1306400.0,0.9964888563920771
6184.0,1306640.0,0.9967634930573597
6185.0,1306550.0,0.9967868713559281
6186.0,1305140.0,0.9958035707249348
6187.0,1303030.0,0.994286410114838
6188.0,1301710.0,0.9933723049622929
6189.0,1299200.0,0.9915502914797667
6190.0,1287700.0,0.9828665864181171
6191.0,1273270.0,0.9719451065704802
6192.0,1278130.0,0.9757483655309213
6193.0,1296940.0,0.9902035549882351
6194.0,1306650.0,0.9977135798552249
6195.0,1306600.0,0.9977724380591833
6196.0,1305800.0,0.9972590325124843
6197.0,1307640.0,0.9987624480498459
6198.0,1310220.0,1.0008319425241876
6199.0,1309700.0,1.0005341569867472
6200.0,1306580.0,0.9982503991993094
