wave,flux,norm
3800.0,1125930.0,0.8886607728325039
3801.0,1209660.0,0.9543638445284138
3802.0,1244350.0,0.9813238566146788
3803.0,1264300.0,0.996626120348994
3804.0,1270720.0,1.0012385417804766
3805.0,1256030.0,0.98920564129903
3806.0,1225540.0,0.9647311931560648
3807.0,1205540.0,0.9485192795720526
3808.0,1228730.0,0.9662738463800613
3809.0,1260790.0,0.9909673145429244
3810.0,1260420.0,0.9901439264588501
3811.0,1233260.0,0.968273129426075
3812.0,1194030.0,0.9369414646575884
3813.0,1159500.0,0.9093180746087599
3814.0,1145780.0,0.8980243055117728
3815.0,1130500.0,0.8855094636115364
3816.0,1122080.0,0.8783676262715725
3817.0,1154520.0,0.9031875893956139
3818.0,1168400.0,0.9134531187894264
3819.0,1127610.0,0.8809801634879779
3820.0,1071140.0,0.8362965356607311
3821.0,1052010.0,0.8207959404551884
3822.0,1065410.0,0.8306687356031672
3823.0,1054920.0,0.8219037267896039
3824.0,1011680.0,0.7876432375203433
3825.0,962402.0,0.7487253973146658
3826.0,929405.0,0.7225127081283454
3827.0,918600.0,0.7135693838433004
3828.0,912119.0,0.7079872959075968
3829.0,902942.0,0.7003143031736963
3830.0,885518.0,0.6862538111833872
3831.0,849823.0,0.658059578633816
3832.0,799588.0,0.6186536147774324
3833.0,768945.0,0.5944514379950087
3834.0,738603.0,0.5705153371508659
3835.0,709306.0,0.5474197309374887
3836.0,744120.0,0.5737937608129008
3837.0,807841.0,0.6223867095410504
3838.0,834542.0,0.6423915302525737
3839.0,860121.0,0.6614911394104585
3840.0,885594.0,0.6804681000379125
3841.0,901255.0,0.6918711784285849
3842.0,930742.0,0.7138503931372202
3843.0,950478.0,0.7283099772581522
3844.0,944689.0,0.7231949387008298
3845.0,914682.0,0.6995601788749551
3846.0,876780.0,0.6699311585657544
3847.0,865658.0,0.6607949585035611
3848.0,857485.0,0.6539191284115747
3849.0,817099.0,0.6225090902355338
3850.0,806377.0,0.613732470011909
3851.0,869703.0,0.6612693533817439
3852.0,922008.0,0.7003339062149905
3853.0,902356.0,0.6847121822319213
3854.0,896232.0,0.679370967655535
3855.0,951219.0,0.7203112974952073
3856.0,965649.0,0.7304811682162042
3857.0,913828.0,0.6905595300193199
3858.0,845394.0,0.6381749263687789
3859.0,789453.0,0.5953163574349218
3860.0,769243.0,0.5794596013633718
3861.0,796666.0,0.5994750973585297
3862.0,920377.0,0.69182001218684
3863.0,1043340.0,0.7833990345728211
3864.0,1024420.0,0.768355864741225
3865.0,921623.0,0.6904977952239534
3866.0,818927.0,0.6128812274292914
3867.0,716716.0,0.5357941141731438
3868.0,608320.0,0.45425559004044774
3869.0,503175.0,0.3753205018967753
3870.0,405901.0,0.30242394055210825
3871.0,373254.0,0.27778651558616296
3872.0,477031.0,0.3546188594596955
3873.0,661732.0,0.4913645897129789
3874.0,821497.0,0.6093014530905527
3875.0,917581.0,0.6797876030945164
3876.0,912552.0,0.6752851372632591
3877.0,813160.0,0.6010415934348525
3878.0,710080.0,0.5242434598354132
3879.0,642086.0,0.473494015618623
3880.0,557755.0,0.4108267494891722
3881.0,450683.0,0.3315727420841605
3882.0,423795.0,0.31142565966634844
3883.0,611366.0,0.44873438082269085
3884.0,947902.0,0.6949277257773605
3885.0,1171150.0,0.857581805571473
3886.0,1201340.0,0.8786472798369578
3887.0,1144900.0,0.8363741497404029
3888.0,1015660.0,0.7410793103247504
3889.0,869647.0,0.6337844436461934
3890.0,897023.0,0.6529551933758763
3891.0,1047370.0,0.7614830104422999
3892.0,1137950.0,0.8263474084561951
3893.0,1154600.0,0.8374321252002718
3894.0,1143230.0,0.8281890469303389
3895.0,1092580.0,0.7905443004184669
3896.0,1123150.0,0.8116843440407746
3897.0,1177980.0,0.8502823638283031
3898.0,1184200.0,0.8537399780541541
3899.0,1234710.0,0.8890790010427218
3900.0,1250250.0,0.8991800245420672
3901.0,1150650.0,0.8265460588597265
3902.0,1062680.0,0.7624301143818857
3903.0,1148320.0,0.822875103427465
3904.0,1264250.0,0.9048512963667096
3905.0,1235880.0,0.883473779043469
3906.0,1195440.0,0.8535287630539667
3907.0,1242020.0,0.8857108123399688
3908.0,1282370.0,0.9133762250655496
3909.0,1266130.0,0.9007156724331646
3910.0,1180420.0,0.838724194291193
3911.0,1203840.0,0.8543282180800026
3912.0,1332660.0,0.9446021838771752
3913.0,1332740.0,0.9435152001246222
3914.0,1241540.0,0.8778865753107497
3915.0,1206690.0,0.85221273189955
3916.0,1260770.0,0.8893305796780934
3917.0,1355670.0,0.9551177021780837
3918.0,1390130.0,0.9782152294207558
3919.0,1320400.0,0.9280282835888838
3920.0,1151460.0,0.8083173376599608
3921.0,1047710.0,0.7346021053968813
3922.0,1159400.0,0.8119385608458183
3923.0,1332530.0,0.9320655575764393
3924.0,1423730.0,0.9946666237737355
3925.0,1435270.0,1.0015320744528777
3926.0,1391580.0,0.9698883228581826
3927.0,1278350.0,0.8899111047092267
3928.0,1163170.0,0.8087688039891796
3929.0,1157630.0,0.8039636613403346
3930.0,1132560.0,0.7856234917213479
3931.0,972613.0,0.6738777311062959
3932.0,699322.0,0.48395754363254273
3933.0,440760.0,0.30466500937785596
3934.0,376487.0,0.2599333845377471
3935.0,540328.0,0.3726169548425214
3936.0,840829.0,0.5791716821703021
3937.0,1134830.0,0.780775951303016
3938.0,1307260.0,0.8983697218772075
3939.0,1386400.0,0.9516577196168257
3940.0,1416700.0,0.9713390197428882
3941.0,1412190.0,0.9671380283069055
3942.0,1363260.0,0.9325628806642101
3943.0,1245080.0,0.850751175308896
3944.0,1188620.0,0.8112524311079764
3945.0,1295180.0,0.8829836035615174
3946.0,1401900.0,0.954664948940669
3947.0,1424310.0,0.9688395134485164
3948.0,1417350.0,0.9630299544414476
3949.0,1422390.0,0.9653810774566288
3950.0,1429030.0,0.968815150318396
3951.0,1387260.0,0.9394616326020766
3952.0,1282060.0,0.8672679802803969
3953.0,1260240.0,0.8515775679531664
3954.0,1383120.0,0.9335961717481593
3955.0,1463790.0,0.9869803944533921
3956.0,1448150.0,0.9753852688354282
3957.0,1436560.0,0.9665441463471145
3958.0,1463290.0,0.9834811562327969
3959.0,1486090.0,0.9977481654755923
3960.0,1458350.0,0.9780933301166811
3961.0,1345580.0,0.9015157538544323
3962.0,1222170.0,0.8179811294785846
3963.0,1218730.0,0.814835012296363
3964.0,1295470.0,0.8652522603783112
3965.0,1290350.0,0.8609518053561739
3966.0,1125240.0,0.7500240368786985
3967.0,829256.0,0.5521793507317477
3968.0,540821.0,0.35975717287358766
3969.0,471102.0,0.31306760896991903
3970.0,644510.0,0.4278810585841613
3971.0,889414.0,0.58988935198761
3972.0,1068050.0,0.7076758845565687
3973.0,1177320.0,0.7793214213342952
3974.0,1248170.0,0.8254261377567814
3975.0,1339590.0,0.8850379725475211
3976.0,1435400.0,0.9474398920587387
3977.0,1479180.0,0.9754200890371884
3978.0,1500370.0,0.9884717330005701
3979.0,1524750.0,1.0036055317987556
3980.0,1531730.0,1.0072760177387112
3981.0,1483450.0,0.9746404895892675
3982.0,1390080.0,0.9124729995882482
3983.0,1357950.0,0.8905866246332003
3984.0,1424830.0,0.9336220746047246
3985.0,1457860.0,0.9544278509041417
3986.0,1387820.0,0.9077854949071952
3987.0,1345700.0,0.8794776228366171
3988.0,1424840.0,0.9304065413655426
3989.0,1505400.0,0.9821829561375119
3990.0,1529650.0,0.9971721225555629
3991.0,1543670.0,1.0054810443014839
3992.0,1544360.0,1.0051090043438393
3993.0,1498460.0,0.9744483813209679
3994.0,1424950.0,0.9259046901201177
3995.0,1419380.0,0.9215571278568143
3996.0,1475780.0,0.9574279740739712
3997.0,1493850.0,0.9684036601662941
3998.0,1476150.0,0.956200414398801
3999.0,1446580.0,0.9363409250252399
4000.0,1369940.0,0.8860747371863141
4001.0,1315600.0,0.8503037946181855
4002.0,1397840.0,0.9028038150347908
4003.0,1510570.0,0.9749149066044196
4004.0,1529960.0,0.9867341744924932
4005.0,1468000.0,0.9461167172536965
4006.0,1401880.0,0.9028848575197619
4007.0,1412640.0,0.9092015294813903
4008.0,1491770.0,0.9594931403072612
4009.0,1541620.0,0.9909069285187421
4010.0,1552630.0,0.9973398279141633
4011.0,1555020.0,0.9982398974611787
4012.0,1544000.0,0.9905446362518331
4013.0,1534660.0,0.9839448402863769
4014.0,1518030.0,0.9726906291834169
4015.0,1474410.0,0.9441747415386146
4016.0,1398940.0,0.8953169891410487
4017.0,1337620.0,0.8555747774253738
4018.0,1361940.0,0.8706317318812792
4019.0,1404170.0,0.8971215315698127
4020.0,1425420.0,0.9101924919320755
4021.0,1480960.0,0.9451402056474796
4022.0,1538740.0,0.9814864800542047
4023.0,1556560.0,0.9923268293990702
4024.0,1518670.0,0.967666382914325
4025.0,1442280.0,0.9185202552836245
4026.0,1407770.0,0.8960892883998088
4027.0,1434060.0,0.9123695744585588
4028.0,1467190.0,0.9329903523084102
4029.0,1484600.0,0.9436065936807851
4030.0,1464520.0,0.9304025451235026
4031.0,1442070.0,0.9157128648336624
4032.0,1431760.0,0.9087488426890953
4033.0,1367300.0,0.8674438577819468
4034.0,1285340.0,0.8150846414229933
4035.0,1294270.0,0.8203890721497806
4036.0,1376200.0,0.8719467538155525
4037.0,1437280.0,0.9102618082526951
4038.0,1469880.0,0.930521492961104
4039.0,1460240.0,0.9240413016206486
4040.0,1421710.0,0.8992982826136708
4041.0,1445440.0,0.9139477572261309
4042.0,1497760.0,0.9466621309144767
4043.0,1489060.0,0.9408043780132989
4044.0,1455480.0,0.9192435173753923
4045.0,1431730.0,0.9039105822919882
4046.0,1413470.0,0.8920593054576356
4047.0,1404910.0,0.8863416606560961
4048.0,1398520.0,0.8820020033472588
4049.0,1403490.0,0.8848325955319658
4050.0,1433620.0,0.9035233397821633
4051.0,1482400.0,0.9339569638032272
4052.0,1493510.0,0.9406505013209383
4053.0,1478070.0,0.930628581706649
4054.0,1486710.0,0.9357748516605082
4055.0,1502260.0,0.9452711294137768
4056.0,1505220.0,0.9468471568748478
4057.0,1485810.0,0.9343598682116049
4058.0,1452710.0,0.9132783942325832
4059.0,1457340.0,0.9159269192011649
4060.0,1517400.0,0.9534062328720981
4061.0,1572000.0,0.9874399010340279
4062.0,1562840.0,0.9814204272988187
4063.0,1508540.0,0.9470699042272713
4064.0,1455340.0,0.9134324899980769
4065.0,1375180.0,0.8628999395058448
4066.0,1278640.0,0.8021215133247653
4067.0,1318920.0,0.8271863711410272
4068.0,1467460.0,0.9201237578060372
4069.0,1561970.0,0.9791510650947906
4070.0,1573120.0,0.9859113250840524
4071.0,1542880.0,0.9667386005940337
4072.0,1528410.0,0.9574576466385829
4073.0,1522880.0,0.953783985011604
4074.0,1472280.0,0.9218944779254572
4075.0,1437840.0,0.9001390532819008
4076.0,1473120.0,0.922034478305145
4077.0,1501960.0,0.9398945078841758
4078.0,1518970.0,0.9503494671204114
4079.0,1558020.0,0.974590586618716
4080.0,1588840.0,0.9936787716983104
4081.0,1596510.0,0.9982877417584569
4082.0,1565780.0,0.9788916791756157
4083.0,1468750.0,0.918064289371406
4084.0,1339990.0,0.8374320504711639
4085.0,1335010.0,0.8341742880266949
4086.0,1473010.0,0.9202454016991086
4087.0,1584650.0,0.9898249215652265
4088.0,1624240.0,1.0143869525541396
4089.0,1631180.0,1.0185564121153396
4090.0,1624680.0,1.014336538348042
4091.0,1616130.0,1.0088412264651865
4092.0,1603980.0,1.001103539102436
4093.0,1582870.0,0.9877794955603557
4094.0,1538670.0,0.9600550040357819
4095.0,1479260.0,0.9228521769057364
4096.0,1450080.0,0.9045189760353463
4097.0,1472420.0,0.9183253702797781
4098.0,1508870.0,0.9409290638079809
4099.0,1490330.0,0.9292416896755776
4100.0,1372040.0,0.8553722612955125
4101.0,1183540.0,0.7377588203410722
4102.0,1109200.0,0.6913298546353186
4103.0,1219960.0,0.7602665651785308
4104.0,1336540.0,0.8328138640640335
4105.0,1398000.0,0.8710029898894253
4106.0,1442260.0,0.898469406394627
4107.0,1480670.0,0.9222868396088908
4108.0,1513070.0,0.9423570015126456
4109.0,1512470.0,0.9418735300605581
4110.0,1516770.0,0.9444426200261946
4111.0,1556080.0,0.9688095315589242
4112.0,1588220.0,0.9887087012139871
4113.0,1602970.0,0.9977801273476876
4114.0,1611590.0,1.0030354754769957
4115.0,1619270.0,1.0077057943733052
4116.0,1623910.0,1.0104844826136719
4117.0,1607440.0,1.000129156767032
4118.0,1556240.0,0.9681706252467235
4119.0,1500500.0,0.9333954783282409
4120.0,1495780.0,0.9303622963047492
4121.0,1522440.0,0.9468464233349605
4122.0,1537720.0,0.9562508964821266
4123.0,1537290.0,0.9558854713435526
4124.0,1526670.0,0.9491851155813212
4125.0,1515210.0,0.941964388777681
4126.0,1506180.0,0.9362560954582267
4127.0,1502310.0,0.9337565859236823
4128.0,1503210.0,0.9342225028461002
4129.0,1510860.0,0.9388833677994569
4130.0,1516380.0,0.9422202366785245
4131.0,1502370.0,0.9334228760951284
4132.0,1461460.0,0.9079163246104698
4133.0,1427480.0,0.8867199332874269
4134.0,1409590.0,0.8755218458982148
4135.0,1429190.0,0.8876097625225093
4136.0,1475400.0,0.9162204661853729
4137.0,1486010.0,0.9227206285235066
4138.0,1474120.0,0.9152501353669654
4139.0,1478140.0,0.9176586698028232
4140.0,1489650.0,0.9247165981538474
4141.0,1473490.0,0.9145987042969551
4142.0,1433110.0,0.8894510584524449
4143.0,1408810.0,0.8742874755908334
4144.0,1410900.0,0.87550276869242
4145.0,1417810.0,0.8797088047573692
4146.0,1435030.0,0.8903108129761723
4147.0,1467440.0,0.910334354405525
4148.0,1450200.0,0.8995566874366727
4149.0,1373590.0,0.8519575452565371
4150.0,1348420.0,0.8362696852063715
4151.0,1412380.0,0.8758569844578931
4152.0,1452150.0,0.9004378017780098
4153.0,1418870.0,0.8797222488651346
4154.0,1376670.0,0.8534806367073645
4155.0,1409770.0,0.8739227896590367
4156.0,1457060.0,0.9031571632312809
4157.0,1439380.0,0.8921185477529027
4158.0,1407510.0,0.8722880357103262
4159.0,1427150.0,0.8843811535927958
4160.0,1478400.0,0.9160587917246243
4161.0,1496680.0,0.9273036875596581
4162.0,1464580.0,0.9073354265818304
4163.0,1428800.0,0.8850912421824442
4164.0,1423590.0,0.8817865216610897
4165.0,1449640.0,0.8978436315986168
4166.0,1443140.0,0.8937398196515681
4167.0,1380610.0,0.8549404041956018
4168.0,1380220.0,0.8546246345149896
4169.0,1438830.0,0.8908383713086703
4170.0,1479210.0,0.915760017393113
4171.0,1491590.0,0.9233445497249952
4172.0,1444830.0,0.894321408787819
4173.0,1406840.0,0.8707313833104805
4174.0,1424740.0,0.8817343921092862
4175.0,1444070.0,0.8936205342057423
4176.0,1459380.0,0.9030172956999472
4177.0,1441280.0,0.8917412847082619
4178.0,1402290.0,0.8675434451925603
4179.0,1397560.0,0.8645433696365116
4180.0,1366300.0,0.8451335804798443
4181.0,1323020.0,0.8182927524802913
4182.0,1326480.0,0.8203629562282836
4183.0,1334430.0,0.8252094701621131
4184.0,1355190.0,0.8379762190768915
4185.0,1372790.0,0.8487870341902188
4186.0,1315660.0,0.8133949033614164
4187.0,1259590.0,0.778664085862996
4188.0,1262990.0,0.7806997348842973
4189.0,1289290.0,0.7968891723488989
4190.0,1351460.0,0.835244661584686
4191.0,1384120.0,0.8553570964451747
4192.0,1351900.0,0.8353750413661629
4193.0,1346150.0,0.8317514970753579
4194.0,1318410.0,0.8145426483576441
4195.0,1248010.0,0.7709826451599061
4196.0,1241650.0,0.7669886133992331
4197.0,1280730.0,0.7910619208395482
4198.0,1306860.0,0.8071330274530413
4199.0,1347130.0,0.8319336629918459
4200.0,1387420.0,0.8567423872629935
4201.0,1379620.0,0.8518534217752011
4202.0,1399300.0,0.863931446862888
4203.0,1443860.0,0.8913670139279736
4204.0,1431760.0,0.88382175556339
4205.0,1373820.0,0.8479831980405454
4206.0,1346380.0,0.8309750270559868
4207.0,1370480.0,0.8457770279078453
4208.0,1431200.0,0.8831741000711496
4209.0,1446060.0,0.8922674950114355
4210.0,1388820.0,0.8568749131224844
4211.0,1327720.0,0.8191069526519011
4212.0,1300010.0,0.8019428056916673
4213.0,1296810.0,0.7998997784766622
4214.0,1288210.0,0.7945264274847177
4215.0,1251130.0,0.7715898455886376
4216.0,1236370.0,0.7624209732650262
4217.0,1286350.0,0.7931727043132419
4218.0,1355500.0,0.8357382593654167
4219.0,1450340.0,0.8941340967838909
4220.0,1553970.0,0.9579380951627723
4221.0,1565910.0,0.9652137598940437
4222.0,1497120.0,0.9227310155516001
4223.0,1415100.0,0.8721021173819626
4224.0,1390130.0,0.8566377913120753
4225.0,1415080.0,0.8719353963311514
4226.0,1399890.0,0.8624990437075915
4227.0,1390720.0,0.8567728545139542
4228.0,1456630.0,0.8972974276936558
4229.0,1484350.0,0.91429121921031
4230.0,1416300.0,0.872297099370784
4231.0,1366070.0,0.8412846148797778
4232.0,1395950.0,0.8596082021073992
4233.0,1472710.0,0.906793692386925
4234.0,1548400.0,0.9533115470404638
4235.0,1496130.0,0.9210460070419757
4236.0,1277570.0,0.7864241877609487
4237.0,1141440.0,0.7025629918075744
4238.0,1209630.0,0.7444655596499271
4239.0,1333900.0,0.8208712937183
4240.0,1416480.0,0.871609242176377
4241.0,1408250.0,0.866464094369771
4242.0,1257190.0,0.7734477906576936
4243.0,1145110.0,0.7044276720294437
4244.0,1260790.0,0.7755162621664111
4245.0,1452640.0,0.8934390689277187
4246.0,1510110.0,0.9286972145546029
4247.0,1376750.0,0.8466016124592152
4248.0,1176530.0,0.7234112917826815
4249.0,1109220.0,0.6819586822809196
4250.0,1237250.0,0.7605989928984349
4251.0,1408580.0,0.8658397679555428
4252.0,1448490.0,0.8902849932778504
4253.0,1347890.0,0.8283718889107893
4254.0,1237720.0,0.7605897452891563
4255.0,1200040.0,0.7373619758593484
4256.0,1312010.0,0.806081436914133
4257.0,1478290.0,0.9081507993999149
4258.0,1452770.0,0.8923835230130199
4259.0,1343030.0,0.8248909400949973
4260.0,1330680.0,0.8172226159169692
4261.0,1306970.0,0.8025795288356582
4262.0,1284300.0,0.7885775968360919
4263.0,1296530.0,0.7960049962647809
4264.0,1246100.0,0.7649642966556867
4265.0,1252380.0,0.7687395255268401
4266.0,1308190.0,0.802913018768317
4267.0,1249560.0,0.7668477398682212
4268.0,1198160.0,0.7352261740351357
4269.0,1186320.0,0.7278834915829936
4270.0,1119360.0,0.6867259077927926
4271.0,1108890.0,0.6802295591650811
4272.0,1166850.0,0.7157068903436298
4273.0,1145770.0,0.7027008783038409
4274.0,1048520.0,0.6429872987199725
4275.0,1042140.0,0.6390047810352758
4276.0,1151910.0,0.706234119049128
4277.0,1284530.0,0.7874558929494402
4278.0,1322420.0,0.8105932174518509
4279.0,1164390.0,0.7136468007216333
4280.0,964045.0,0.5907900708482472
4281.0,1022230.0,0.6263762045032686
4282.0,1226540.0,0.751482395860035
4283.0,1336370.0,0.8186796513188123
4284.0,1267750.0,0.7765524489517238
4285.0,1058350.0,0.6482105495046351
4286.0,960958.0,0.5884919149307145
4287.0,1101970.0,0.6747686279101648
4288.0,1241680.0,0.7602273947000421
4289.0,1211870.0,0.7418878864593497
4290.0,1174710.0,0.7190531976926523
4291.0,1193490.0,0.7304608480359642
4292.0,1257740.0,0.7696912028384809
4293.0,1323600.0,0.8098966172623367
4294.0,1289470.0,0.7889162985122582
4295.0,1192150.0,0.7292847425611826
4296.0,1063760.0,0.6506629765653762
4297.0,900358.0,0.5506473535031048
4298.0,813416.0,0.4974123893095808
4299.0,713778.0,0.4364276642602996
4300.0,620887.0,0.3795828402815222
4301.0,662183.0,0.40477770455957535
4302.0,715692.0,0.4374303668440511
4303.0,693659.0,0.42390901922486957
4304.0,672004.0,0.4106218041551317
4305.0,697454.0,0.42611702324929035
4306.0,758276.0,0.46321587851672275
4307.0,747266.0,0.4564296049374634
4308.0,630090.0,0.3848072678139154
4309.0,536314.0,0.3274926409416684
4310.0,497200.0,0.3035672371946156
4311.0,491289.0,0.29991750606794965
4312.0,567757.0,0.34655159242928596
4313.0,765397.0,0.4671242436056524
4314.0,1024740.0,0.6253155281723854
4315.0,1293540.0,0.7892323511807411
4316.0,1524420.0,0.9299696203960367
4317.0,1619740.0,0.9879799961785789
4318.0,1616690.0,0.9859795933931045
4319.0,1627440.0,0.9923939273332039
4320.0,1621070.0,0.9883674222469737
4321.0,1532160.0,0.9340237424833788
4322.0,1319920.0,0.8045224100576561
4323.0,993707.0,0.6055991000157257
4324.0,827840.0,0.5044396394451942
4325.0,938372.0,0.5717067985256031
4326.0,1135440.0,0.6916678811610332
4327.0,1278310.0,0.77858187888263
4328.0,1324090.0,0.806343105619444
4329.0,1328470.0,0.8088872059247995
4330.0,1357490.0,0.8264303759853149
4331.0,1410000.0,0.8582656558679294
4332.0,1417550.0,0.862727348368384
4333.0,1372930.0,0.8354408306303128
4334.0,1344470.0,0.8179939718057571
4335.0,1377730.0,0.8380971180686329
4336.0,1413020.0,0.8594276904473181
4337.0,1323850.0,0.8050635579897669
4338.0,1163730.0,0.7075767018074649
4339.0,1039660.0,0.6320363889860414
4340.0,967094.0,0.587825518089166
4341.0,996422.0,0.6055522116066029
4342.0,1115830.0,0.6780073468459812
4343.0,1210570.0,0.735451247526747
4344.0,1311430.0,0.7965925581275657
4345.0,1416130.0,0.8600445196634576
4346.0,1416290.0,0.859995551485608
4347.0,1365150.0,0.828800721263468
4348.0,1373620.0,0.8337994512275456
4349.0,1453230.0,0.8819706342633046
4350.0,1429640.0,0.8675025266070833
4351.0,1265180.0,0.76757385839991
4352.0,1107490.0,0.6717860492883192
4353.0,1076830.0,0.6530721000746121
4354.0,1104580.0,0.6697820141076932
4355.0,1081040.0,0.6553901230570591
4356.0,1084720.0,0.6575020289866604
4357.0,1166750.0,0.7070955044410955
4358.0,1200490.0,0.7274097585661767
4359.0,1162040.0,0.7039818358936633
4360.0,1199210.0,0.726364990981007
4361.0,1296320.0,0.7850379563381522
4362.0,1261080.0,0.7635532398738735
4363.0,1152560.0,0.6977148401221421
4364.0,1202150.0,0.727595969590577
4365.0,1319650.0,0.798559104763669
4366.0,1277990.0,0.7732001130103615
4367.0,1203870.0,0.7282150702886884
4368.0,1270490.0,0.7683629277081806
4369.0,1302240.0,0.7874096369601749
4370.0,1201650.0,0.7264432407568788
4371.0,1124110.0,0.6794319499434259
4372.0,1132060.0,0.6840998742560057
4373.0,1168680.0,0.7060867120140895
4374.0,1177110.0,0.7110355007741853
4375.0,1176370.0,0.7104433115858881
4376.0,1187850.0,0.7172289109941833
4377.0,1206870.0,0.7285624974932956
4378.0,1246090.0,0.752082187456144
4379.0,1287590.0,0.7769668551134723
4380.0,1278860.0,0.771536252808079
4381.0,1262930.0,0.7617640582898891
4382.0,1251410.0,0.7546544009711149
4383.0,1238000.0,0.7464072433072159
4384.0,1247700.0,0.7520929334940935
4385.0,1231110.0,0.7419313830775072
4386.0,1220510.0,0.735382327812728
4387.0,1239850.0,0.7468706087281256
4388.0,1285720.0,0.7743305737200845
4389.0,1282710.0,0.7723456046637784
4390.0,1238490.0,0.7455526150894374
4391.0,1235150.0,0.7433742132381509
4392.0,1249720.0,0.7519724039005806
4393.0,1251820.0,0.7530639499531138
4394.0,1242960.0,0.7475621539240072
4395.0,1239380.0,0.7452366579025922
4396.0,1255320.0,0.7546457549599958
4397.0,1294630.0,0.7780951276654741
4398.0,1309380.0,0.7867748310341142
4399.0,1278140.0,0.7678215326403579
4400.0,1276600.0,0.766713628281114
4401.0,1345580.0,0.8079485804856621
4402.0,1398210.0,0.8393475560673609
4403.0,1373530.0,0.824332024437646
4404.0,1341270.0,0.8047744792152014
4405.0,1347330.0,0.8082119928366228
4406.0,1371970.0,0.8227892561036971
4407.0,1411000.0,0.8459857651792541
4408.0,1436560.0,0.8610952859434452
4409.0,1432030.0,0.8581640387340329
4410.0,1452120.0,0.8699830792092826
4411.0,1518750.0,0.9096703535510386
4412.0,1563090.0,0.9359885398975295
4413.0,1540050.0,0.9219545389771353
4414.0,1495450.0,0.8950227237897068
4415.0,1457680.0,0.872190147013134
4416.0,1446860.0,0.8654891794211625
4417.0,1461400.0,0.8739563028477687
4418.0,1498980.0,0.8961924219712407
4419.0,1572020.0,0.9396100131190298
4420.0,1612210.0,0.963373386706459
4421.0,1572130.0,0.9391701400742937
4422.0,1560120.0,0.9317425561886378
4423.0,1622410.0,0.9686791798390892
4424.0,1645640.0,0.9822791456353981
4425.0,1602620.0,0.9563364234305795
4426.0,1569810.0,0.9364974283020594
4427.0,1570000.0,0.9363491409414758
4428.0,1595940.0,0.9515523680839063
4429.0,1608250.0,0.9586210629743797
4430.0,1595080.0,0.9505007167340658
4431.0,1626050.0,0.9686786854068321
4432.0,1673300.0,0.9965401996035753
4433.0,1671540.0,0.9952042926563668
4434.0,1628830.0,0.9694936559417106
4435.0,1575830.0,0.9376734262051385
4436.0,1587770.0,0.9445004145015563
4437.0,1662070.0,0.9884062275958431
4438.0,1701880.0,1.0117797731581093
4439.0,1677360.0,0.9969044699168098
4440.0,1632980.0,0.9702365889522085
4441.0,1604210.0,0.9528550821540106
4442.0,1601150.0,0.950748942830655
4443.0,1620280.0,0.961814797350324
4444.0,1653600.0,0.9812931469309196
4445.0,1686710.0,1.0006334598839137
4446.0,1688810.0,1.0015694847359655
4447.0,1651860.0,0.9793515708587391
4448.0,1624310.0,0.9627173902519841
4449.0,1633830.0,0.968056498623427
4450.0,1651940.0,0.9784789519600519
4451.0,1674170.0,0.9913330989742768
4452.0,1688880.0,0.9997263554845003
4453.0,1674680.0,0.9910052526848789
4454.0,1638130.0,0.9690668763070275
4455.0,1615090.0,0.9551308592913833
4456.0,1637650.0,0.9681608445930724
4457.0,1677140.0,0.9911868756611455
4458.0,1702370.0,1.0057719534537575
4459.0,1701620.0,1.0050022438984934
4460.0,1694450.0,1.0004414000864044
4461.0,1675460.0,0.9889059294488652
4462.0,1655170.0,0.9766099113902532
4463.0,1664500.0,0.98179207421919
4464.0,1675890.0,0.9881845083617665
4465.0,1679520.0,0.9899975987784438
4466.0,1692000.0,0.9970234704616827
4467.0,1689840.0,0.9954198920111231
4468.0,1653030.0,0.9734122929181165
4469.0,1616930.0,0.9518364669961309
4470.0,1618220.0,0.9522772176071418
4471.0,1644520.0,0.9674296421195693
4472.0,1670320.0,0.9822770913397728
4473.0,1675270.0,0.9848565200112701
4474.0,1674190.0,0.983889763098104
4475.0,1681020.0,0.9875699412983477
4476.0,1687130.0,0.9908241066455715
4477.0,1694760.0,0.9949677807503388
4478.0,1713870.0,1.0058454572986797
4479.0,1731510.0,1.0158527040807037
4480.0,1731310.0,1.0153896359745016
4481.0,1710810.0,1.003024703440843
4482.0,1678330.0,0.9836463564281535
4483.0,1679950.0,0.9842594624811422
4484.0,1711340.0,1.002307546349758
4485.0,1725130.0,1.0100382889772361
4486.0,1715220.0,1.003892061138732
4487.0,1704160.0,0.9970767999279352
4488.0,1703900.0,0.9965825823776152
4489.0,1705490.0,0.9971700226949423
4490.0,1710830.0,0.9999485475290991
4491.0,1723400.0,1.0069492194833745
4492.0,1725140.0,1.0076192273785267
4493.0,1709610.0,0.9982049469196554
4494.0,1677430.0,0.979078694849474
4495.0,1656380.0,0.9664595201860158
4496.0,1668850.0,0.9734002900180982
4497.0,1691480.0,0.9862601960144909
4498.0,1699570.0,0.9906361464146595
4499.0,1700960.0,0.9911050877932006
4500.0,1694160.0,0.9868031934135822
4501.0,1667730.0,0.9710742097838431
4502.0,1669010.0,0.9714852783729034
4503.0,1705190.0,0.9922034418438432
4504.0,1729610.0,1.0060669426480682
4505.0,1730940.0,1.0064947846357453
4506.0,1722680.0,1.0013480224392097
4507.0,1726480.0,1.0032126707324418
4508.0,1739400.0,1.0103737728050415
4509.0,1750300.0,1.0163571846468349
4510.0,1743430.0,1.0120216271290892
4511.0,1714300.0,0.9947722571476126
4512.0,1699720.0,0.9859751004568251
4513.0,1701220.0,0.9865087442657797
4514.0,1692730.0,0.9812512692657656
4515.0,1689510.0,0.9790516045210574
4516.0,1703810.0,0.9870029778214902
4517.0,1710810.0,0.9907219410913849
4518.0,1714260.0,0.9923837005899601
4519.0,1733040.0,1.002916294919963
4520.0,1744460.0,1.0091844204908964
4521.0,1736700.0,1.0043567644132536
4522.0,1713780.0,0.9907685922925482
4523.0,1702250.0,0.9837726476187096
4524.0,1705260.0,0.9851821640924722
4525.0,1710860.0,0.9880871455596735
4526.0,1717430.0,0.9915508240877443
4527.0,1699690.0,0.9809822297627683
4528.0,1677540.0,0.9678769126561922
4529.0,1689580.0,0.9745007570850188
4530.0,1709070.0,0.9854164485999186
4531.0,1701450.0,0.9806997275602987
4532.0,1682620.0,0.9695276514579155
4533.0,1646460.0,0.9483813837279774
4534.0,1629590.0,0.9383573809277983
4535.0,1664250.0,0.9580032698872661
4536.0,1706220.0,0.9818437555942621
4537.0,1738780.0,1.0002564375556426
4538.0,1753580.0,1.0084447631966742
4539.0,1755540.0,1.0092471496503306
4540.0,1745630.0,1.0032282178075655
4541.0,1725120.0,0.9911241808371076
4542.0,1729200.0,0.9931519483427282
4543.0,1752390.0,1.0061516643176818
4544.0,1756060.0,1.0079401797756968
4545.0,1752050.0,1.005321914886015
4546.0,1758100.0,1.008477023056675
4547.0,1753940.0,1.0057765151182116
4548.0,1715600.0,0.9834848506671646
4549.0,1652430.0,0.9469785731479139
4550.0,1635260.0,0.9368496865646295
4551.0,1675420.0,0.9595628046938139
4552.0,1702170.0,0.9745852780545455
4553.0,1701040.0,0.9736418972394474
4554.0,1696310.0,0.9706404408955116
4555.0,1710750.0,0.978608016957611
4556.0,1731230.0,0.9900262066486717
4557.0,1747080.0,0.9987920228276195
4558.0,1751310.0,1.0009129607998928
4559.0,1749070.0,0.9993374443397787
4560.0,1749030.0,0.9990209471735572
4561.0,1754300.0,1.0017382524003549
4562.0,1747180.0,0.9973826439659503
4563.0,1720900.0,0.9820967353360357
4564.0,1711530.0,0.976468749608049
4565.0,1735260.0,0.9897245062017522
4566.0,1762740.0,1.0051125780580192
4567.0,1776070.0,1.0124275691107767
4568.0,1775250.0,1.0116763737795251
4569.0,1766630.0,1.0064835162193646
4570.0,1744090.0,0.9933669888631559
4571.0,1700270.0,0.9681425046185452
4572.0,1681060.0,0.9569428056612627
4573.0,1716070.0,0.9766072788036438
4574.0,1748670.0,0.9948917658274994
4575.0,1748590.0,0.9945802392096947
4576.0,1736780.0,0.9876006196474297
4577.0,1735200.0,0.9864422207352757
4578.0,1748090.0,0.9935102249037989
4579.0,1758320.0,0.9990651022791572
4580.0,1754910.0,0.9968709350095118
4581.0,1754450.0,0.9963552065972773
4582.0,1756460.0,0.9972441303877483
4583.0,1741140.0,0.9882978855904556
4584.0,1728680.0,0.9809811500339047
4585.0,1737870.0,0.9859528937787136
4586.0,1750180.0,0.9926939497814278
4587.0,1759790.0,0.9979028119888066
4588.0,1759880.0,0.9977142469548164
4589.0,1746570.0,0.989933032139445
4590.0,1737300.0,0.9844469923396882
4591.0,1743180.0,0.9875485456417447
4592.0,1746230.0,0.9890480308356177
4593.0,1750120.0,0.9910247707564077
4594.0,1761910.0,0.9974753761436956
4595.0,1771500.0,1.002680219442948
4596.0,1773610.0,1.0036523468702387
4597.0,1769790.0,1.001271523862323
4598.0,1769520.0,1.0009021775740432
4599.0,1771580.0,1.0018530985450187
4600.0,1765040.0,0.9979437117882035
4601.0,1754670.0,0.9918734620330961
4602.0,1741490.0,0.9842201446085141
4603.0,1731100.0,0.9781489556789997
4604.0,1741060.0,0.9835790920218681
4605.0,1753050.0,0.9901561664652199
4606.0,1755230.0,0.9911933811467082
4607.0,1757800.0,0.9924528946837471
4608.0,1764770.0,0.9961981830879217
4609.0,1767730.0,0.9976813532232228
4610.0,1763190.0,0.9949343356540375
4611.0,1760060.0,0.9929862699749689
4612.0,1760760.0,0.9932017491539743
4613.0,1759030.0,0.9920491016170626
4614.0,1761240.0,0.9931209234135145
4615.0,1762050.0,0.9934054570304397
4616.0,1752260.0,0.9877172236575334
4617.0,1748380.0,0.9853640478424578
4618.0,1743640.0,0.9825293611423558
4619.0,1736880.0,0.97855982202111
4620.0,1742200.0,0.9813986144520672
4621.0,1751110.0,0.9862607032943843
4622.0,1753770.0,0.9876039208030826
4623.0,1755570.0,0.9884647272313116
4624.0,1755720.0,0.9883985976975506
4625.0,1750190.0,0.9851375538669553
4626.0,1748280.0,0.9839169559245702
4627.0,1744520.0,0.9816578536268571
4628.0,1731900.0,0.9744166422275756
4629.0,1716890.0,0.9658350957677666
4630.0,1721900.0,0.9685186842618211
4631.0,1738860.0,0.9779241880616569
4632.0,1743500.0,0.9804014297829562
4633.0,1741070.0,0.9789049893654092
4634.0,1732580.0,0.9740042154041542
4635.0,1725500.0,0.9698992644838922
4636.0,1722720.0,0.9682140441787715
4637.0,1721400.0,0.9673516529990215
4638.0,1728130.0,0.9710146004404558
4639.0,1735580.0,0.9750830896894875
4640.0,1739490.0,0.9771639135088573
4641.0,1745170.0,0.9802403358538518
4642.0,1742500.0,0.9786283832711906
4643.0,1741630.0,0.9780294753872038
4644.0,1741480.0,0.9778368322412934
4645.0,1732440.0,0.9726548972690493
4646.0,1722560.0,0.9670043349952901
4647.0,1719050.0,0.9649323453343182
4648.0,1721910.0,0.9664377708764503
4649.0,1728850.0,0.9702343409769919
4650.0,1730820.0,0.9712429889609838
4651.0,1723530.0,0.9670574572986957
4652.0,1717450.0,0.963553293671324
4653.0,1713520.0,0.9612575918818614
4654.0,1709690.0,0.959020070424591
4655.0,1708440.0,0.9582316705307949
4656.0,1708600.0,0.9582358041026146
4657.0,1714140.0,0.9612585464869504
4658.0,1721330.0,0.9652075666021995
4659.0,1730430.0,0.9702284072862065
4660.0,1735950.0,0.9732428924220364
4661.0,1732930.0,0.9714709695492263
4662.0,1729690.0,0.9695775534801855
4663.0,1727330.0,0.9681792047510112
4664.0,1727650.0,0.9682846189417815
4665.0,1727730.0,0.9682570050534645
4666.0,1716780.0,0.9620498719837375
4667.0,1705610.0,0.9557218114623995
4668.0,1701900.0,0.9535759151079805
4669.0,1707750.0,0.9567878261185194
4670.0,1709920.0,0.9579390641053953
4671.0,1706980.0,0.9562289661961325
4672.0,1705140.0,0.9551366152593378
4673.0,1700260.0,0.9523429904678171
4674.0,1698870.0,0.9515057185561852
4675.0,1692050.0,0.9476287920471465
4676.0,1675740.0,0.9384390695416697
4677.0,1654530.0,0.926507757534853
4678.0,1635080.0,0.9155645400048836
4679.0,1635620.0,0.915816535224438
4680.0,1650840.0,0.9242888652148095
4681.0,1665300.0,0.932335973408628
4682.0,1665800.0,0.932568159033067
4683.0,1658600.0,0.928490980910658
4684.0,1651370.0,0.9243985420577995
4685.0,1665360.0,0.9321855049473728
4686.0,1692890.0,0.9475515057747981
4687.0,1706840.0,0.9553164944571562
4688.0,1710760.0,0.95746835602079
4689.0,1708890.0,0.9563807403951212
4690.0,1701830.0,0.9523898208890521
4691.0,1692860.0,0.9473314336488573
4692.0,1684520.0,0.9426270146521228
4693.0,1673050.0,0.9361725437025447
4694.0,1659370.0,0.9284829631316482
4695.0,1646650.0,0.9213320475596185
4696.0,1627610.0,0.9106465462060944
4697.0,1620210.0,0.9064750474085772
4698.0,1654640.0,0.9257069863315756
4699.0,1696690.0,0.9492015073030483
4700.0,1711450.0,0.9574287038840158
4701.0,1706370.0,0.9545576195645535
4702.0,1688020.0,0.9442644528491799
4703.0,1672900.0,0.9357795188994942
4704.0,1681550.0,0.9405918784377781
4705.0,1696120.0,0.9487161084513365
4706.0,1698730.0,0.9501511200018905
4707.0,1691880.0,0.9462957165598241
4708.0,1686380.0,0.9431963338040621
4709.0,1685460.0,0.9426593965178499
4710.0,1683030.0,0.9412787127062135
4711.0,1675590.0,0.9370968980683724
4712.0,1659380.0,0.9280113270057089
4713.0,1626480.0,0.9095930965101982
4714.0,1588050.0,0.8880837279461921
4715.0,1598640.0,0.8939887032254735
4716.0,1665260.0,0.9312264783906818
4717.0,1715110.0,0.9590857609430312
4718.0,1727930.0,0.966237943814784
4719.0,1726550.0,0.9654501526108901
4720.0,1722450.0,0.9631420367087471
4721.0,1712470.0,0.9575466998619634
4722.0,1704070.0,0.9528355488676871
4723.0,1713510.0,0.9581002146434351
4724.0,1731420.0,0.9681011461161354
4725.0,1739970.0,0.9728688650670897
4726.0,1737460.0,0.9714530626492999
4727.0,1732260.0,0.968533755441477
4728.0,1729920.0,0.9672140337953857
4729.0,1730310.0,0.9674211397275764
4730.0,1730840.0,0.967706944983386
4731.0,1726100.0,0.9650467495519167
4732.0,1711800.0,0.9570421504519053
4733.0,1689660.0,0.9446549001938886
4734.0,1667010.0,0.9319831127935176
4735.0,1641590.0,0.9177632688128431
4736.0,1613730.0,0.9021798704829669
4737.0,1638490.0,0.9160147844461625
4738.0,1714090.0,0.95827216281784
4739.0,1762540.0,0.9853509139513369
4740.0,1771590.0,0.9904030594335098
4741.0,1766950.0,0.9878020832118127
4742.0,1761000.0,0.9844690418692122
4743.0,1756060.0,0.9817008952593368
4744.0,1757610.0,0.9825611119798552
4745.0,1771570.0,0.9903590582176371
4746.0,1786050.0,0.9984477773855991
4747.0,1791980.0,1.0017569186841886
4748.0,1791670.0,1.0015778854104467
4749.0,1786850.0,0.9988778184559212
4750.0,1781830.0,0.9960660884263781
4751.0,1778480.0,0.9941880282148404
4752.0,1778900.0,0.9944175201975578
4753.0,1782030.0,0.9961619697951595
4754.0,1783380.0,0.9969114216167243
4755.0,1786010.0,0.9983764091899479
4756.0,1787930.0,0.9994445040268682
4757.0,1789060.0,1.0000709761796063
4758.0,1791400.0,1.0013737947585946
4759.0,1791290.0,1.0013070414506384
4760.0,1784870.0,0.9977130444467435
4761.0,1771910.0,0.9904632784862463
4762.0,1760610.0,0.9841414035200001
4763.0,1761800.0,0.9848010822802267
4764.0,1770890.0,0.9898765030634589
4765.0,1778300.0,0.9940126588176078
4766.0,1782080.0,0.9961195733468401
4767.0,1785580.0,0.9980698186915438
4768.0,1789100.0,1.000031107624415
4769.0,1788880.0,0.9999017953317252
4770.0,1780470.0,0.9951946151865474
4771.0,1765910.0,0.9870499308407914
4772.0,1756510.0,0.981789481247731
4773.0,1762550.0,0.9851591335601253
4774.0,1778210.0,0.9939057358605038
4775.0,1786370.0,0.9984602839943802
4776.0,1786150.0,0.9983310247536822
4777.0,1788350.0,0.9995544656195751
4778.0,1788520.0,0.9996434017449881
4779.0,1777810.0,0.993651445771083
4780.0,1766540.0,0.9873467351764879
4781.0,1770860.0,0.989755731455014
4782.0,1775280.0,0.9922208059298903
4783.0,1767420.0,0.9878227187394476
4784.0,1766980.0,0.987572001706675
4785.0,1778890.0,0.9942240009662598
4786.0,1784360.0,0.9972769397357345
4787.0,1780030.0,0.9948529970780999
4788.0,1771360.0,0.990003823626905
4789.0,1764570.0,0.9862057774946177
4790.0,1770890.0,0.9897352178713065
4791.0,1781780.0,0.9958191896563011
4792.0,1782830.0,0.9964041151820214
4793.0,1778210.0,0.9938206138902105
4794.0,1775110.0,0.9920871214026514
4795.0,1774770.0,0.9918966763389218
4796.0,1774460.0,0.9917235367425411
4797.0,1772980.0,0.9908970600510608
4798.0,1770320.0,0.9894116777722327
4799.0,1772010.0,0.9903580676716088
4800.0,1778690.0,0.9940939587759009
4801.0,1783100.0,0.9965618406451048
4802.0,1782000.0,0.9959509095546787
4803.0,1772410.0,0.9905956369911877
4804.0,1753710.0,0.980149451100644
4805.0,1743900.0,0.974672541056977
4806.0,1752890.0,0.9797037832393611
4807.0,1763930.0,0.9858816520392617
4808.0,1773120.0,0.9910264365274271
4809.0,1778630.0,0.9941153193356713
4810.0,1777240.0,0.9933485272446181
4811.0,1772930.0,0.9909505202182066
4812.0,1769910.0,0.9892744002783818
4813.0,1765710.0,0.9869396109767331
4814.0,1754210.0,0.9805253354981834
4815.0,1751060.0,0.9787791917565254
4816.0,1764670.0,0.9864023664206657
4817.0,1772870.0,0.9910027181305342
4818.0,1771740.0,0.9903888813490984
4819.0,1769660.0,0.9892450399503748
4820.0,1770340.0,0.9896451255329407
4821.0,1767970.0,0.9883413146093082
4822.0,1755190.0,0.9812189926945863
4823.0,1738080.0,0.9716768010018488
4824.0,1733160.0,0.9689503223001845
4825.0,1745850.0,0.9760702922925744
4826.0,1755660.0,0.9815816623754249
4827.0,1757420.0,0.9825937379911334
4828.0,1758890.0,0.9834449951242396
4829.0,1761520.0,0.9849462068538755
4830.0,1762470.0,0.9855094377713798
4831.0,1755140.0,0.9814440155268802
4832.0,1746560.0,0.9766806691927582
4833.0,1744770.0,0.9757154806176864
4834.0,1746540.0,0.9767425274698454
4835.0,1748790.0,0.9780395242952602
4836.0,1754200.0,0.981105427263275
4837.0,1758830.0,0.9837367969798962
4838.0,1753860.0,0.9810002532160179
4839.0,1740340.0,0.9734824278150053
4840.0,1733980.0,0.9699706669403061
4841.0,1736100.0,0.9712039746669406
4842.0,1734240.0,0.9702123864051118
4843.0,1733680.0,0.9699496082586996
4844.0,1745160.0,0.9764248537325713
4845.0,1751390.0,0.9799648959797587
4846.0,1744140.0,0.9759640472127443
4847.0,1741860.0,0.9747456445804009
4848.0,1744660.0,0.9763717560812316
4849.0,1747980.0,0.9782908387595018
4850.0,1751010.0,0.980049619440005
4851.0,1741140.0,0.9745897490489862
4852.0,1727970.0,0.9672836799556515
4853.0,1726070.0,0.9662875870994606
4854.0,1726370.0,0.9665248830469406
4855.0,1718980.0,0.9624584375286835
4856.0,1704330.0,0.9543280735068517
4857.0,1683960.0,0.9429952227180534
4858.0,1645560.0,0.9215651086668003
4859.0,1551800.0,0.8691275360112602
4860.0,1363570.0,0.7637681627435292
4861.0,1183250.0,0.6628234714094842
4862.0,1238740.0,0.6939683937977731
4863.0,1458370.0,0.8170833063337053
4864.0,1614070.0,0.9044009285993801
4865.0,1679990.0,0.9414262243739446
4866.0,1704570.0,0.9552924610055428
4867.0,1716620.0,0.9621406327735742
4868.0,1731460.0,0.9705562336887619
4869.0,1741070.0,0.9760438061918079
4870.0,1725300.0,0.9673052216222912
4871.0,1693130.0,0.9493711997620466
4872.0,1692750.0,0.9492627183797989
4873.0,1729000.0,0.9697001803977902
4874.0,1750500.0,0.9818711885000119
4875.0,1747170.0,0.9801183754362928
4876.0,1746170.0,0.9796747496626578
4877.0,1743770.0,0.9784478589484092
4878.0,1733300.0,0.9726943552083337
4879.0,1741200.0,0.9772520277147282
4880.0,1757440.0,0.9864947824181793
4881.0,1755930.0,0.9857776329767114
4882.0,1751590.0,0.9834738474339518
4883.0,1752330.0,0.9840246661522005
4884.0,1749320.0,0.9824720941907079
4885.0,1747700.0,0.9817024526613062
4886.0,1746580.0,0.9812160984783066
4887.0,1747520.0,0.9818897012055444
4888.0,1747940.0,0.9822739461399247
4889.0,1737730.0,0.976686430385245
4890.0,1708400.0,0.9603518483876708
4891.0,1684510.0,0.9470732814842144
4892.0,1713190.0,0.9633540520451176
4893.0,1758130.0,0.9887876400567255
4894.0,1776380.0,0.9992193071783679
4895.0,1778490.0,1.000577031290969
4896.0,1776030.0,0.9993666012292427
4897.0,1774060.0,0.9984344407499091
4898.0,1772050.0,0.9974823770412422
4899.0,1768240.0,0.9955195340118331
4900.0,1764340.0,0.9935082727413357
4901.0,1761500.0,0.992096264234721
4902.0,1755650.0,0.9889911497492112
4903.0,1748770.0,0.985307538812682
4904.0,1751360.0,0.9869622573188127
4905.0,1759740.0,0.991884257476268
4906.0,1760950.0,0.9927690697635431
4907.0,1756960.0,0.9907250287896688
4908.0,1754780.0,0.9897039120277401
4909.0,1748630.0,0.9864456605834021
4910.0,1737500.0,0.9803788714765597
4911.0,1730960.0,0.9769026429205352
4912.0,1735560.0,0.9797160418219745
4913.0,1746410.0,0.9860622208043229
4914.0,1759400.0,0.9936224320804224
4915.0,1772020.0,1.0009796585381887
4916.0,1774270.0,1.0024836433307796
4917.0,1764440.0,0.997163862851211
4918.0,1744130.0,0.9859198581019577
4919.0,1718390.0,0.9716026161496587
4920.0,1707240.0,0.9655321116329473
4921.0,1719800.0,0.9728733361416712
4922.0,1737360.0,0.9830494597233066
4923.0,1728340.0,0.9781892505909738
4924.0,1717940.0,0.9725474238828932
4925.0,1740260.0,0.985432631065628
4926.0,1760640.0,0.9972275349523188
4927.0,1760800.0,0.9975748476541051
4928.0,1763060.0,0.9991142701135297
4929.0,1770450.0,1.0035642131381608
4930.0,1768070.0,1.0024787698668423
4931.0,1754720.0,0.9951729418655088
4932.0,1736760.0,0.9852496699561764
4933.0,1710370.0,0.9705391217212216
4934.0,1690920.0,0.9597612879030131
4935.0,1704640.0,0.9678113644002798
4936.0,1720410.0,0.9770314302783456
4937.0,1721290.0,0.977799459365288
4938.0,1714040.0,0.9739495996187736
4939.0,1707260.0,0.9703659956563363
4940.0,1718130.0,0.9768162253411983
4941.0,1733680.0,0.9859326882287469
4942.0,1745170.0,0.9927458216889503
4943.0,1756620.0,0.9995410875339666
4944.0,1766430.0,1.0054077571552533
4945.0,1769840.0,1.0076349607842623
4946.0,1765960.0,1.005712691132457
4947.0,1770930.0,1.0088316828052537
4948.0,1779020.0,1.0137311159492808
4949.0,1771730.0,1.0098676719983877
4950.0,1753380.0,0.9996967845071052
4951.0,1750090.0,0.9981096495454277
4952.0,1766410.0,1.0077093649795776
4953.0,1778870.0,1.0151124652280026
4954.0,1777820.0,1.01480861315596
4955.0,1765750.0,1.008212767367453
4956.0,1733340.0,0.9899962460193874
4957.0,1690030.0,0.9655420208140241
4958.0,1694830.0,0.9685678007737463
4959.0,1741670.0,0.9956277512468339
4960.0,1765970.0,1.0098149031048158
4961.0,1769230.0,1.0119758584877319
4962.0,1773180.0,1.0145328910597924
4963.0,1775640.0,1.0162386307773699
4964.0,1772130.0,1.0145275141563184
4965.0,1761620.0,1.0088066376748632
4966.0,1758090.0,1.0070805313914788
4967.0,1764360.0,1.0109685020369616
4968.0,1769800.0,1.014382714472682
4969.0,1768800.0,1.0141063107990824
4970.0,1761320.0,1.0101130537079548
4971.0,1762480.0,1.0110734495259392
4972.0,1770900.0,1.0161998923774642
4973.0,1771710.0,1.016960590155613
4974.0,1763700.0,1.0126569313606255
4975.0,1760870.0,1.011325111015924
4976.0,1768390.0,1.0159378193850896
4977.0,1773790.0,1.0193340823014496
4978.0,1766200.0,1.015264382005841
4979.0,1752780.0,1.0078391897722514
4980.0,1749420.0,1.0061948607079656
4981.0,1741060.0,1.0016719393199025
4982.0,1721890.0,0.9909243462258023
4983.0,1712050.0,0.9855403337109436
4984.0,1722310.0,0.9917259094969855
4985.0,1742440.0,1.0035985749663103
4986.0,1754000.0,1.0105391065613403
4987.0,1754910.0,1.011344593122549
4988.0,1752070.0,1.0099873861823985
4989.0,1755740.0,1.0123816838770852
4990.0,1749810.0,1.0092387466965347
4991.0,1732580.0,0.9995732050474032
4992.0,1730720.0,0.9987705445974026
4993.0,1740430.0,1.0046444073299792
4994.0,1744910.0,1.0074998873616936
4995.0,1750630.0,1.0110712200323364
4996.0,1753250.0,1.0128516843366666
4997.0,1750280.0,1.0114009464419942
4998.0,1748000.0,1.0103462653274229
4999.0,1737330.0,1.004438293252694
5000.0,1728880.0,0.9998089991940747
5001.0,1727120.0,0.9990449916246211
5002.0,1731360.0,1.0017499388589894
5003.0,1743610.0,1.0090896486106449
5004.0,1746780.0,1.0111744436755323
5005.0,1718540.0,0.9950708108319068
5006.0,1690640.0,0.9791538113280248
5007.0,1702700.0,0.9863755429558557
5008.0,1729680.0,1.0022434410438459
5009.0,1736780.0,1.006594288366404
5010.0,1734300.0,1.005390873971123
5011.0,1728580.0,1.0023054791306063
5012.0,1715200.0,0.9947732840681739
5013.0,1705320.0,0.9892652385110701
5014.0,1701470.0,0.98725069001753
5015.0,1715850.0,0.9958123286337675
5016.0,1726970.0,1.0024823176435078
5017.0,1705160.0,0.9900326222014728
5018.0,1675920.0,0.9732597463433854
5019.0,1689610.0,0.9814127609661529
5020.0,1720290.0,0.9994366320435969
5021.0,1725960.0,1.0029315345623218
5022.0,1720240.0,0.999804601057134
5023.0,1724340.0,1.002381546246903
5024.0,1729120.0,1.0053513878288933
5025.0,1728710.0,1.0053006682155992
5026.0,1728380.0,1.005292876034882
5027.0,1729870.0,1.0063402118604323
5028.0,1734170.0,1.0090192034674736
5029.0,1734480.0,1.00937339419592
5030.0,1722550.0,1.002599660233163
5031.0,1720560.0,1.0016062785647473
5032.0,1730680.0,1.007659506051218
5033.0,1728100.0,1.0063151402818433
5034.0,1716770.0,0.9998701939175402
5035.0,1717290.0,1.000321855380129
5036.0,1722680.0,1.0036067012964027
5037.0,1716220.0,0.9999836822569856
5038.0,1708770.0,0.995778495289031
5039.0,1710670.0,0.997017286861317
5040.0,1691690.0,0.9860811617025625
5041.0,1660000.0,0.967728402152302
5042.0,1670860.0,0.9741751449606005
5043.0,1708610.0,0.9962986643551697
5044.0,1722720.0,1.0046364593207233
5045.0,1719710.0,1.0029864816544303
5046.0,1720830.0,1.0037404320627292
5047.0,1722160.0,1.0046122574499252
5048.0,1714070.0,0.9999838066579825
5049.0,1698250.0,0.9908396184002751
5050.0,1691210.0,0.9868121046599193
5051.0,1687330.0,0.9846230236124276
5052.0,1675920.0,0.9780342961531593
5053.0,1684540.0,0.9831295700495725
5054.0,1712210.0,0.9993390407193475
5055.0,1716530.0,1.0019161011099529
5056.0,1702120.0,0.9935551516329374
5057.0,1708650.0,0.9974116851993509
5058.0,1718330.0,1.0031020410202485
5059.0,1707910.0,0.9970532729658027
5060.0,1702780.0,0.9940869627213926
5061.0,1709910.0,0.9982725649347509
5062.0,1706740.0,0.9964393329449314
5063.0,1694210.0,0.9891357487798496
5064.0,1686500.0,0.9846405905104294
5065.0,1692020.0,0.987864122581692
5066.0,1697350.0,0.9909713182273375
5067.0,1688890.0,0.9860221268374741
5068.0,1686000.0,0.9843196829941249
5069.0,1681640.0,0.9817539252136116
5070.0,1677830.0,0.9795042733493805
5071.0,1692450.0,0.9880086863038846
5072.0,1698070.0,0.9912537508174863
5073.0,1687170.0,0.9848504089505675
5074.0,1685870.0,0.9840463154168275
5075.0,1689070.0,0.9858640450582961
5076.0,1684190.0,0.982961043525413
5077.0,1680800.0,0.9809233053100583
5078.0,1683120.0,0.9822134211082304
5079.0,1669780.0,0.9743608291839855
5080.0,1653900.0,0.9650229099908462
5081.0,1665240.0,0.9715632808537168
5082.0,1665330.0,0.9715352040492198
5083.0,1651730.0,0.963517033578423
5084.0,1664050.0,0.9706149356681575
5085.0,1679490.0,0.9795271176780392
5086.0,1677780.0,0.9784321427567922
5087.0,1676580.0,0.9776308098441638
5088.0,1676920.0,0.9777236410570223
5089.0,1669070.0,0.9730379951474442
5090.0,1673060.0,0.9752513756099946
5091.0,1675990.0,0.9768427277946402
5092.0,1668390.0,0.9722934565370845
5093.0,1668820.0,0.9724208487472205
5094.0,1665520.0,0.9703715355692567
5095.0,1652590.0,0.9627094333374289
5096.0,1646190.0,0.9588495873181775
5097.0,1638580.0,0.9542828840767907
5098.0,1634340.0,0.9516766664962437
5099.0,1647570.0,0.959239404630695
5100.0,1655590.0,0.9637639591308643
5101.0,1657880.0,0.9649490603743034
5102.0,1665580.0,0.9692791860625437
5103.0,1663470.0,0.967897065220143
5104.0,1659870.0,0.9656457456667691
5105.0,1656840.0,0.963723961522355
5106.0,1641040.0,0.954373535836594
5107.0,1625840.0,0.9453725629621011
5108.0,1623230.0,0.943691584398601
5109.0,1626430.0,0.9453859039001281
5110.0,1622840.0,0.9431311661426901
5111.0,1623250.0,0.9431991541826775
5112.0,1640620.0,0.9531177815158504
5113.0,1652400.0,0.9597836476683287
5114.0,1651060.0,0.9588256542753384
5115.0,1648960.0,0.9574246593948242
5116.0,1641330.0,0.9528119446164447
5117.0,1638690.0,0.9510952525339975
5118.0,1642000.0,0.9528300502467559
5119.0,1640680.0,0.9518761501193003
5120.0,1635210.0,0.9485136392700215
5121.0,1627440.0,0.9438169261234152
5122.0,1623000.0,0.9410513005036802
5123.0,1615110.0,0.9362852742459886
5124.0,1607900.0,0.9319138414510717
5125.0,1601250.0,0.9278673050709123
5126.0,1586710.0,0.9192500903573513
5127.0,1562090.0,0.9047966586532313
5128.0,1531390.0,0.8868272013643255
5129.0,1529610.0,0.8856082515413238
5130.0,1578730.0,0.9138523877261086
5131.0,1632330.0,0.9446761199125518
5132.0,1652870.0,0.9563569606075496
5133.0,1654120.0,0.9568729653466713
5134.0,1651200.0,0.9549761409617142
5135.0,1653070.0,0.9558490391826727
5136.0,1651940.0,0.9549865094871441
5137.0,1643490.0,0.949892912927949
5138.0,1627620.0,0.9405133249267208
5139.0,1611160.0,0.9307964711482313
5140.0,1615770.0,0.9332532610019805
5141.0,1627300.0,0.9397045831183021
5142.0,1624120.0,0.9376600966480971
5143.0,1625370.0,0.9381732426784469
5144.0,1635560.0,0.943844998040518
5145.0,1638460.0,0.945308095503038
5146.0,1636480.0,0.9439555436269379
5147.0,1633960.0,0.9422921294542868
5148.0,1630290.0,0.9399664188139406
5149.0,1629240.0,0.9391520780274192
5150.0,1623850.0,0.9358370597657271
5151.0,1615670.0,0.9309161692256404
5152.0,1616930.0,0.9314356485056814
5153.0,1616390.0,0.9309185518129541
5154.0,1611970.0,0.9281679693587328
5155.0,1616340.0,0.9304791824254487
5156.0,1622530.0,0.9338373700207785
5157.0,1623190.0,0.9340125877848486
5158.0,1617200.0,0.9303626611737355
5159.0,1609660.0,0.9258235007616347
5160.0,1596050.0,0.9177965452855005
5161.0,1564840.0,0.8996552929382705
5162.0,1514020.0,0.8702509623129043
5163.0,1442560.0,0.8289988701938197
5164.0,1373430.0,0.7891039495947604
5165.0,1403980.0,0.8064858524673247
5166.0,1520520.0,0.8732460938255376
5167.0,1570990.0,0.9020428825267762
5168.0,1590170.0,0.9128662746958411
5169.0,1640280.0,0.941438732818797
5170.0,1691380.0,0.9705689198645389
5171.0,1687020.0,0.967870416428898
5172.0,1638330.0,0.9397468317155796
5173.0,1640760.0,0.9409526791622935
5174.0,1704970.0,0.9775826043579615
5175.0,1751610.0,1.0041276587583152
5176.0,1763980.0,1.0110224062433526
5177.0,1765510.0,1.0117046874215823
5178.0,1766280.0,1.0119532820226673
5179.0,1766450.0,1.0118601567816041
5180.0,1765410.0,1.0110762143634267
5181.0,1758610.0,1.0069965290070322
5182.0,1725020.0,0.9875831701339738
5183.0,1661020.0,0.9507723258661538
5184.0,1648130.0,0.943227170236056
5185.0,1702040.0,0.9739100275904075
5186.0,1738750.0,0.9947445161101113
5187.0,1743800.0,0.9974647235776772
5188.0,1728270.0,0.9884167090520117
5189.0,1721590.0,0.9844349302101166
5190.0,1731940.0,0.9901936397147905
5191.0,1721750.0,0.9842119293608
5192.0,1704700.0,0.9743141331346933
5193.0,1713470.0,0.979177323416463
5194.0,1724710.0,0.9854532928294896
5195.0,1723610.0,0.9846807288101035
5196.0,1732410.0,0.9895664464636942
5197.0,1740050.0,0.9937914515835045
5198.0,1740480.0,0.9939012741157938
5199.0,1746360.0,0.9971261968038012
5200.0,1752680.0,1.0006048641078267
5201.0,1751060.0,0.9995537413051264
5202.0,1743610.0,0.9951788823130165
5203.0,1732990.0,0.988999489332766
5204.0,1710380.0,0.9759832176173834
5205.0,1690340.0,0.9644396276486676
5206.0,1693910.0,0.9663713459765547
5207.0,1706470.0,0.9734341750023672
5208.0,1700820.0,0.9701122272700978
5209.0,1706040.0,0.9729936115356626
5210.0,1729920.0,0.9865188878800654
5211.0,1746070.0,0.9956371214260937
5212.0,1755620.0,1.0009938803890175
5213.0,1759750.0,1.0032629307672098
5214.0,1754510.0,1.000193284788818
5215.0,1738530.0,0.9910052702069051
5216.0,1724410.0,0.9828819923601052
5217.0,1729470.0,0.985694471163635
5218.0,1746320.0,0.995228759027616
5219.0,1757420.0,1.0014881257705457
5220.0,1760540.0,1.0032025434273733
5221.0,1761090.0,1.003455442274172
5222.0,1761030.0,1.0033637924763046
5223.0,1759640.0,1.0025174223476017
5224.0,1754280.0,0.9994124151648798
5225.0,1732780.0,0.9871161579917405
5226.0,1681850.0,0.9580592541288558
5227.0,1650790.0,0.9403260667944882
5228.0,1689770.0,0.9624917697275257
5229.0,1733510.0,0.9873697104297515
5230.0,1745440.0,0.9941310047943164
5231.0,1744930.0,0.9938095448105663
5232.0,1728570.0,0.9844638849116826
5233.0,1712100.0,0.9750587859912438
5234.0,1720240.0,0.9796721253183693
5235.0,1737030.0,0.9892139567794851
5236.0,1749650.0,0.9963833528453523
5237.0,1754810.0,0.9993069232600209
5238.0,1755340.0,0.9995964288233481
5239.0,1754730.0,0.999239341011474
5240.0,1754830.0,0.9992891344211992
5241.0,1755810.0,0.999842581585842
5242.0,1755150.0,0.9994646483649604
5243.0,1754840.0,0.9992885122141986
5244.0,1755690.0,0.9997754002358122
5245.0,1754920.0,0.9993422206108981
5246.0,1752700.0,0.9980857378416971
5247.0,1750980.0,0.9971163492304348
5248.0,1751920.0,0.9976640843128459
5249.0,1751920.0,0.99767885978196
5250.0,1747900.0,0.9954066063909185
5251.0,1747360.0,0.9951184024250348
5252.0,1751060.0,0.9972471642797937
5253.0,1752050.0,0.9978348451957537
5254.0,1750270.0,0.9968471409811015
5255.0,1749210.0,0.9962716440542182
5256.0,1751760.0,0.997754425158464
5257.0,1754640.0,0.999427397892991
5258.0,1754790.0,0.999547556839907
5259.0,1753240.0,0.9987014365436412
5260.0,1750230.0,0.9970256167031699
5261.0,1741210.0,0.9919279329546346
5262.0,1728730.0,0.9848606487716948
5263.0,1721730.0,0.9809168062831085
5264.0,1717420.0,0.9785071641463098
5265.0,1709700.0,0.97415622928592
5266.0,1702060.0,0.9698523075083252
5267.0,1709850.0,0.9743424142398129
5268.0,1707160.0,0.9728625569355143
5269.0,1658420.0,0.94514024049454
5270.0,1627030.0,0.9273048708430346
5271.0,1671400.0,0.9526500779599262
5272.0,1722310.0,0.9817278868524562
5273.0,1734440.0,0.9887047831499408
5274.0,1735190.0,0.9891967584871273
5275.0,1731010.0,0.9868797833486852
5276.0,1726550.0,0.9844044877153946
5277.0,1737050.0,0.9904606033107743
5278.0,1748860.0,0.9972661829315791
5279.0,1751240.0,0.9986965915235773
5280.0,1746370.0,0.995993930730128
5281.0,1736220.0,0.9902808550237332
5282.0,1727250.0,0.9852414744152908
5283.0,1722070.0,0.9823647884273684
5284.0,1725010.0,0.9841215482911191
5285.0,1739000.0,0.9921845697046825
5286.0,1748420.0,0.9976426992804023
5287.0,1749830.0,0.998532260239147
5288.0,1749730.0,0.9985615792210879
5289.0,1750340.0,0.9989974612304233
5290.0,1751160.0,0.9995545919789729
5291.0,1751470.0,0.9998219706531545
5292.0,1750850.0,0.9995597164265942
5293.0,1749370.0,0.9988076239328102
5294.0,1748000.0,0.9981194048116881
5295.0,1746460.0,0.9973351522520572
5296.0,1741840.0,0.9947928628860663
5297.0,1735380.0,0.9912002467791655
5298.0,1733150.0,0.9900243147041563
5299.0,1738060.0,0.9929281941547913
5300.0,1741710.0,0.9951138103972141
5301.0,1737540.0,0.9928325353207725
5302.0,1732400.0,0.9899974719690835
5303.0,1736630.0,0.9925179309639297
5304.0,1745160.0,0.9974976748594436
5305.0,1747740.0,0.9990781782550671
5306.0,1744180.0,0.9971497382400448
5307.0,1738530.0,0.9940268593181705
5308.0,1738050.0,0.9938605921331642
5309.0,1743370.0,0.9970121873897422
5310.0,1747140.0,0.9992789018530723
5311.0,1747880.0,0.9998138615420649
5312.0,1747190.0,0.9995318108923974
5313.0,1744240.0,0.9979575889049739
5314.0,1740660.0,0.9960234493084827
5315.0,1734360.0,0.992533201502178
5316.0,1720350.0,0.9846303007699806
5317.0,1717700.0,0.9832290419705461
5318.0,1732750.0,0.9919612185748815
5319.0,1741760.0,0.9972382010741002
5320.0,1741150.0,0.9970088012654256
5321.0,1740150.0,0.9965569061797126
5322.0,1738580.0,0.9957793340579975
5323.0,1726390.0,0.9889190700397424
5324.0,1710750.0,0.980081510137348
5325.0,1714770.0,0.9825071663959534
5326.0,1718250.0,0.9846248645229924
5327.0,1685190.0,0.9658024613935335
5328.0,1644590.0,0.9426543126583524
5329.0,1666270.0,0.9552036140314476
5330.0,1716030.0,0.9838561697602075
5331.0,1735760.0,0.995297596059756
5332.0,1733930.0,0.9943785926247015
5333.0,1731120.0,0.9928981201115848
5334.0,1734170.0,0.9947796079743312
5335.0,1735230.0,0.9955207648700257
5336.0,1728190.0,0.9916152845181445
5337.0,1723090.0,0.9888228920172791
5338.0,1726660.0,0.9910066739910524
5339.0,1721130.0,0.9879682780551529
5340.0,1703960.0,0.9782473234209158
5341.0,1701140.0,0.9767640048407006
5342.0,1719670.0,0.9875415836187487
5343.0,1734270.0,0.9960658326459593
5344.0,1735500.0,0.9969132538924652
5345.0,1729760.0,0.9937574259357698
5346.0,1725300.0,0.9913369807019206
5347.0,1726770.0,0.9923244438060329
5348.0,1726160.0,0.9921175054416913
5349.0,1724020.0,0.9910318032000244
5350.0,1728320.0,0.9936490745221851
5351.0,1735000.0,0.9976364218876488
5352.0,1735790.0,0.9982384477197068
5353.0,1733530.0,0.9970871493353982
5354.0,1733780.0,0.9973802015802417
5355.0,1735200.0,0.9983472809231327
5356.0,1737050.0,0.9995628666716323
5357.0,1738270.0,1.0004170145685312
5358.0,1736700.0,0.9996662347723753
5359.0,1733550.0,0.9980063836757267
5360.0,1731660.0,0.9970722776775514
5361.0,1731240.0,0.9969851817132774
5362.0,1729260.0,0.9960002998705989
5363.0,1726360.0,0.9944858838031863
5364.0,1722640.0,0.9924992921385352
5365.0,1717370.0,0.9896196371459934
5366.0,1716350.0,0.9891892163633229
5367.0,1716950.0,0.989693197989554
5368.0,1719120.0,0.9911032040697623
5369.0,1715860.0,0.9893833974412612
5370.0,1694450.0,0.9771965789049729
5371.0,1665730.0,0.9607901208689998
5372.0,1670480.0,0.9636876049719826
5373.0,1706170.0,0.9844387373693948
5374.0,1727090.0,0.9966739157807453
5375.0,1731530.0,0.999401969703467
5376.0,1729820.0,0.9985814185395374
5377.0,1724690.0,0.9957867082653926
5378.0,1720800.0,0.9937078429241396
5379.0,1716890.0,0.9916174446202956
5380.0,1710730.0,0.98822731065518
5381.0,1710000.0,0.9879739870208448
5382.0,1709160.0,0.987657723496236
5383.0,1702400.0,0.9839205332286456
5384.0,1708190.0,0.9874374220590854
5385.0,1723820.0,0.9966453389897324
5386.0,1730450.0,1.0006528152365535
5387.0,1727440.0,0.9990869878371743
5388.0,1721540.0,0.9958495612718905
5389.0,1719040.0,0.9945788289483752
5390.0,1721460.0,0.9961554045978084
5391.0,1723610.0,0.9975769777416059
5392.0,1718280.0,0.9946697766828513
5393.0,1710680.0,0.9904479547081263
5394.0,1712210.0,0.991512344419495
5395.0,1711060.0,0.9910255920745857
5396.0,1691600.0,0.9799324997108383
5397.0,1672160.0,0.9688476453573983
5398.0,1683720.0,0.9757240721824914
5399.0,1706160.0,0.988909876183141
5400.0,1716100.0,0.9948547467533859
5401.0,1718140.0,0.996221884654816
5402.0,1715800.0,0.9950501132305957
5403.0,1703320.0,0.9879969705251006
5404.0,1683600.0,0.9767415824520954
5405.0,1668040.0,0.9678965224301276
5406.0,1669010.0,0.9686423008552348
5407.0,1691000.0,0.9815907062280881
5408.0,1703840.0,0.9892323088774188
5409.0,1698700.0,0.986436504099818
5410.0,1694160.0,0.9839887919186341
5411.0,1701770.0,0.988599038469645
5412.0,1708950.0,0.9929618925467485
5413.0,1706910.0,0.9919689191841575
5414.0,1702850.0,0.9898020851000376
5415.0,1701760.0,0.9893617631940621
5416.0,1707690.0,0.9930039962503111
5417.0,1712410.0,0.9959445910189378
5418.0,1708100.0,0.9936340957588422
5419.0,1703880.0,0.9913757205555394
5420.0,1708690.0,0.9943721233563815
5421.0,1715240.0,0.9983831831804564
5422.0,1715670.0,0.9988335577866471
5423.0,1702370.0,0.9912898041151781
5424.0,1687500.0,0.9828292775609864
5425.0,1694170.0,0.9869137950821706
5426.0,1709340.0,0.9959531819760705
5427.0,1713250.0,0.9984348923081431
5428.0,1697190.0,0.9892779310456217
5429.0,1663680.0,0.9699443219814965
5430.0,1655080.0,0.9651292046193263
5431.0,1684690.0,0.9825987940169121
5432.0,1702310.0,0.993081622725063
5433.0,1687690.0,0.9847576009928294
5434.0,1663430.0,0.970804693303393
5435.0,1663840.0,0.9712474109775809
5436.0,1686580.0,0.9847285679900678
5437.0,1703110.0,0.994589501090537
5438.0,1708700.0,0.9980651070286154
5439.0,1709010.0,0.998458089486383
5440.0,1706330.0,0.9971046601663383
5441.0,1703960.0,0.9959324867641123
5442.0,1705260.0,0.9969059594318121
5443.0,1706610.0,0.9979097283834147
5444.0,1702210.0,0.9955516356123332
5445.0,1687710.0,0.9872848147277521
5446.0,1662170.0,0.972555406128966
5447.0,1648990.0,0.9650537698838563
5448.0,1672850.0,0.9792314756589463
5449.0,1700130.0,0.9954184042578342
5450.0,1708670.0,1.0006384745803034
5451.0,1703490.0,0.9978249422142587
5452.0,1697860.0,0.9947471504876546
5453.0,1699890.0,0.9961574814466574
5454.0,1689490.0,0.9902833050158029
5455.0,1658640.0,0.9724178247006711
5456.0,1648490.0,0.966683557800989
5457.0,1673970.0,0.9818456435388477
5458.0,1696740.0,0.9954252907148942
5459.0,1703850.0,0.9998223694355555
5460.0,1703730.0,0.9999785215236622
5461.0,1698520.0,0.9971471880128413
5462.0,1689560.0,0.992113175445538
5463.0,1687140.0,0.990918657401526
5464.0,1693990.0,0.9951700603812939
5465.0,1696040.0,0.9966035196991794
5466.0,1693310.0,0.9952288468041204
5467.0,1692350.0,0.9948946926956648
5468.0,1692490.0,0.9952078082066989
5469.0,1691680.0,0.9949629339508609
5470.0,1695470.0,0.9974246770281566
5471.0,1700850.0,1.0008237741750903
5472.0,1696440.0,0.9984630331714832
5473.0,1690870.0,0.9954188930576972
5474.0,1692940.0,0.9968726530736036
5475.0,1690810.0,0.995853905429051
5476.0,1672030.0,0.9850262704905718
5477.0,1656820.0,0.976297514392027
5478.0,1670450.0,0.9845631825487162
5479.0,1692200.0,0.9976200523516559
5480.0,1700370.0,1.0026754011289247
5481.0,1695010.0,0.9997529217667249
5482.0,1686960.0,0.9952420154825111
5483.0,1688490.0,0.9963820239123983
5484.0,1693540.0,0.9996000344148004
5485.0,1694380.0,1.0003337858196935
5486.0,1691200.0,0.9986936231630014
5487.0,1682890.0,0.9940221388010443
5488.0,1679630.0,0.9923314824592231
5489.0,1685350.0,0.9959461015006089
5490.0,1686650.0,0.9969491649469115
5491.0,1682670.0,0.9948302940253367
5492.0,1678770.0,0.992756901269372
5493.0,1679060.0,0.9931599993627166
5494.0,1685410.0,0.9971475978738655
5495.0,1687170.0,0.9984197322556378
5496.0,1672540.0,0.9899899183985665
5497.0,1654550.0,0.9795657348641004
5498.0,1658360.0,0.9820449810750022
5499.0,1673010.0,0.990944638727355
5500.0,1669950.0,0.9893546262726676
5501.0,1652900.0,0.9794721829822719
5502.0,1657200.0,0.9822380706045051
5503.0,1678840.0,0.9952833246826892
5504.0,1687370.0,1.0005586682332115
5505.0,1678330.0,0.9954136855770593
5506.0,1660890.0,0.9852814304314639
5507.0,1660440.0,0.9852238571711344
5508.0,1676080.0,0.9947131833045164
5509.0,1683260.0,0.9991824258214227
5510.0,1677730.0,0.9961050186292354
5511.0,1674700.0,0.994508587010383
5512.0,1679470.0,0.9975419677542706
5513.0,1682030.0,0.9992611083921349
5514.0,1677360.0,0.9966822622053432
5515.0,1673580.0,0.994628652513976
5516.0,1680970.0,0.9992112134766642
5517.0,1686130.0,1.0024668269180999
5518.0,1681590.0,0.9999526213675076
5519.0,1675290.0,0.9963876928666756
5520.0,1676540.0,0.9973095828970387
5521.0,1681540.0,1.0004597387970198
5522.0,1681590.0,1.0006621237874158
5523.0,1674610.0,0.9966771758494781
5524.0,1670240.0,0.9942411164219305
5525.0,1673690.0,0.9964565126365443
5526.0,1669050.0,0.9938517638083281
5527.0,1649180.0,0.9821722817006021
5528.0,1633050.0,0.9727132240790742
5529.0,1645370.0,0.9801961137957453
5530.0,1667170.0,0.9933256627980016
5531.0,1671880.0,0.9962710402759156
5532.0,1668130.0,0.9941711665548967
5533.0,1670080.0,0.9954641129951504
5534.0,1672210.0,0.9968604627804315
5535.0,1666760.0,0.9937335920379572
5536.0,1660910.0,0.9903630659298418
5537.0,1662130.0,0.9912034620942328
5538.0,1661590.0,0.9909898227981098
5539.0,1652100.0,0.9854330836908425
5540.0,1645770.0,0.9817555750914747
5541.0,1658120.0,0.9892169019177043
5542.0,1674820.0,0.9992701566198825
5543.0,1676990.0,1.0006502244271587
5544.0,1672550.0,0.9980810063599393
5545.0,1676040.0,1.0002389158319935
5546.0,1679350.0,1.0022847726790818
5547.0,1674740.0,0.9995988318117615
5548.0,1669960.0,0.9968062781329196
5549.0,1674150.0,0.9993632098568416
5550.0,1677900.0,1.001653084858704
5551.0,1671140.0,0.9976641464519602
5552.0,1667690.0,0.9956464715321997
5553.0,1674430.0,0.9997080653633956
5554.0,1675800.0,1.0005593180285013
5555.0,1667960.0,0.9959071741282545
5556.0,1667810.0,0.995842200093865
5557.0,1674650.0,0.9999468284751784
5558.0,1671930.0,0.9983390336797912
5559.0,1666170.0,0.9949118774604725
5560.0,1670200.0,0.997326579496951
5561.0,1671370.0,0.9980295963215841
5562.0,1662490.0,0.9927275784081808
5563.0,1661650.0,0.9922227439035056
5564.0,1668340.0,0.9962105840587063
5565.0,1664380.0,0.9938353775963266
5566.0,1658690.0,0.9904236591252238
5567.0,1664350.0,0.9937856620704457
5568.0,1663500.0,0.9932570535257956
5569.0,1651890.0,0.986300588737148
5570.0,1652620.0,0.986708902982729
5571.0,1658250.0,0.9900394742688123
5572.0,1645930.0,0.9826501977346254
5573.0,1639200.0,0.9785955960901671
5574.0,1650850.0,0.9855106659054752
5575.0,1652260.0,0.9863094925102088
5576.0,1647020.0,0.9831358685820826
5577.0,1653620.0,0.9870269107616145
5578.0,1659320.0,0.9903776443141548
5579.0,1659030.0,0.9901503540518252
5580.0,1661320.0,0.9914601914598311
5581.0,1656000.0,0.9882260167806903
5582.0,1644490.0,0.9812960772580205
5583.0,1638860.0,0.9778730965879667
5584.0,1628120.0,0.9713994236062532
5585.0,1619670.0,0.9662906041344134
5586.0,1629740.0,0.9722285311223192
5587.0,1638240.0,0.9772269611798307
5588.0,1638650.0,0.977397185274453
5589.0,1645380.0,0.9813347573056086
5590.0,1658080.0,0.9888301076859051
5591.0,1669780.0,0.9957260429739798
5592.0,1676780.0,0.999816533253447
5593.0,1668690.0,0.9949075949042773
5594.0,1657680.0,0.9882570025195452
5595.0,1659430.0,0.9892124070536319
5596.0,1667780.0,0.9941001027728184
5597.0,1669970.0,0.995314017096567
5598.0,1660710.0,0.9897026404984826
5599.0,1659150.0,0.9886793643550961
5600.0,1666330.0,0.9928626283645139
5601.0,1664180.0,0.9914852399234391
5602.0,1659850.0,0.9888082995190872
5603.0,1658370.0,0.9878284471861957
5604.0,1665490.0,0.991969960923232
5605.0,1672810.0,0.9962287992822363
5606.0,1674050.0,0.9968653595530775
5607.0,1674430.0,0.9969889093853096
5608.0,1672430.0,0.995694729767507
5609.0,1671690.0,0.9951502088322289
5610.0,1671120.0,0.9947063753894109
5611.0,1671590.0,0.9948810637347122
5612.0,1671250.0,0.9945731959563407
5613.0,1669080.0,0.9931760479710222
5614.0,1658680.0,0.9868821612115876
5615.0,1639120.0,0.9751399043399983
5616.0,1635000.0,0.9725844831324244
5617.0,1652470.0,0.9828709605496021
5618.0,1664110.0,0.989687900350972
5619.0,1665840.0,0.9906102690684676
5620.0,1665480.0,0.9902897840237254
5621.0,1665100.0,0.989957596306114
5622.0,1663320.0,0.9887934077873929
5623.0,1657920.0,0.9854779695747686
5624.0,1649100.0,0.9801309029834919
5625.0,1646090.0,0.9782381202819522
5626.0,1654530.0,0.9831499698474218
5627.0,1663870.0,0.9885960376755899
5628.0,1666350.0,0.9899660726702307
5629.0,1665680.0,0.9894652756806587
5630.0,1663960.0,0.9883416308207689
5631.0,1660120.0,0.9859599120449893
5632.0,1653250.0,0.9817801634701669
5633.0,1640800.0,0.9742888251904372
5634.0,1624060.0,0.96425285083243
5635.0,1623210.0,0.9636533222882687
5636.0,1651300.0,0.9802341745328844
5637.0,1678410.0,0.9962313046249758
5638.0,1687180.0,1.001341840648978
5639.0,1688570.0,1.002073120381128
5640.0,1688480.0,1.0019274437510692
5641.0,1687540.0,1.001278921412634
5642.0,1687650.0,1.0012549929965697
5643.0,1688100.0,1.0014343641691685
5644.0,1687680.0,1.0010993008660893
5645.0,1687200.0,1.0007304368777485
5646.0,1687370.0,1.0007489341315878
5647.0,1688360.0,1.0012555800628846
5648.0,1689040.0,1.0015802506136262
5649.0,1688810.0,1.001367292075911
5650.0,1688630.0,1.0011860760085383
5651.0,1688860.0,1.0012500892688945
5652.0,1688620.0,1.0010376698226389
5653.0,1688100.0,1.0006615684077436
5654.0,1687810.0,1.0004241776170972
5655.0,1686840.0,0.9997861806377067
5656.0,1685020.0,0.998646963028401
5657.0,1680260.0,0.995768082994684
5658.0,1672910.0,0.9913572960816913
5659.0,1672550.0,0.9910916445488802
5660.0,1679590.0,0.9952134752792948
5661.0,1682950.0,0.9971572686152504
5662.0,1681170.0,0.9960583965823769
5663.0,1680680.0,0.9957268051367854
5664.0,1683210.0,0.9971873698871506
5665.0,1684580.0,0.9979636716752108
5666.0,1684310.0,0.9977714358347008
5667.0,1683500.0,0.9972623455135403
5668.0,1682220.0,0.9964778681232749
5669.0,1681260.0,0.9958859499506614
5670.0,1682420.0,0.9965527505196861
5671.0,1684470.0,0.9977496209670123
5672.0,1685480.0,0.998333357087595
5673.0,1685480.0,0.9983217389258944
5674.0,1684340.0,0.9976377669236697
5675.0,1683190.0,0.9969507290720223
5676.0,1683620.0,0.9972023501226004
5677.0,1684410.0,0.9976700009176712
5678.0,1684150.0,0.9975185241685033
5679.0,1683250.0,0.9969907363667235
5680.0,1682860.0,0.9967677578682839
5681.0,1682820.0,0.9967548032615039
5682.0,1681990.0,0.9962766132458144
5683.0,1680440.0,0.9953746072596255
5684.0,1678760.0,0.9943982176947171
5685.0,1678800.0,0.9944432658435275
5686.0,1679820.0,0.9950714446707428
5687.0,1680120.0,0.9952757279903153
5688.0,1680230.0,0.9953700350601332
5689.0,1680240.0,0.9954076537912945
5690.0,1680010.0,0.9953056164636435
5691.0,1680170.0,0.9954371381053099
5692.0,1680900.0,0.9959088719929301
5693.0,1681310.0,0.996193506716525
5694.0,1680900.0,0.9959947316206299
5695.0,1680000.0,0.9955080062042947
5696.0,1679730.0,0.9953969702118062
5697.0,1680200.0,0.995726845952382
5698.0,1680520.0,0.9959702192222718
5699.0,1679990.0,0.9957121742314882
5700.0,1677950.0,0.9945614055947167
5701.0,1675160.0,0.9929682250827181
5702.0,1675030.0,0.9929539601024456
5703.0,1677490.0,0.9944773906366458
5704.0,1678790.0,0.995315520548853
5705.0,1677970.0,0.9948989936923438
5706.0,1676700.0,0.9942177678158917
5707.0,1675300.0,0.9934615217934708
5708.0,1671470.0,0.9912661967554042
5709.0,1666250.0,0.988248248210761
5710.0,1664780.0,0.9874562079213502
5711.0,1666770.0,0.9887185634674035
5712.0,1670510.0,0.9910213645011898
5713.0,1674410.0,0.993421528461425
5714.0,1675700.0,0.9942754969245654
5715.0,1675450.0,0.9942177823396522
5716.0,1675950.0,0.9946071345278376
5717.0,1676450.0,0.9949985234028651
5718.0,1676200.0,0.9949467512607008
5719.0,1675780.0,0.9947959740403289
5720.0,1674980.0,0.9944214652420162
5721.0,1674280.0,0.99410813523186
5722.0,1674670.0,0.9944438568134535
5723.0,1675440.0,0.9950071613867765
5724.0,1675490.0,0.9951447670766752
5725.0,1675070.0,0.9950050171298769
5726.0,1674720.0,0.9949085983128407
5727.0,1674470.0,0.9948733279436545
5728.0,1674090.0,0.9947625372087155
5729.0,1673460.0,0.994504864657966
5730.0,1672530.0,0.9940705186860466
5731.0,1671170.0,0.993382137973648
5732.0,1670420.0,0.993057881810357
5733.0,1670970.0,0.9935081144386044
5734.0,1671690.0,0.994061157177284
5735.0,1671970.0,0.9943542511800857
5736.0,1671970.0,0.9944824450194308
5737.0,1671690.0,0.9944456544970197
5738.0,1671330.0,0.9943627844251264
5739.0,1671000.0,0.994299248716969
5740.0,1670490.0,0.994130060111809
5741.0,1669770.0,0.9938372981868061
5742.0,1668990.0,0.9935101814418572
5743.0,1668400.0,0.9932975130477564
5744.0,1668500.0,0.9934970406008066
5745.0,1668960.0,0.9939123939676237
5746.0,1668750.0,0.9939301640150726
5747.0,1667570.0,0.9933714483356718
5748.0,1666810.0,0.9930641169559016
5749.0,1666970.0,0.9933061957165988
5750.0,1667210.0,0.9935972982604695
5751.0,1666740.0,0.9934665441627251
5752.0,1665460.0,0.992854107177496
5753.0,1663580.0,0.9918849542767106
5754.0,1661980.0,0.9910836651363257
5755.0,1662380.0,0.9914761353284794
5756.0,1662450.0,0.9916730261311175
5757.0,1657660.0,0.9889715955778658
5758.0,1651360.0,0.9853693936530584
5759.0,1650750.0,0.9851628978784966
5760.0,1654990.0,0.9878523253809813
5761.0,1659010.0,0.9904123234823548
5762.0,1660150.0,0.9912545639126156
5763.0,1659810.0,0.9912142470151434
5764.0,1661640.0,0.9924710035726977
5765.0,1663690.0,0.993860561682468
5766.0,1664280.0,0.9943791988317501
5767.0,1664320.0,0.9945702596298921
5768.0,1663850.0,0.9944574656455418
5769.0,1662990.0,0.9941123756833743
5770.0,1662250.0,0.9938397722836798
5771.0,1661820.0,0.993753289063082
5772.0,1662110.0,0.994098219165762
5773.0,1662330.0,0.9944021893879965
5774.0,1661710.0,0.9942044654417297
5775.0,1661630.0,0.9943305647918459
5776.0,1662250.0,0.9948763984971817
5777.0,1661880.0,0.9948305043004908
5778.0,1660660.0,0.9942763688879119
5779.0,1658290.0,0.9930340506634261
5780.0,1653230.0,0.9901807954763409
5781.0,1650780.0,0.9888906491748468
5782.0,1654510.0,0.9913034026443438
5783.0,1658740.0,0.9940172388123033
5784.0,1659790.0,0.9948266265118971
5785.0,1658790.0,0.9944079208941972
5786.0,1658310.0,0.9943013695031651
5787.0,1658830.0,0.9947949761453957
5788.0,1658840.0,0.994983341427408
5789.0,1658050.0,0.9946923005971061
5790.0,1657700.0,0.9946656017579328
5791.0,1657420.0,0.9946813186402891
5792.0,1656630.0,0.9943913088581504
5793.0,1655390.0,0.9938314026526223
5794.0,1655630.0,0.9941603399038297
5795.0,1656960.0,0.9951443677853387
5796.0,1657070.0,0.9953962232626837
5797.0,1655850.0,0.9948493862217745
5798.0,1655600.0,0.9948855060677155
5799.0,1656580.0,0.9956611581016839
5800.0,1656440.0,0.9957640422845981
5801.0,1655600.0,0.9954462874551414
5802.0,1655540.0,0.9955976673378045
5803.0,1655610.0,0.9958274594377515
5804.0,1655320.0,0.9958409028135325
5805.0,1654370.0,0.9954573395355821
5806.0,1653680.0,0.9952302045875266
5807.0,1654300.0,0.9957916037583747
5808.0,1655160.0,0.9964977641467351
5809.0,1655470.0,0.9968730330473967
5810.0,1655250.0,0.9969292469209725
5811.0,1654520.0,0.9966782511485004
5812.0,1653760.0,0.9964090552962457
5813.0,1653850.0,0.9966519380292066
5814.0,1654800.0,0.997413196249073
5815.0,1654620.0,0.9974934243987033
5816.0,1652410.0,0.996349543649314
5817.0,1651470.0,0.9959710072957889
5818.0,1653150.0,0.9971725421322358
5819.0,1654460.0,0.9981511270315029
5820.0,1654000.0,0.9980618214054464
5821.0,1652820.0,0.9975377131996145
5822.0,1651960.0,0.9972063319802233
5823.0,1651610.0,0.9971824805870102
5824.0,1651660.0,0.997399884611944
5825.0,1652000.0,0.9977922194089215
5826.0,1651820.0,0.9978702377520684
5827.0,1651010.0,0.9975672778204228
5828.0,1651070.0,0.9977895985335387
5829.0,1651780.0,0.9984044950247942
5830.0,1651790.0,0.9985960166699283
5831.0,1650770.0,0.9981643660280001
5832.0,1649570.0,0.9976232367155384
5833.0,1649180.0,0.9975713877367939
5834.0,1649440.0,0.9979122684709587
5835.0,1649760.0,0.9982890578961542
5836.0,1650590.0,0.9989741038159217
5837.0,1651080.0,0.9994530199347909
5838.0,1649890.0,0.998914377419481
5839.0,1648200.0,0.998072152600502
5840.0,1647580.0,0.9978770501395247
5841.0,1647980.0,0.9982991157215045
5842.0,1649060.0,0.9991326833464316
5843.0,1649360.0,0.9994932346853072
5844.0,1648300.0,0.9990289839776811
5845.0,1647470.0,0.998703360515827
5846.0,1646920.0,0.9985467592916711
5847.0,1646800.0,0.9986502380926409
5848.0,1646640.0,0.9987288724385609
5849.0,1645900.0,0.9984550728437264
5850.0,1645950.0,0.998659889905503
5851.0,1646560.0,0.9992040051171216
5852.0,1643890.0,0.9977569166474469
5853.0,1636510.0,0.9934495079131815
5854.0,1633920.0,0.9920483115199846
5855.0,1639200.0,0.9954252082837215
5856.0,1639150.0,0.9955654190803034
5857.0,1631980.0,0.9913799118694363
5858.0,1631530.0,0.9912753066439578
5859.0,1637010.0,0.9947736284073654
5860.0,1639700.0,0.9965768693841978
5861.0,1640550.0,0.9972616592408645
5862.0,1640660.0,0.9974962188745494
5863.0,1641280.0,0.9980404339281616
5864.0,1641670.0,0.9984444048323626
5865.0,1640980.0,0.9981910193663387
5866.0,1640150.0,0.9978518414005801
5867.0,1640080.0,0.9979744758175062
5868.0,1640580.0,0.9984435243197729
5869.0,1640750.0,0.9987113398924709
5870.0,1640640.0,0.9988082672249873
5871.0,1640400.0,0.9988255606390375
5872.0,1639250.0,0.998288173083793
5873.0,1637680.0,0.9974942927780265
5874.0,1637240.0,0.9973880430359892
5875.0,1638450.0,0.9982865929041583
5876.0,1639390.0,0.9990204135134406
5877.0,1638740.0,0.9987849108304848
5878.0,1637180.0,0.9979941375712912
5879.0,1635700.0,0.9972514144652682
5880.0,1634740.0,0.9968250719141243
5881.0,1634560.0,0.9968738337555801
5882.0,1635260.0,0.9974589285066958
5883.0,1635000.0,0.9974580938698581
5884.0,1633430.0,0.9966574998201237
5885.0,1633670.0,0.9969607798406783
5886.0,1635260.0,0.9980876966804022
5887.0,1633280.0,0.9970352292437552
5888.0,1618960.0,0.9884478808915187
5889.0,1583610.0,0.9670156759273554
5890.0,1560610.0,0.9531189752492507
5891.0,1588170.0,0.9701011085802985
5892.0,1621080.0,0.990356544431616
5893.0,1629440.0,0.9956173395405555
5894.0,1619670.0,0.9897998956481228
5895.0,1588280.0,0.9707660040221137
5896.0,1568070.0,0.9585602275321005
5897.0,1593370.0,0.9741748333163426
5898.0,1621500.0,0.991524337700953
5899.0,1630240.0,0.9970202377713955
5900.0,1632020.0,0.9982602039107705
5901.0,1630750.0,0.9976343008278697
5902.0,1629700.0,0.9971424576558217
5903.0,1630920.0,0.9980392352221688
5904.0,1631370.0,0.998464661700079
5905.0,1630880.0,0.9983144664896086
5906.0,1630660.0,0.9983291866696491
5907.0,1629640.0,0.9978537236896864
5908.0,1628940.0,0.9975737587842235
5909.0,1630080.0,0.9984203812003125
5910.0,1630200.0,0.998642094136822
5911.0,1628010.0,0.9974482674976324
5912.0,1626300.0,0.9965479065217051
5913.0,1625630.0,0.9962843490110465
5914.0,1624640.0,0.9958242690962084
5915.0,1625100.0,0.9962526675418503
5916.0,1626860.0,0.9974779711844827
5917.0,1627840.0,0.9982250358932824
5918.0,1627470.0,0.9981440689159606
5919.0,1626540.0,0.9977192978115497
5920.0,1625720.0,0.9973616150341464
5921.0,1625460.0,0.9973471654181816
5922.0,1625130.0,0.9972894931755103
5923.0,1625100.0,0.9974156743481063
5924.0,1625930.0,0.9980695471388039
5925.0,1627380.0,0.999104001010448
5926.0,1627480.0,0.9993095805611345
5927.0,1625630.0,0.9983174650179849
5928.0,1624780.0,0.9979390306804073
5929.0,1624770.0,0.9980762616372479
5930.0,1625030.0,0.998379190788482
5931.0,1625650.0,0.9989031959491496
5932.0,1624770.0,0.9985053104293105
5933.0,1622160.0,0.9970437765499307
5934.0,1621340.0,0.996681984278825
5935.0,1623870.0,0.9983795209523533
5936.0,1625950.0,0.9998006418638798
5937.0,1624190.0,0.9988604173788345
5938.0,1621610.0,0.9974153787854764
5939.0,1622030.0,0.9978152450180343
5940.0,1623830.0,0.9990640984188283
5941.0,1623880.0,0.9992362932375948
5942.0,1622410.0,0.998472921242798
5943.0,1621900.0,0.9983000578609506
5944.0,1622550.0,0.9988410738675515
5945.0,1622360.0,0.9988648990508181
5946.0,1622280.0,0.9989562995271167
5947.0,1620900.0,0.998246942153669
5948.0,1617070.0,0.996028151630469
5949.0,1616820.0,0.9960139702020354
5950.0,1620010.0,0.9981190702998778
5951.0,1620700.0,0.9986840830730589
5952.0,1620040.0,0.9984170967441607
5953.0,1619830.0,0.9984272425973009
5954.0,1618370.0,0.9976666487713576
5955.0,1617130.0,0.9970413214848293
5956.0,1616960.0,0.9970754586035774
5957.0,1616030.0,0.9966407357075849
5958.0,1616850.0,0.9972851443502398
5959.0,1619140.0,0.9988364049856817
5960.0,1618820.0,0.9987776219306425
5961.0,1617810.0,0.998292888696687
5962.0,1619160.0,0.9992643357920576
5963.0,1620520.0,1.0002420656713922
5964.0,1620680.0,1.0004791230621592
5965.0,1619510.0,0.9998949383395039
5966.0,1617400.0,0.9987299934491027
5967.0,1617140.0,0.998707086447013
5968.0,1617630.0,0.9991472628433222
5969.0,1617680.0,0.9993155963263736
5970.0,1618380.0,0.9998854109465756
5971.0,1618900.0,1.0003440023020316
5972.0,1618110.0,0.9999929841526004
5973.0,1616270.0,0.9989927261563193
5974.0,1614250.0,0.9978807701694096
5975.0,1614910.0,0.9984252790179672
5976.0,1616530.0,0.9995633896875099
5977.0,1616310.0,0.9995637602355721
5978.0,1615020.0,0.9989021761079707
5979.0,1613800.0,0.9982835620187422
5980.0,1614270.0,0.9987101915055641
5981.0,1615550.0,0.999637982707011
5982.0,1615370.0,0.9996623637820834
5983.0,1613470.0,0.9986220457246289
5984.0,1611750.0,0.997692718970873
5985.0,1611530.0,0.997691636174418
5986.0,1611770.0,0.9979752281513572
5987.0,1611060.0,0.9976704494765868
5988.0,1611170.0,0.9978733063389535
5989.0,1611790.0,0.9983919813521641
5990.0,1611230.0,0.9981796238765107
5991.0,1611080.0,0.9982210988380009
5992.0,1611850.0,0.9988325464895291
5993.0,1610350.0,0.9980371495865583
5994.0,1607770.0,0.9965719599579049
5995.0,1608070.0,0.996891633636972
5996.0,1610370.0,0.9984512774601918
5997.0,1610530.0,0.9986841899363744
5998.0,1608840.0,0.9977696904933087
5999.0,1608310.0,0.9975743094374666
6000.0,1607030.0,0.996913476239358
6001.0,1605310.0,0.99597933787764
6002.0,1605240.0,0.9960686532748527
6003.0,1604410.0,0.9956862021662439
6004.0,1602530.0,0.9946518006885537
6005.0,1602920.0,0.9950261075137937
6006.0,1605770.0,0.9969276445613515
6007.0,1606020.0,0.9972151484530379
6008.0,1603800.0,0.9959687077438767
6009.0,1604320.0,0.9964235807767075
6010.0,1606660.0,0.9980089675324958
6011.0,1607070.0,0.9983956212943388
6012.0,1605240.0,0.9973904533117438
6013.0,1602050.0,0.9955397591138866
6014.0,1600400.0,0.9946455496225115
6015.0,1601140.0,0.9952365470491903
6016.0,1602730.0,0.9963559795436076
6017.0,1603790.0,0.9971460497635299
6018.0,1604630.0,0.9977993937497299
6019.0,1603560.0,0.9972649352728826
6020.0,1601240.0,0.9959527195535471
6021.0,1601660.0,0.9963445005000439
6022.0,1602790.0,0.9971779811589795
6023.0,1601270.0,0.9963626331764005
6024.0,1600090.0,0.9957585292890511
6025.0,1601690.0,0.9968843977027876
6026.0,1602370.0,0.9974377530688524
6027.0,1601980.0,0.9973249878802233
6028.0,1601990.0,0.99746112114616
6029.0,1602640.0,0.9979957033392921
6030.0,1603190.0,0.9984680177432631
6031.0,1602060.0,0.9978938872608344
6032.0,1601410.0,0.9976185038424632
6033.0,1601550.0,0.9978351278948226
6034.0,1602110.0,0.9983133953777106
6035.0,1602740.0,0.9988352866587105
6036.0,1601300.0,0.9980669881263592
6037.0,1599250.0,0.9969181141031329
6038.0,1599450.0,0.9971715750066787
6039.0,1601160.0,0.9983665047385725
6040.0,1600760.0,0.9982458090784595
6041.0,1598780.0,0.9971395340354355
6042.0,1598020.0,0.9967938500670138
6043.0,1598920.0,0.9974835448617926
6044.0,1598930.0,0.9976180006189752
6045.0,1598140.0,0.9972531644222055
6046.0,1598460.0,0.9975808539426237
6047.0,1598670.0,0.9978398503433384
6048.0,1597110.0,0.9969938747200432
6049.0,1595910.0,0.9963723230817442
6050.0,1597230.0,0.9973240047320457
6051.0,1598830.0,0.99845066983283
6052.0,1597610.0,0.9978162245189297
6053.0,1595280.0,0.9964881423401978
6054.0,1595000.0,0.9964402974108111
6055.0,1595490.0,0.9968734270515378
6056.0,1594130.0,0.9961505125466338
6057.0,1591740.0,0.9947835852113001
6058.0,1590150.0,0.9939162335749138
6059.0,1589600.0,0.9936986789859916
6060.0,1591580.0,0.9950627241548174
6061.0,1595040.0,0.9973524236722687
6062.0,1597620.0,0.9990922731112793
6063.0,1597310.0,0.9990249246540145
6064.0,1592160.0,0.9959299256140837
6065.0,1585920.0,0.9921521292025868
6066.0,1586900.0,0.992890674070819
6067.0,1593100.0,0.9968957560262119
6068.0,1596340.0,0.999049262014712
6069.0,1596260.0,0.9991251609502594
6070.0,1594910.0,0.998405957394067
6071.0,1594350.0,0.9981810639036202
6072.0,1595660.0,0.9991269127650106
6073.0,1596580.0,0.9998286629734835
6074.0,1595040.0,0.9989897606856781
6075.0,1593240.0,0.9979876812475553
6076.0,1593670.0,0.9983822677778652
6077.0,1594290.0,0.9988958927099155
6078.0,1593780.0,0.9987014569311472
6079.0,1593310.0,0.9985319371937994
6080.0,1592490.0,0.9981428987120531
6081.0,1591940.0,0.9979229126705204
6082.0,1592980.0,0.9986996011271999
6083.0,1593660.0,0.9992506563261926
6084.0,1592610.0,0.998716874695936
6085.0,1591640.0,0.9982330332547258
6086.0,1590690.0,0.9977615162805016
6087.0,1590450.0,0.9977351859318204
6088.0,1591810.0,0.998712601175055
6089.0,1592090.0,0.9990124773288387
6090.0,1591410.0,0.9987098695810693
6091.0,1590630.0,0.9983443250090415
6092.0,1590220.0,0.9982108485622733
6093.0,1590360.0,0.9984225305620436
6094.0,1590240.0,0.9984709216407034
6095.0,1590770.0,0.9989273979947861
6096.0,1590790.0,0.9990635970151949
6097.0,1589850.0,0.9985967518353723
6098.0,1588600.0,0.9979349596425333
6099.0,1587070.0,0.9970969967010802
6100.0,1586650.0,0.9969561915105358
6101.0,1584600.0,0.9957909379133753
6102.0,1577900.0,0.9917028015621527
6103.0,1574580.0,0.9897381422566536
6104.0,1580320.0,0.9934684792420808
6105.0,1585390.0,0.9967783970228167
6106.0,1586200.0,0.9974103303627662
6107.0,1585380.0,0.9970172514764981
6108.0,1585160.0,0.9970013625024848
6109.0,1586160.0,0.9977528057071422
6110.0,1586420.0,0.998038800895495
6111.0,1585400.0,0.9975194139944049
6112.0,1584570.0,0.9971193734393043
6113.0,1584520.0,0.9972100373788354
6114.0,1585340.0,0.9978482346203541
6115.0,1585870.0,0.9983039474869811
6116.0,1584910.0,0.9978216179331479
6117.0,1583280.0,0.9969172180239545
6118.0,1582080.0,0.9962832967768416
6119.0,1580620.0,0.9954853872006769
6120.0,1575240.0,0.992218055463964
6121.0,1562740.0,0.9844645252983093
6122.0,1553160.0,0.9785487324675082
6123.0,1563680.0,0.9852967099063605
6124.0,1578880.0,0.9949955429073482
6125.0,1583980.0,0.998330955135744
6126.0,1584890.0,0.9990259567685483
6127.0,1585010.0,0.9992230150329569
6128.0,1584830.0,0.9992308924522078
6129.0,1584940.0,0.9994215590936039
6130.0,1584950.0,0.999549128388998
6131.0,1584220.0,0.9992099127258678
6132.0,1583200.0,0.9986876042759996
6133.0,1582960.0,0.9986571782526825
6134.0,1582150.0,0.9982670233607234
6135.0,1576560.0,0.9948603633053879
6136.0,1563180.0,0.986536466922899
6137.0,1553450.0,0.9805143081954696
6138.0,1560420.0,0.9850326832462724
6139.0,1572840.0,0.9929928663157086
6140.0,1572200.0,0.99270863559923
6141.0,1556970.0,0.9832108259530181
6142.0,1551430.0,0.9798305282492792
6143.0,1566250.0,0.989309579520651
6144.0,1578440.0,0.9971294255812031
6145.0,1580940.0,0.9988289971557004
6146.0,1580000.0,0.9983552730564966
6147.0,1578560.0,0.997565391526332
6148.0,1577890.0,0.9972619076127326
6149.0,1577660.0,0.997236404907572
6150.0,1577620.0,0.9973309405816251
6151.0,1578050.0,0.9977225884747173
6152.0,1578460.0,0.9981016162315376
6153.0,1578160.0,0.9980316622967784
6154.0,1577030.0,0.9974366681880673
6155.0,1576010.0,0.9969110461100023
6156.0,1576050.0,0.9970558197041769
6157.0,1576040.0,0.997168927559486
6158.0,1575240.0,0.9967821007589609
6159.0,1574520.0,0.9964457457215674
6160.0,1571170.0,0.9944446339275188
6161.0,1557240.0,0.9857457531686683
6162.0,1542820.0,0.976734519031319
6163.0,1550500.0,0.9817138961081547
6164.0,1566050.0,0.9916779631563193
6165.0,1572030.0,0.9955835649994543
6166.0,1571950.0,0.9956517172591753
6167.0,1570670.0,0.9949596713023905
6168.0,1568120.0,0.9934628080126886
6169.0,1563780.0,0.9908313614110933
6170.0,1564600.0,0.9914690618719542
6171.0,1570350.0,0.995231312937656
6172.0,1573350.0,0.9972513440171445
6173.0,1572800.0,0.9970214008499207
6174.0,1572630.0,0.9970322625093352
6175.0,1572460.0,0.9970430704735812
6176.0,1571480.0,0.9965401708727765
6177.0,1571730.0,0.996817182782848
6178.0,1572560.0,0.9974620950694381
6179.0,1572110.0,0.9972951161876801
6180.0,1571510.0,0.9970328774320697
6181.0,1571700.0,0.9972717922380675
6182.0,1571590.0,0.9973203329725171
6183.0,1571050.0,0.9970959254434059
6184.0,1570930.0,0.9971380052263112
6185.0,1570690.0,0.9971038653754652
6186.0,1569870.0,0.9967014279334524
6187.0,1568730.0,0.9960956545587852
6188.0,1567900.0,0.9956865517081315
6189.0,1566110.0,0.9946675875960508
6190.0,1558300.0,0.9898244592106162
6191.0,1546980.0,0.9827503377997062
6192.0,1548670.0,0.983940338502491
6193.0,1561620.0,0.9922854091958986
6194.0,1568760.0,0.9969401773022418
6195.0,1569300.0,0.9974012325554051
6196.0,1568930.0,0.997283913155162
6197.0,1569490.0,0.9977577411716562
6198.0,1570180.0,0.998314289727738
6199.0,1569460.0,0.9979743469841604
6200.0,1567740.0,0.9969983338208921
