wave,flux,norm
3800.0,1559360.0,0.8854210558981808
3801.0,1680280.0,0.9534584842202808
3802.0,1730730.0,0.9814378117770169
3803.0,1755670.0,0.9949159475613892
3804.0,1763270.0,0.9985483790544262
3805.0,1747510.0,0.9889481966288454
3806.0,1715230.0,0.9700109883322007
3807.0,1695330.0,0.9580889548684043
3808.0,1722830.0,0.9729448675517565
3809.0,1760070.0,0.9932691171840529
3810.0,1762940.0,0.9941747301874199
3811.0,1736310.0,0.9784478983799623
3812.0,1693340.0,0.9535356888996274
3813.0,1654670.0,0.9310728547955784
3814.0,1636790.0,0.9203264539480698
3815.0,1610460.0,0.9048420647816883
3816.0,1597510.0,0.8968867165356732
3817.0,1643630.0,0.9220756333931737
3818.0,1669920.0,0.9361037553395166
3819.0,1622360.0,0.9087382016579495
3820.0,1545870.0,0.8652173103894388
3821.0,1525700.0,0.8532563645954029
3822.0,1560010.0,0.8717530165865439
3823.0,1559160.0,0.8705826682070804
3824.0,1504530.0,0.8394040338371909
3825.0,1442670.0,0.8042400986399002
3826.0,1409340.0,0.7850199952918043
3827.0,1403970.0,0.781387979256937
3828.0,1394180.0,0.7752994655715081
3829.0,1378960.0,0.766199503460494
3830.0,1366720.0,0.758764797059142
3831.0,1323590.0,0.7342034723341134
3832.0,1242910.0,0.6888678565472256
3833.0,1189240.0,0.6585625314332685
3834.0,1128020.0,0.624127922932339
3835.0,1065140.0,0.5888312952122412
3836.0,1112560.0,0.6145158964567626
3837.0,1204340.0,0.6646338211169198
3838.0,1234180.0,0.6805086874500583
3839.0,1282920.0,0.7067646602898464
3840.0,1344070.0,0.7398019930998492
3841.0,1379090.0,0.7584079856598348
3842.0,1430470.0,0.7859665812944804
3843.0,1470160.0,0.8070554371005608
3844.0,1471860.0,0.8072669044358632
3845.0,1445010.0,0.791829830395625
3846.0,1407860.0,0.7707780856202272
3847.0,1393770.0,0.762374645881671
3848.0,1383900.0,0.7562895273924072
3849.0,1340780.0,0.732058160960272
3850.0,1323570.0,0.7220019078678501
3851.0,1388040.0,0.7564766009411195
3852.0,1451400.0,0.7902808953234108
3853.0,1442710.0,0.7848254044415084
3854.0,1438930.0,0.782045752952946
3855.0,1483390.0,0.805462272446794
3856.0,1487950.0,0.8071875809184953
3857.0,1440360.0,0.7806429075238707
3858.0,1372050.0,0.7429259536055897
3859.0,1298140.0,0.702247792377131
3860.0,1261040.0,0.6815379468757795
3861.0,1290970.0,0.6970577603258886
3862.0,1428610.0,0.7706494742193264
3863.0,1572570.0,0.8475063406210668
3864.0,1570810.0,0.8457570347865052
3865.0,1468660.0,0.7900079837758249
3866.0,1352580.0,0.7268766619719383
3867.0,1231520.0,0.6611897591749858
3868.0,1100930.0,0.5905145647057811
3869.0,959079.0,0.5139382689467036
3870.0,796286.0,0.426295522277741
3871.0,699351.0,0.3740429641360622
3872.0,805751.0,0.4305377754543334
3873.0,1047130.0,0.5589779652134711
3874.0,1253460.0,0.6684791042366869
3875.0,1374860.0,0.7325187312304191
3876.0,1379760.0,0.7344231790904743
3877.0,1262890.0,0.6715689661080994
3878.0,1130660.0,0.6006744100177153
3879.0,1047010.0,0.5556991265497092
3880.0,953330.0,0.5054913595050523
3881.0,824977.0,0.43701239482689325
3882.0,766976.0,0.40589621995413233
3883.0,958285.0,0.5066512951757405
3884.0,1351740.0,0.713984556657091
3885.0,1619330.0,0.8545002352146883
3886.0,1643950.0,0.8666557496109579
3887.0,1552620.0,0.8177196674816776
3888.0,1370160.0,0.7209279969111317
3889.0,1186050.0,0.623454938178701
3890.0,1240740.0,0.6515750991987268
3891.0,1450790.0,0.7611496745725076
3892.0,1579050.0,0.8276437496119182
3893.0,1612180.0,0.8441962007533096
3894.0,1604410.0,0.8393204913313902
3895.0,1541790.0,0.8057876770385757
3896.0,1578040.0,0.8239421071419266
3897.0,1646050.0,0.8586287041059976
3898.0,1654110.0,0.862007185056806
3899.0,1715200.0,0.8929884625817314
3900.0,1736110.0,0.9030117370735022
3901.0,1615660.0,0.8395599918767022
3902.0,1505510.0,0.7815766435982419
3903.0,1605450.0,0.8326672291473863
3904.0,1740740.0,0.9019780807838162
3905.0,1702900.0,0.8815344025898924
3906.0,1659520.0,0.8582648913564579
3907.0,1726500.0,0.8920617111158614
3908.0,1779350.0,0.9185015934909261
3909.0,1758050.0,0.9066522761942911
3910.0,1652610.0,0.8514746669144395
3911.0,1678630.0,0.8640701601654759
3912.0,1834680.0,0.9435130426894238
3913.0,1842700.0,0.9467529896578054
3914.0,1738590.0,0.8924309836289506
3915.0,1693050.0,0.8682476889293227
3916.0,1755330.0,0.8993526611110343
3917.0,1870490.0,0.9574697780556399
3918.0,1914060.0,0.9788693626086461
3919.0,1831340.0,0.9357046209184483
3920.0,1625340.0,0.8296898012414026
3921.0,1494510.0,0.7622075561905299
3922.0,1622990.0,0.8269787624687458
3923.0,1829850.0,0.9315352921642611
3924.0,1942430.0,0.9879518123123354
3925.0,1961260.0,0.9966287267418457
3926.0,1910910.0,0.970169507238379
3927.0,1771710.0,0.8986912708454795
3928.0,1632330.0,0.8272518003657914
3929.0,1635550.0,0.8281459026422522
3930.0,1619940.0,0.8195145457817231
3931.0,1432040.0,0.7238174551313283
3932.0,1078010.0,0.5443952774763927
3933.0,719469.0,0.36301353819709903
3934.0,626833.0,0.3159972572393875
3935.0,852874.0,0.42957464455275945
3936.0,1247130.0,0.6276093446288308
3937.0,1617590.0,0.8133391452648593
3938.0,1825440.0,0.9170605176021498
3939.0,1913020.0,0.960237913231775
3940.0,1945640.0,0.975781215008891
3941.0,1941920.0,0.9730915038349708
3942.0,1881840.0,0.9421915404160475
3943.0,1732110.0,0.8664987509304609
3944.0,1657830.0,0.8286483498195187
3945.0,1788490.0,0.8932159302959708
3946.0,1920660.0,0.9584335258764372
3947.0,1951600.0,0.9730738395378108
3948.0,1948730.0,0.9708499000193966
3949.0,1957170.0,0.9742633785927609
3950.0,1964340.0,0.9770435057110682
3951.0,1911760.0,0.9501278748400954
3952.0,1780280.0,0.8840778498876424
3953.0,1743980.0,0.8653649343616034
3954.0,1884680.0,0.9344436715825749
3955.0,1985080.0,0.9834524692048096
3956.0,1975110.0,0.9777519175416143
3957.0,1964160.0,0.9715797999612193
3958.0,1991230.0,0.9842138975814819
3959.0,2010560.0,0.9930104295585778
3960.0,1969630.0,0.9720585140563733
3961.0,1828880.0,0.9019163558842085
3962.0,1680790.0,0.8282665774003692
3963.0,1682650.0,0.8285685841414016
3964.0,1783320.0,0.877494360121992
3965.0,1786520.0,0.8784271155227137
3966.0,1594220.0,0.7833058038998428
3967.0,1223360.0,0.600654974816067
3968.0,836503.0,0.41041999698807985
3969.0,721141.0,0.353568796128669
3970.0,923651.0,0.45253995527814395
3971.0,1234700.0,0.6045167424813106
3972.0,1474640.0,0.7214950571746855
3973.0,1622340.0,0.7932175640470837
3974.0,1713370.0,0.8371578577532004
3975.0,1824130.0,0.8906773810130636
3976.0,1941610.0,0.9474096120633252
3977.0,1997270.0,0.9739271029236601
3978.0,2022580.0,0.9856257295941093
3979.0,2049290.0,0.997996885175137
3980.0,2058690.0,1.001933686460739
3981.0,2012870.0,0.9790138884227282
3982.0,1915450.0,0.9310476704588512
3983.0,1873590.0,0.9101364895271942
3984.0,1941450.0,0.9425230262710779
3985.0,1976720.0,0.9590641484409179
3986.0,1895390.0,0.9190535193954814
3987.0,1846610.0,0.8948703529763612
3988.0,1939400.0,0.9392864918051194
3989.0,2034200.0,0.9846301697838935
3990.0,2063120.0,0.9980581900328355
3991.0,2077150.0,1.0042786413623468
3992.0,2074480.0,1.0024292849353895
3993.0,2020010.0,0.9755719405389345
3994.0,1935800.0,0.934395507107101
3995.0,1932310.0,0.9322121214987205
3996.0,2001270.0,0.9649716573647847
3997.0,2026010.0,0.9763929876425599
3998.0,2009420.0,0.9679017496598256
3999.0,1974450.0,0.9505774363024759
4000.0,1881020.0,0.9051466042279824
4001.0,1813770.0,0.8723590121310008
4002.0,1906510.0,0.9165223256445494
4003.0,2034940.0,0.9777997410885229
4004.0,2056570.0,0.987733095830473
4005.0,1987570.0,0.9541569570031511
4006.0,1912070.0,0.9174997550402475
4007.0,1920800.0,0.9212820600810687
4008.0,2011070.0,0.964160823621627
4009.0,2071150.0,0.9925427307116906
4010.0,2084870.0,0.9987011689404413
4011.0,2089380.0,1.0004525449601984
4012.0,2082170.0,0.9966009635676314
4013.0,2071820.0,0.9912581808604644
4014.0,2049610.0,0.9802553925764035
4015.0,1999010.0,0.9556961419621293
4016.0,1913430.0,0.9144457093289846
4017.0,1844630.0,0.8812491946973927
4018.0,1871360.0,0.893705796480049
4019.0,1913900.0,0.9137090004637763
4020.0,1932910.0,0.9224766780547072
4021.0,1998060.0,0.9532593548172188
4022.0,2068190.0,0.9864054685508865
4023.0,2091990.0,0.9974493238473899
4024.0,2056150.0,0.9800674220881577
4025.0,1975960.0,0.9415707713036442
4026.0,1932730.0,0.920711183393857
4027.0,1956690.0,0.9318702134563448
4028.0,1994450.0,0.9496017544512966
4029.0,2013820.0,0.9585786347537048
4030.0,1988920.0,0.9464920126893452
4031.0,1962670.0,0.9337772354580592
4032.0,1951140.0,0.9280783025037689
4033.0,1875600.0,0.8919498638796767
4034.0,1778920.0,0.8457938572844713
4035.0,1791610.0,0.8516543062824318
4036.0,1888460.0,0.8975182820209107
4037.0,1956100.0,0.9294929696532518
4038.0,1989540.0,0.9452162655946221
4039.0,1978420.0,0.93977607982595
4040.0,1937980.0,0.920420973018029
4041.0,1965820.0,0.93350412566648
4042.0,2022340.0,0.9602093063498803
4043.0,2010610.0,0.9545151095371442
4044.0,1969960.0,0.9351033347831658
4045.0,1934480.0,0.9181585518102567
4046.0,1908990.0,0.9059669662914144
4047.0,1906790.0,0.9048381166188304
4048.0,1905920.0,0.90434899218272
4049.0,1909760.0,0.9061031230044589
4050.0,1941660.0,0.9211779829176364
4051.0,1998710.0,0.9481909050637087
4052.0,2013730.0,0.9552718791840363
4053.0,2000190.0,0.9488135816398346
4054.0,2014250.0,0.9554567901783676
4055.0,2032190.0,0.9639493006277291
4056.0,2032720.0,0.9641926763067695
4057.0,2007320.0,0.9521458158956838
4058.0,1967940.0,0.9334767427965606
4059.0,1970990.0,0.9349429204924952
4060.0,2036410.0,0.9660045497609039
4061.0,2097160.0,0.9948624839097343
4062.0,2085230.0,0.9892527589292399
4063.0,2020430.0,0.9585686650058427
4064.0,1962360.0,0.931083284487042
4065.0,1878370.0,0.8913037804841504
4066.0,1770570.0,0.8402273469633017
4067.0,1815710.0,0.861734870943252
4068.0,1982240.0,0.9408735745488681
4069.0,2085580.0,0.9900431938750677
4070.0,2095050.0,0.9946684730145258
4071.0,2056550.0,0.9765271911221445
4072.0,2038450.0,0.96807871657692
4073.0,2038340.0,0.9681822776127462
4074.0,1988010.0,0.9444374696905354
4075.0,1951430.0,0.927226664798821
4076.0,1992340.0,0.9468446432680276
4077.0,2027030.0,0.9635222101604831
4078.0,2046270.0,0.9728695605492637
4079.0,2087120.0,0.992505594009539
4080.0,2118060.0,1.0074449095334355
4081.0,2124070.0,1.0105386200136683
4082.0,2090010.0,0.9945736135786847
4083.0,1983170.0,0.9439659426064758
4084.0,1838570.0,0.8753618111623522
4085.0,1832340.0,0.8726250273580661
4086.0,1986200.0,0.9461539011864668
4087.0,2108430.0,1.0046577190325807
4088.0,2149280.0,1.0244125549321887
4089.0,2155430.0,1.027641177191567
4090.0,2148280.0,1.0245349091402027
4091.0,2139560.0,1.0206836667689234
4092.0,2127280.0,1.015136839222262
4093.0,2102800.0,1.0037682412995643
4094.0,2051120.0,0.9794095052837709
4095.0,1985010.0,0.9481473087171318
4096.0,1951720.0,0.9325508228921547
4097.0,1969100.0,0.9411667007325815
4098.0,1994410.0,0.9535836788341175
4099.0,1949240.0,0.932302749393393
4100.0,1779020.0,0.8511799011379677
4101.0,1524770.0,0.729785516681833
4102.0,1431820.0,0.6855372958523763
4103.0,1593730.0,0.7633267063059255
4104.0,1770180.0,0.8481396527445735
4105.0,1866850.0,0.8947767072599176
4106.0,1929480.0,0.9251279656015968
4107.0,1980650.0,0.9500061556224594
4108.0,2023550.0,0.9709358578645098
4109.0,2029580.0,0.9741848176998863
4110.0,2038070.0,0.9786184931346886
4111.0,2080060.0,0.9991478950494055
4112.0,2113390.0,1.0155317481894481
4113.0,2128610.0,1.0232226394847723
4114.0,2139190.0,1.02868812526959
4115.0,2148820.0,1.0337005852790906
4116.0,2154100.0,1.0366230739371725
4117.0,2138140.0,1.0293220063816342
4118.0,2086890.0,1.0050195351799451
4119.0,2030900.0,0.9784145946852305
4120.0,2028080.0,0.9774136673012028
4121.0,2060560.0,0.993429224968316
4122.0,2080260.0,1.0032910087882303
4123.0,2079450.0,1.0032625601356646
4124.0,2065860.0,0.9970637139457196
4125.0,2051530.0,0.9905006647666538
4126.0,2042060.0,0.9862775296950469
4127.0,2039640.0,0.985454691314184
4128.0,2042240.0,0.9870543616158268
4129.0,2048590.0,0.9904647869467198
4130.0,2051430.0,0.9921762558951932
4131.0,2032990.0,0.983589390021727
4132.0,1987420.0,0.9618623754499724
4133.0,1952590.0,0.9453162962509313
4134.0,1935540.0,0.9373656712419877
4135.0,1956490.0,0.9478142513426697
4136.0,2006760.0,0.9724729654628436
4137.0,2018430.0,0.9784305272525247
4138.0,2004940.0,0.9721864700911897
4139.0,2011040.0,0.9754353457956003
4140.0,2026170.0,0.9830620980467747
4141.0,2008480.0,0.9747597463023392
4142.0,1963260.0,0.9530827635536208
4143.0,1939020.0,0.9415763351683275
4144.0,1943380.0,0.9439503635082676
4145.0,1949670.0,0.947258394884382
4146.0,1969770.0,0.9572746231566804
4147.0,2013600.0,0.9788263689540322
4148.0,1998860.0,0.9719054784414215
4149.0,1910950.0,0.9293898904152145
4150.0,1884440.0,0.9167178367741332
4151.0,1965240.0,0.9562501085844562
4152.0,2011270.0,0.9788735841226507
4153.0,1962170.0,0.9551927086581368
4154.0,1906090.0,0.9280977414763376
4155.0,1948070.0,0.9487431130354472
4156.0,2009810.0,0.9790179924575427
4157.0,1989890.0,0.9695141862781996
4158.0,1943630.0,0.9471657038635484
4159.0,1955660.0,0.9532149539259074
4160.0,2016960.0,0.983281261147263
4161.0,2047370.0,0.9982921683432033
4162.0,2010690.0,0.9805848399183867
4163.0,1967110.0,0.9595007430791982
4164.0,1962040.0,0.9571919375494247
4165.0,1993850.0,0.9728728067887221
4166.0,1992240.0,0.9722446320828706
4167.0,1924570.0,0.9393681804980805
4168.0,1917560.0,0.9360892474980209
4169.0,1972580.0,0.9630903184756521
4170.0,2014370.0,0.9836343281760721
4171.0,2033320.0,0.9930249427479408
4172.0,1989830.0,0.9719151518093386
4173.0,1957440.0,0.9562176602322842
4174.0,1975820.0,0.9653161677591441
4175.0,1983960.0,0.969408900823824
4176.0,1999830.0,0.977275596548808
4177.0,1989750.0,0.9724569328993272
4178.0,1955450.0,0.9557943981502746
4179.0,1958550.0,0.9574064565949333
4180.0,1924950.0,0.941072530537686
4181.0,1859250.0,0.9090367229579734
4182.0,1839540.0,0.8994787691819458
4183.0,1837360.0,0.89848750002777
4184.0,1861250.0,0.9102415595327892
4185.0,1882160.0,0.9205359050393961
4186.0,1814770.0,0.8876384627148095
4187.0,1755220.0,0.8585676133753471
4188.0,1767590.0,0.8646712201570252
4189.0,1803390.0,0.8822339420294105
4190.0,1879710.0,0.9196185334887174
4191.0,1916230.0,0.9375304607299071
4192.0,1877120.0,0.918435827917348
4193.0,1876350.0,0.9180953942662698
4194.0,1850700.0,0.9055768613170471
4195.0,1781270.0,0.8716307602526248
4196.0,1799270.0,0.8804623968050831
4197.0,1841270.0,0.9010353216108338
4198.0,1829540.0,0.8953118001571401
4199.0,1844380.0,0.9025869890881069
4200.0,1882940.0,0.9214666577541836
4201.0,1875230.0,0.917699276043382
4202.0,1902800.0,0.931193477816011
4203.0,1960880.0,0.9596148897175787
4204.0,1951760.0,0.9551460951291283
4205.0,1885040.0,0.9224857226971577
4206.0,1850750.0,0.9056925676802868
4207.0,1880170.0,0.9200732574536938
4208.0,1955680.0,0.957003699828868
4209.0,1973320.0,0.9656109299098866
4210.0,1907180.0,0.9332188048905683
4211.0,1838790.0,0.8997241798621407
4212.0,1810420.0,0.8858096097724915
4213.0,1821840.0,0.8913605517011794
4214.0,1844250.0,0.9022843919380853
4215.0,1828140.0,0.8943591147911151
4216.0,1788240.0,0.8747933887292668
4217.0,1788020.0,0.874636580708858
4218.0,1832800.0,0.8964876390850689
4219.0,1934750.0,0.9462947838620356
4220.0,2053670.0,1.0043914738710722
4221.0,2067030.0,1.0108537392414603
4222.0,1988100.0,0.9721815549095922
4223.0,1892420.0,0.9253216556998698
4224.0,1863780.0,0.911243272466757
4225.0,1888700.0,0.9233484290802176
4226.0,1858320.0,0.9084155232658853
4227.0,1843300.0,0.9009899690560994
4228.0,1928880.0,0.9427304061540374
4229.0,1966670.0,0.9611046192202655
4230.0,1889580.0,0.9233361236821597
4231.0,1834770.0,0.8964582331532687
4232.0,1875460.0,0.9162387323656769
4233.0,1968840.0,0.9617500354287382
4234.0,2052820.0,1.0026564399861613
4235.0,1986540.0,0.9701673095177665
4236.0,1730650.0,0.8450943123552246
4237.0,1571420.0,0.7672438087653018
4238.0,1652010.0,0.8064873448919534
4239.0,1799020.0,0.8781389482487645
4240.0,1893990.0,0.924370118658571
4241.0,1879150.0,0.9169998129194398
4242.0,1699340.0,0.8291369812297744
4243.0,1570050.0,0.7659427870756386
4244.0,1708780.0,0.8334978544047684
4245.0,1935150.0,0.9437720453432417
4246.0,2004650.0,0.9775159204003389
4247.0,1852770.0,0.9033130236078873
4248.0,1619860.0,0.7896313979013176
4249.0,1540220.0,0.7506863977170147
4250.0,1688670.0,0.8229020456126023
4251.0,1884660.0,0.9182536177039456
4252.0,1928270.0,0.9393392846369293
4253.0,1813280.0,0.8831678560207066
4254.0,1686790.0,0.82141359641203
4255.0,1640010.0,0.7984883943390654
4256.0,1766880.0,0.8601004503743237
4257.0,1960530.0,0.9541889797780145
4258.0,1935390.0,0.941774586090823
4259.0,1809020.0,0.8801125383890962
4260.0,1789740.0,0.8705625010700626
4261.0,1759810.0,0.8558344833245252
4262.0,1736330.0,0.8442461394298532
4263.0,1751290.0,0.8513468494673251
4264.0,1689750.0,0.8212614131952836
4265.0,1694690.0,0.8234904822552954
4266.0,1758860.0,0.8544916254257486
4267.0,1689760.0,0.820745786485427
4268.0,1628790.0,0.7909603551004448
4269.0,1612260.0,0.7827617285991891
4270.0,1530510.0,0.7429070260497058
4271.0,1516880.0,0.7361261177542264
4272.0,1584280.0,0.7686605215366028
4273.0,1560550.0,0.7569738856350409
4274.0,1450920.0,0.7036329962709936
4275.0,1446180.0,0.7011703768814954
4276.0,1575020.0,0.763457258091885
4277.0,1729480.0,0.8381285301407604
4278.0,1771050.0,0.8580672291712323
4279.0,1584030.0,0.7672701593409998
4280.0,1347440.0,0.652510886114443
4281.0,1415350.0,0.6852272322566032
4282.0,1657100.0,0.8020675580240332
4283.0,1785860.0,0.8641719189898106
4284.0,1704010.0,0.8243553009318166
4285.0,1459980.0,0.7061188697891763
4286.0,1349760.0,0.6526421953940027
4287.0,1523520.0,0.7364673849234964
4288.0,1692650.0,0.8180095561723789
4289.0,1656760.0,0.8004528674221947
4290.0,1612990.0,0.7790976618439418
4291.0,1626290.0,0.7853104909412023
4292.0,1691180.0,0.8164236052249739
4293.0,1767460.0,0.8530151880796718
4294.0,1733120.0,0.8362120178953542
4295.0,1616790.0,0.7798680816429053
4296.0,1455340.0,0.7017960642159706
4297.0,1254850.0,0.6049456912296186
4298.0,1147720.0,0.5531435122517927
4299.0,1021310.0,0.49208027658178266
4300.0,903846.0,0.43536000037554834
4301.0,953506.0,0.45914773393771147
4302.0,1023120.0,0.4925266675176511
4303.0,1001820.0,0.4821323514228102
4304.0,977878.0,0.470472131177777
4305.0,1008450.0,0.4850377137432861
4306.0,1078820.0,0.5187299309781882
4307.0,1061250.0,0.5101295513342179
4308.0,915848.0,0.44010462372335796
4309.0,800583.0,0.3845988171834238
4310.0,752934.0,0.3615986909898412
4311.0,746816.0,0.35855124485589573
4312.0,849401.0,0.4076781152976055
4313.0,1111150.0,0.5331429498929663
4314.0,1446750.0,0.693953179555891
4315.0,1766870.0,0.8472397708578788
4316.0,2021370.0,0.9689736804097262
4317.0,2122940.0,1.0173436806071334
4318.0,2118240.0,1.0147716658209092
4319.0,2133280.0,1.0216534931853458
4320.0,2137360.0,1.0232822564170627
4321.0,2041030.0,0.9768515650362356
4322.0,1773080.0,0.8483369241640513
4323.0,1360430.0,0.6506935900943278
4324.0,1161520.0,0.555375551621674
4325.0,1309930.0,0.626134088891833
4326.0,1551540.0,0.7413800576623025
4327.0,1723430.0,0.8232461569869836
4328.0,1783170.0,0.8515035052457176
4329.0,1793650.0,0.8562262093418639
4330.0,1830140.0,0.8733569091107151
4331.0,1888300.0,0.9008128820835628
4332.0,1892210.0,0.9023782158936239
4333.0,1840570.0,0.8774589709517616
4334.0,1806580.0,0.860966856430359
4335.0,1833230.0,0.8733744890744425
4336.0,1862890.0,0.8872063351882685
4337.0,1757970.0,0.8369554340857918
4338.0,1557680.0,0.7413480562274691
4339.0,1368550.0,0.6511142616292499
4340.0,1237620.0,0.5886214595067653
4341.0,1271110.0,0.6043433592003032
4342.0,1449510.0,0.6889271563582795
4343.0,1602840.0,0.7615411272930174
4344.0,1745750.0,0.8291554992491739
4345.0,1872080.0,0.8888505271969828
4346.0,1874850.0,0.8898584219894528
4347.0,1822620.0,0.8647692687579068
4348.0,1835460.0,0.8705594798929011
4349.0,1925500.0,0.9129482198122841
4350.0,1901810.0,0.9014020630714656
4351.0,1719420.0,0.8146703342409446
4352.0,1540600.0,0.7296894157417956
4353.0,1506970.0,0.7135110662252592
4354.0,1539610.0,0.7287096494691321
4355.0,1509080.0,0.7140086910231859
4356.0,1509160.0,0.7137953498482899
4357.0,1604590.0,0.75866398766324
4358.0,1647080.0,0.7784788474442833
4359.0,1602370.0,0.7570794318394998
4360.0,1640630.0,0.7748820560514886
4361.0,1750520.0,0.8264910386183596
4362.0,1712700.0,0.8083478713694396
4363.0,1592060.0,0.7511422377448888
4364.0,1652310.0,0.779291369792768
4365.0,1785040.0,0.8415922186656645
4366.0,1729750.0,0.8152341647617328
4367.0,1639470.0,0.7724095584771496
4368.0,1716500.0,0.8084124154256023
4369.0,1757030.0,0.8272051378920448
4370.0,1644020.0,0.7737237171888917
4371.0,1553570.0,0.7308938412928614
4372.0,1560320.0,0.7338067801593924
4373.0,1605150.0,0.7546197226973616
4374.0,1626990.0,0.7646132506374452
4375.0,1631880.0,0.7666365086093778
4376.0,1635550.0,0.7680851814832096
4377.0,1646900.0,0.7731380113000758
4378.0,1687800.0,0.7920543344596561
4379.0,1736190.0,0.814470593946562
4380.0,1725460.0,0.8091465737271492
4381.0,1705740.0,0.7996119408287578
4382.0,1688040.0,0.7910306316125261
4383.0,1663150.0,0.7790873003373292
4384.0,1677620.0,0.7855836799468121
4385.0,1671620.0,0.7824932385178465
4386.0,1662620.0,0.7780011630867789
4387.0,1680240.0,0.7859642977855253
4388.0,1730520.0,0.8091935783365417
4389.0,1728920.0,0.80815575310277
4390.0,1680470.0,0.7852272637406545
4391.0,1677190.0,0.7834141026631128
4392.0,1692620.0,0.7903385962858801
4393.0,1697210.0,0.7921984783597247
4394.0,1694800.0,0.7907909339203614
4395.0,1696750.0,0.791418144978663
4396.0,1711550.0,0.7980365429450124
4397.0,1750140.0,0.8157388634990316
4398.0,1767460.0,0.8235183347175897
4399.0,1735930.0,0.8085397087935292
4400.0,1737800.0,0.8091230313912444
4401.0,1812810.0,0.8437481857774976
4402.0,1863920.0,0.8672290201033122
4403.0,1829730.0,0.8510198661119053
4404.0,1789200.0,0.8318747248554768
4405.0,1794530.0,0.8340581224377439
4406.0,1825310.0,0.8480647099980757
4407.0,1876130.0,0.8713693359038777
4408.0,1910470.0,0.8870064603604774
4409.0,1904280.0,0.8838220269453517
4410.0,1922940.0,0.8921696591542649
4411.0,1996820.0,0.9261228324358733
4412.0,2045790.0,0.9485035194977987
4413.0,2017360.0,0.9349960925313591
4414.0,1967630.0,0.911629988751884
4415.0,1931600.0,0.8946258282452987
4416.0,1928880.0,0.8930562473272301
4417.0,1952190.0,0.9035357939932842
4418.0,1992740.0,0.9219851130904624
4419.0,2063920.0,0.9545890477406208
4420.0,2100890.0,0.9713540451515066
4421.0,2056110.0,0.9503237402816295
4422.0,2045560.0,0.9451240212399223
4423.0,2114040.0,0.9764308316994447
4424.0,2135120.0,0.9858313982235137
4425.0,2084170.0,0.961979790375939
4426.0,2048310.0,0.9451077609869766
4427.0,2050710.0,0.9458954224717969
4428.0,2079660.0,0.9589254528351361
4429.0,2092890.0,0.9647015020108967
4430.0,2079330.0,0.9581299927436243
4431.0,2113800.0,0.9736879639350787
4432.0,2164890.0,0.9968896140336355
4433.0,2162240.0,0.9953387417563003
4434.0,2114850.0,0.973201587908046
4435.0,2056080.0,0.9458449253368792
4436.0,2068170.0,0.9510937428996326
4437.0,2148810.0,0.9878539614921644
4438.0,2192640.0,1.0076743000611506
4439.0,2166190.0,0.995194576051764
4440.0,2117880.0,0.9726842703998788
4441.0,2088390.0,0.9588302490880258
4442.0,2089950.0,0.9592373624246536
4443.0,2118040.0,0.9718179328026411
4444.0,2158240.0,0.9899460892284053
4445.0,2188280.0,1.0034049774905973
4446.0,2182500.0,1.0004368143992304
4447.0,2139720.0,0.98051651337731
4448.0,2109640.0,0.9664277131832311
4449.0,2123080.0,0.9722790922298037
4450.0,2150490.0,0.9845235003263709
4451.0,2176030.0,0.9959054769878503
4452.0,2185190.0,0.9997871302395067
4453.0,2164090.0,0.9898269316161575
4454.0,2120990.0,0.9698145518007488
4455.0,2095230.0,0.9577417642179473
4456.0,2121730.0,0.9695584773763597
4457.0,2166850.0,0.9898751726667674
4458.0,2197010.0,1.0033485690353785
4459.0,2198450.0,1.003702813742285
4460.0,2191380.0,1.000173906321312
4461.0,2172730.0,0.9913645785035116
4462.0,2150890.0,0.9811065660161179
4463.0,2158420.0,0.9842486341046018
4464.0,2171390.0,0.9898699025474832
4465.0,2174970.0,0.9912096479770971
4466.0,2186520.0,0.9961809012301317
4467.0,2185000.0,0.9951974436619467
4468.0,2148750.0,0.9784019327349026
4469.0,2112090.0,0.9614306980454759
4470.0,2112680.0,0.961421855535109
4471.0,2138750.0,0.9730060753317871
4472.0,2161200.0,0.982938408054284
4473.0,2162160.0,0.9830951453838461
4474.0,2160080.0,0.9818711437264505
4475.0,2168860.0,0.985584084638773
4476.0,2176650.0,0.9888463880594585
4477.0,2183410.0,0.9916402846555438
4478.0,2202660.0,1.0001048601177707
4479.0,2222150.0,1.0086749211116444
4480.0,2223860.0,1.009173060599666
4481.0,2206590.0,1.0010615523586555
4482.0,2175220.0,0.9865607514473685
4483.0,2173080.0,0.98532261858717
4484.0,2201850.0,0.9980979008379921
4485.0,2215010.0,1.0037934670267832
4486.0,2203990.0,0.9985323563264471
4487.0,2193540.0,0.9935335111771685
4488.0,2196990.0,0.9948327495431235
4489.0,2202340.0,0.9969927187887012
4490.0,2208480.0,0.9995103916560705
4491.0,2220370.0,1.0046297071775512
4492.0,2220000.0,1.0042019570461638
4493.0,2202300.0,0.9959386687772518
4494.0,2168840.0,0.9805556876552922
4495.0,2146510.0,0.9702125889306508
4496.0,2159310.0,0.9757506205793485
4497.0,2182620.0,0.9860352334480842
4498.0,2189000.0,0.988669512947788
4499.0,2189670.0,0.9887255184809821
4500.0,2185920.0,0.9867875278510468
4501.0,2162390.0,0.9759247827143079
4502.0,2161800.0,0.9754194078201839
4503.0,2194000.0,0.9897071010755137
4504.0,2216750.0,0.9997273905040345
4505.0,2217770.0,0.9999466255465105
4506.0,2210240.0,0.9963130571467667
4507.0,2218710.0,0.9998932480723133
4508.0,2237100.0,1.007942683272512
4509.0,2246910.0,1.0121248747584124
4510.0,2233950.0,1.0060521502358464
4511.0,2200200.0,0.9906231485050947
4512.0,2186200.0,0.9840929351753653
4513.0,2190640.0,0.9858657913505828
4514.0,2184720.0,0.9829779544962934
4515.0,2184170.0,0.9825084468745353
4516.0,2197720.0,0.9883817811089016
4517.0,2202720.0,0.9904095934570416
4518.0,2207300.0,0.9922491548411694
4519.0,2228450.0,1.0015364519106653
4520.0,2241650.0,1.0072489568206464
4521.0,2234320.0,1.0037376497194521
4522.0,2212920.0,0.9939099615001734
4523.0,2200040.0,0.9879138273743716
4524.0,2197090.0,0.9863797870087675
4525.0,2199880.0,0.9874243023936867
4526.0,2206140.0,0.9900270701882503
4527.0,2187620.0,0.9815122960556166
4528.0,2166230.0,0.9717151306713173
4529.0,2182340.0,0.9787415708647419
4530.0,2204370.0,0.9884211322887331
4531.0,2195500.0,0.9842457929386558
4532.0,2174580.0,0.9746726968754835
4533.0,2138640.0,0.958374112020202
4534.0,2124860.0,0.9520119092041665
4535.0,2161570.0,0.9682705711833679
4536.0,2201370.0,0.9859083361152524
4537.0,2228910.0,0.998051140946181
4538.0,2240210.0,1.0029204000191732
4539.0,2241910.0,1.0034923918379939
4540.0,2233250.0,0.9994294363699918
4541.0,2213520.0,0.9904164344845602
4542.0,2217690.0,0.9921001882199811
4543.0,2242170.0,1.0028691034756274
4544.0,2249260.0,1.005859011855191
4545.0,2246840.0,1.0045974099129218
4546.0,2250180.0,1.0059128232324717
4547.0,2242850.0,1.0024603726674446
4548.0,2206670.0,0.9861182616711056
4549.0,2151240.0,0.9611824426347322
4550.0,2135190.0,0.953848883255347
4551.0,2169050.0,0.9688118195984703
4552.0,2195110.0,0.980288041505683
4553.0,2196730.0,0.9808495241782994
4554.0,2193040.0,0.9790419144418974
4555.0,2208620.0,0.985837879706906
4556.0,2228270.0,0.9944497128248238
4557.0,2239010.0,0.9990846932334899
4558.0,2240530.0,0.999606432801336
4559.0,2238270.0,0.9984435372810713
4560.0,2237040.0,0.9977420969328823
4561.0,2241070.0,0.99938823884741
4562.0,2233580.0,0.9958991170379715
4563.0,2208620.0,0.984624455539819
4564.0,2200240.0,0.9807452608164849
4565.0,2222880.0,0.9906939017034146
4566.0,2249590.0,1.0024550767736047
4567.0,2262580.0,1.0081016720725768
4568.0,2261270.0,1.0073779204642712
4569.0,2252640.0,1.0033955889081485
4570.0,2231710.0,0.9939380582448009
4571.0,2190380.0,0.9754004892504647
4572.0,2171720.0,0.9669634488286982
4573.0,2204670.0,0.9815068294238215
4574.0,2234970.0,0.9948685968070068
4575.0,2234700.0,0.994622620563482
4576.0,2225690.0,0.990488975208079
4577.0,2225950.0,0.9904830240715
4578.0,2237120.0,0.9953329165459558
4579.0,2245370.0,0.9988844526897511
4580.0,2241930.0,0.9972371216880626
4581.0,2241310.0,0.9968462252058145
4582.0,2244950.0,0.9983517143444972
4583.0,2234530.0,0.9936067804516419
4584.0,2222750.0,0.9882600637950614
4585.0,2226180.0,0.9896781545981255
4586.0,2234940.0,0.9934670544575125
4587.0,2245410.0,0.9980170547138589
4588.0,2247810.0,0.998981478752028
4589.0,2237880.0,0.9944683819391512
4590.0,2230590.0,0.9911311039174643
4591.0,2233130.0,0.9921637497369872
4592.0,2232920.0,0.9919763890011433
4593.0,2236190.0,0.9933367986558999
4594.0,2246800.0,0.9979590537236198
4595.0,2254730.0,1.001392118812644
4596.0,2256650.0,1.0021575150039115
4597.0,2253310.0,1.0005889897505158
4598.0,2252910.0,1.0003280676616757
4599.0,2255280.0,1.0012989500639973
4600.0,2250340.0,0.9990263861480325
4601.0,2241080.0,0.9948384326461442
4602.0,2228270.0,0.9890773009841174
4603.0,2218530.0,0.9846815676968942
4604.0,2227980.0,0.9888051647461544
4605.0,2239370.0,0.9937910474667381
4606.0,2241180.0,0.9945270348887734
4607.0,2242100.0,0.9948699282172229
4608.0,2247250.0,0.9970915079141426
4609.0,2250080.0,0.9982853982264344
4610.0,2247070.0,0.9968901711472732
4611.0,2244870.0,0.9958563066810403
4612.0,2245570.0,0.9961108250268568
4613.0,2244260.0,0.9954755925803245
4614.0,2246130.0,0.9962527206686639
4615.0,2247000.0,0.9965880672711095
4616.0,2238770.0,0.9928893573522681
4617.0,2234640.0,0.9910110439871747
4618.0,2229930.0,0.9888774697955401
4619.0,2224240.0,0.9863112705290275
4620.0,2228970.0,0.9883674521263404
4621.0,2236570.0,0.9916977548892895
4622.0,2239110.0,0.9927859939997831
4623.0,2241240.0,0.993694081131402
4624.0,2241960.0,0.9939786755557339
4625.0,2237840.0,0.9921191824406285
4626.0,2235780.0,0.9911747279022334
4627.0,2232650.0,0.9897576457302689
4628.0,2224470.0,0.9861036315143752
4629.0,2214400.0,0.9816136286883089
4630.0,2217930.0,0.9831540064127242
4631.0,2229980.0,0.988472523058366
4632.0,2233060.0,0.98981638789916
4633.0,2230890.0,0.9888347304659215
4634.0,2222980.0,0.985310486286462
4635.0,2215110.0,0.9818056425556022
4636.0,2212260.0,0.980527426462026
4637.0,2211590.0,0.9802169776012778
4638.0,2217010.0,0.9826072041704456
4639.0,2224480.0,0.9859074450125969
4640.0,2229140.0,0.9879637020568122
4641.0,2233840.0,0.9900391279705945
4642.0,2231520.0,0.9890047425857907
4643.0,2230320.0,0.9884681997878512
4644.0,2230000.0,0.9883231109436614
4645.0,2222970.0,0.985205621122021
4646.0,2214640.0,0.9815133962348838
4647.0,2211550.0,0.9801448951881883
4648.0,2213980.0,0.9812242010945131
4649.0,2219160.0,0.9835236695928221
4650.0,2220370.0,0.9840650165820919
4651.0,2214290.0,0.9813767754321799
4652.0,2208270.0,0.9787164166064312
4653.0,2204430.0,0.9770235209401967
4654.0,2201140.0,0.9755756574796279
4655.0,2200740.0,0.9754099484781703
4656.0,2203980.0,0.9768588452221171
4657.0,2210930.0,0.9799534309319382
4658.0,2215540.0,0.9820121847730975
4659.0,2220780.0,0.9843514933832191
4660.0,2225070.0,0.9862710262126914
4661.0,2222950.0,0.985350541278973
4662.0,2220070.0,0.9840943420144446
4663.0,2218420.0,0.983384520606866
4664.0,2218960.0,0.9836466580310768
4665.0,2218720.0,0.9835642016842354
4666.0,2209890.0,0.9796748325037395
4667.0,2200410.0,0.9754982388772357
4668.0,2197260.0,0.9741288701959165
4669.0,2203060.0,0.9767285229321744
4670.0,2206180.0,0.9781412128520408
4671.0,2203530.0,0.9769967870298751
4672.0,2199990.0,0.9754587445534919
4673.0,2194630.0,0.9731146611651511
4674.0,2193180.0,0.9725052467630974
4675.0,2187490.0,0.970016645036753
4676.0,2174740.0,0.9643980939265527
4677.0,2158660.0,0.9573033672853174
4678.0,2143110.0,0.9504441290293607
4679.0,2142870.0,0.95037538992019
4680.0,2156010.0,0.9562419446115685
4681.0,2168980.0,0.9620345234940444
4682.0,2170050.0,0.962550148397449
4683.0,2164590.0,0.9601701616121727
4684.0,2158640.0,0.9575735116732648
4685.0,2168700.0,0.962079889196468
4686.0,2189640.0,0.9714143846955094
4687.0,2200840.0,0.9764293705523147
4688.0,2204110.0,0.9779273019742852
4689.0,2202060.0,0.9770657326411447
4690.0,2195560.0,0.9742303431631415
4691.0,2188160.0,0.9709961305045164
4692.0,2182240.0,0.968419192925269
4693.0,2173720.0,0.964688924571254
4694.0,2162700.0,0.9598495041187031
4695.0,2153330.0,0.9557426827023293
4696.0,2139770.0,0.9497763656365084
4697.0,2134290.0,0.9473967894096041
4698.0,2160640.0,0.9591475955586519
4699.0,2192700.0,0.9734353855404725
4700.0,2203020.0,0.9780736530350047
4701.0,2195320.0,0.9747123792100615
4702.0,2172030.0,0.9644291071350333
4703.0,2154130.0,0.9565387093112211
4704.0,2167310.0,0.9624498961770408
4705.0,2186790.0,0.9711603140075363
4706.0,2191420.0,0.9732771190509156
4707.0,2186840.0,0.9713041266634252
4708.0,2184090.0,0.9701443728516579
4709.0,2183910.0,0.9701267176585036
4710.0,2180930.0,0.9688657767185231
4711.0,2174970.0,0.9662813243040569
4712.0,2163110.0,0.9610757195299474
4713.0,2137800.0,0.949893712257533
4714.0,2106910.0,0.9362312069434291
4715.0,2114160.0,0.9395165013255152
4716.0,2165170.0,0.9622506901965052
4717.0,2202890.0,0.9790817236856136
4718.0,2212420.0,0.9833855829458414
4719.0,2211850.0,0.9832009346623986
4720.0,2209340.0,0.9821543242635575
4721.0,2201630.0,0.9787962314697287
4722.0,2195220.0,0.9760161106552856
4723.0,2202470.0,0.9793098397151715
4724.0,2215690.0,0.9852591778077838
4725.0,2221710.0,0.9880079168585868
4726.0,2218950.0,0.9868526629647166
4727.0,2214250.0,0.9848347814310117
4728.0,2212520.0,0.9841380553827248
4729.0,2213280.0,0.9845492425532634
4730.0,2214510.0,0.9851699395817636
4731.0,2211460.0,0.9838868886110199
4732.0,2199720.0,0.9787374738218914
4733.0,2180850.0,0.9704149581191539
4734.0,2163430.0,0.9627367416983129
4735.0,2146350.0,0.9552089590473867
4736.0,2125600.0,0.9460468835281297
4737.0,2142020.0,0.9534282932361016
4738.0,2197460.0,0.9781805103800226
4739.0,2233820.0,0.9944428431555573
4740.0,2240620.0,0.997547512975611
4741.0,2236830.0,0.9959377441453151
4742.0,2232460.0,0.9940696733677628
4743.0,2229880.0,0.9929986223953389
4744.0,2232390.0,0.9941944195290601
4745.0,2242410.0,0.9987354180375759
4746.0,2251560.0,1.0028897779969088
4747.0,2255090.0,1.0045414850621084
4748.0,2254380.0,1.0043047106127552
4749.0,2249620.0,1.0022636431202099
4750.0,2244690.0,1.0001466170378597
4751.0,2241400.0,0.9987601306041919
4752.0,2241980.0,0.9990981043849374
4753.0,2245540.0,1.0007642934379466
4754.0,2247130.0,1.0015527725808946
4755.0,2248980.0,1.002457316355722
4756.0,2250060.0,1.003018792395928
4757.0,2250920.0,1.003482301182182
4758.0,2253100.0,1.004534408458545
4759.0,2252760.0,1.0044630591323316
4760.0,2246300.0,1.0016626710164311
4761.0,2234600.0,0.9965250155409103
4762.0,2226450.0,0.9929697541877444
4763.0,2230550.0,0.9948776579058064
4764.0,2239720.0,0.9990473172460106
4765.0,2244170.0,1.001111993789202
4766.0,2244980.0,1.001552991762331
4767.0,2247000.0,1.002533813298015
4768.0,2249910.0,1.003911789640611
4769.0,2249870.0,1.0039734549350472
4770.0,2242140.0,1.0006031566815112
4771.0,2228620.0,0.9946480522630927
4772.0,2219930.0,0.9908476703884462
4773.0,2225220.0,0.9932868583026534
4774.0,2239660.0,0.9998109032189929
4775.0,2247890.0,1.0035633259592054
4776.0,2247510.0,1.0034719053274836
4777.0,2248250.0,1.0038803333472484
4778.0,2248190.0,1.0039313356712813
4779.0,2239860.0,1.0002888232197702
4780.0,2230390.0,0.9961363293555792
4781.0,2232630.0,0.9972132315637693
4782.0,2235120.0,0.9984016728734958
4783.0,2227490.0,0.995069156140439
4784.0,2226760.0,0.9948184271000294
4785.0,2237860.0,0.9998528471923638
4786.0,2243630.0,1.0025061072825532
4787.0,2239300.0,1.00064614889641
4788.0,2229850.0,0.9964974609933062
4789.0,2222860.0,0.993447201012475
4790.0,2229010.0,0.9962690922903198
4791.0,2239490.0,1.0010264457869749
4792.0,2240510.0,1.0015552466874416
4793.0,2235790.0,0.999517597176805
4794.0,2232330.0,0.9980425292532681
4795.0,2231560.0,0.9977695315054323
4796.0,2231010.0,0.9975943905229941
4797.0,2230490.0,0.99743215027167
4798.0,2229770.0,0.997179942179011
4799.0,2231420.0,0.9979871496828301
4800.0,2236050.0,1.0001268165564254
4801.0,2239120.0,1.0015684396845972
4802.0,2237730.0,1.0010145896183251
4803.0,2229190.0,0.9972614366747371
4804.0,2214100.0,0.9905767656792549
4805.0,2207610.0,0.9877384679820493
4806.0,2214330.0,0.9908100602283382
4807.0,2221120.0,0.9939127628942622
4808.0,2228440.0,0.9972524187564525
4809.0,2233980.0,0.9997952371114719
4810.0,2233240.0,0.9995269916320485
4811.0,2228810.0,0.9976064126276915
4812.0,2224940.0,0.9959355825430153
4813.0,2220260.0,0.9939012565742095
4814.0,2208870.0,0.9888620607988042
4815.0,2205900.0,0.9875912185999299
4816.0,2219100.0,0.993559314026255
4817.0,2226680.0,0.9970110182850188
4818.0,2225190.0,0.9964010712983903
4819.0,2223040.0,0.9954948739853111
4820.0,2224090.0,0.9960210482835266
4821.0,2221900.0,0.9950956645259279
4822.0,2209690.0,0.989681872389288
4823.0,2194750.0,0.9830442157377041
4824.0,2191000.0,0.9814177434541772
4825.0,2201940.0,0.9863711514692263
4826.0,2209730.0,0.989913577340962
4827.0,2210420.0,0.9902752133648102
4828.0,2211370.0,0.9907530651428579
4829.0,2213880.0,0.9919296510112678
4830.0,2214760.0,0.9923757598591182
4831.0,2207590.0,0.9892145289613343
4832.0,2199060.0,0.9854433565311445
4833.0,2196920.0,0.9845352959354408
4834.0,2198280.0,0.9851956252038845
4835.0,2200040.0,0.986035233859628
4836.0,2205150.0,0.9883764120060391
4837.0,2209730.0,0.9904802713771284
4838.0,2204510.0,0.9881914494005241
4839.0,2190540.0,0.9819799969380869
4840.0,2183930.0,0.9790675383843999
4841.0,2185820.0,0.9799657144219117
4842.0,2183780.0,0.9791021383981833
4843.0,2182960.0,0.9787857025491239
4844.0,2193200.0,0.9834287736780599
4845.0,2198010.0,0.9856376816267508
4846.0,2190060.0,0.9821249634017097
4847.0,2187910.0,0.9812133514845736
4848.0,2191480.0,0.9828674179688186
4849.0,2194010.0,0.9840556251346531
4850.0,2193810.0,0.9840198942423981
4851.0,2180810.0,0.9782429723462505
4852.0,2165080.0,0.9712412701348501
4853.0,2160330.0,0.9691651720575118
4854.0,2157430.0,0.9679194177257789
4855.0,2144330.0,0.9620977012219413
4856.0,2118290.0,0.9504698234910449
4857.0,2080260.0,0.933461063730707
4858.0,2015540.0,0.9044738365966759
4859.0,1879340.0,0.8434052188849324
4860.0,1630720.0,0.7318751821251974
4861.0,1403440.0,0.6299100560518744
4862.0,1468820.0,0.6592964307962842
4863.0,1744730.0,0.7831919859826466
4864.0,1958190.0,0.8790692975086637
4865.0,2062320.0,0.9258764729079542
4866.0,2108170.0,0.9465243361074487
4867.0,2131920.0,0.9572528873797005
4868.0,2154310.0,0.9673732727417279
4869.0,2169600.0,0.974307757368408
4870.0,2158460.0,0.9693745321006356
4871.0,2129550.0,0.9564605924808874
4872.0,2131440.0,0.9573804014010863
4873.0,2169700.0,0.9746391416812126
4874.0,2193350.0,0.9853384054135528
4875.0,2192120.0,0.9848627153096682
4876.0,2192270.0,0.9850083616105159
4877.0,2189860.0,0.9840051041817752
4878.0,2179170.0,0.9792822232292657
4879.0,2186600.0,0.9827035227005754
4880.0,2202880.0,0.9901046151876949
4881.0,2202640.0,0.9900828189123392
4882.0,2199860.0,0.9889207742005698
4883.0,2202970.0,0.9904081550231677
4884.0,2201090.0,0.9896538563401638
4885.0,2197690.0,0.9882176184777003
4886.0,2194930.0,0.987070639990854
4887.0,2195200.0,0.9872879314918238
4888.0,2196430.0,0.9879388551488609
4889.0,2187110.0,0.9838459389189604
4890.0,2156050.0,0.969973552130425
4891.0,2129030.0,0.9579178736468816
4892.0,2156380.0,0.9703269087984514
4893.0,2202460.0,0.991169576566724
4894.0,2221490.0,0.999844205328174
4895.0,2223680.0,1.0009426608525964
4896.0,2221630.0,1.0001346989998208
4897.0,2219630.0,0.999351193975962
4898.0,2217960.0,0.998718265079952
4899.0,2216610.0,0.9982314939976691
4900.0,2214870.0,0.9975711841222179
4901.0,2210780.0,0.9958544124243394
4902.0,2203030.0,0.9924906331339193
4903.0,2195370.0,0.9891688635680244
4904.0,2197150.0,0.9901025257756189
4905.0,2204710.0,0.9936438173689377
4906.0,2205970.0,0.9943486973146003
4907.0,2201950.0,0.9926757955681087
4908.0,2198960.0,0.991469123761456
4909.0,2192770.0,0.9888213351106241
4910.0,2182740.0,0.984443102314035
4911.0,2177360.0,0.9821632655930899
4912.0,2181770.0,0.9843016166359866
4913.0,2191310.0,0.9887574686646806
4914.0,2203710.0,0.9945074598557756
4915.0,2216140.0,1.0002748495259282
4916.0,2218620.0,1.0015543621037908
4917.0,2209080.0,0.9974092023816012
4918.0,2187640.0,0.9878908638917984
4919.0,2159450.0,0.9753226274071046
4920.0,2146140.0,0.9694737673483834
4921.0,2160480.0,0.9761171576152371
4922.0,2182540.0,0.9862531277719017
4923.0,2176620.0,0.9837484689119836
4924.0,2166770.0,0.9794681365149377
4925.0,2186760.0,0.9886792532123927
4926.0,2205710.0,0.9974250123671358
4927.0,2206250.0,0.9978490197760032
4928.0,2207640.0,0.9986592935140184
4929.0,2213440.0,1.0014667278183869
4930.0,2210940.0,1.0005207199663881
4931.0,2199500.0,0.9955294714975527
4932.0,2185080.0,0.9891887602415612
4933.0,2163030.0,0.9793923011928383
4934.0,2145890.0,0.9718170882230963
4935.0,2156190.0,0.9766695346681202
4936.0,2168440.0,0.982408590877461
4937.0,2168230.0,0.9825050566680208
4938.0,2160340.0,0.9791220146952817
4939.0,2153900.0,0.9763961375222886
4940.0,2164420.0,0.9813600904164849
4941.0,2179560.0,0.9884222991501919
4942.0,2190900.0,0.993764804925023
4943.0,2200530.0,0.9983347413983209
4944.0,2208710.0,1.0022495990865377
4945.0,2212630.0,1.0042335959853654
4946.0,2210170.0,1.0033231281025858
4947.0,2213950.0,1.0052464983098528
4948.0,2219860.0,1.0081388935903906
4949.0,2213200.0,1.0053235629066084
4950.0,2197750.0,0.9985142827562333
4951.0,2195510.0,0.9977059586938445
4952.0,2209540.0,1.004293181915981
4953.0,2219830.0,1.0091836198351014
4954.0,2218930.0,1.0089885171364066
4955.0,2207680.0,1.0040866441676886
4956.0,2173510.0,0.9887566999199913
4957.0,2125000.0,0.9668959243753176
4958.0,2128680.0,0.9687783551466291
4959.0,2179910.0,0.9923071052585503
4960.0,2207630.0,1.0051422705561022
4961.0,2211760.0,1.0072404759261333
4962.0,2214720.0,1.0088070512019347
4963.0,2216320.0,1.0097550522245011
4964.0,2213100.0,1.0085073223311927
4965.0,2204120.0,1.004633940818998
4966.0,2200730.0,1.0033075902928037
4967.0,2205730.0,1.005806692869828
4968.0,2210210.0,1.008069897390965
4969.0,2209640.0,1.0080304429638915
4970.0,2204090.0,1.005718722229911
4971.0,2204990.0,1.0063498179088204
4972.0,2211120.0,1.0093687025365616
4973.0,2211480.0,1.0097543470991848
4974.0,2205510.0,1.0072492329739173
4975.0,2203330.0,1.006474206837501
4976.0,2208710.0,1.0091528720090073
4977.0,2212590.0,1.0111470688827144
4978.0,2206450.0,1.0085618430877512
4979.0,2195650.0,1.003844728037876
4980.0,2192050.0,1.0024178336476148
4981.0,2183120.0,0.9985521003993938
4982.0,2165620.0,0.9907636096150291
4983.0,2157560.0,0.9872910733698932
4984.0,2166830.0,0.9917484971560756
4985.0,2184170.0,0.9999018306288369
4986.0,2194870.0,1.0050178119116546
4987.0,2196780.0,1.006109739016528
4988.0,2194610.0,1.005332576737097
4989.0,2196970.0,1.0066300985263614
4990.0,2191440.0,1.0043116616684051
4991.0,2177350.0,0.9980677882760693
4992.0,2176920.0,0.9980834549149926
4993.0,2185710.0,1.0023265275673237
4994.0,2189350.0,1.0042084421152455
4995.0,2193460.0,1.0063059760910478
4996.0,2195310.0,1.007366503680498
4997.0,2192740.0,1.0063979600436392
4998.0,2190220.0,1.005451051917513
4999.0,2180950.0,1.001403475771057
5000.0,2173740.0,0.9982993044320463
5001.0,2171560.0,0.9975033619814612
5002.0,2174290.0,0.9989619067857024
5003.0,2184660.0,1.0039308175550747
5004.0,2187130.0,1.005269544279416
5005.0,2162010.0,0.9939239093260812
5006.0,2136720.0,0.9824943542974972
5007.0,2147380.0,0.9875926340708617
5008.0,2172250.0,0.9992282382738198
5009.0,2180360.0,1.0031560629089316
5010.0,2178730.0,1.0026019519489304
5011.0,2172470.0,0.9999152060011677
5012.0,2160580.0,0.9946342033135931
5013.0,2154190.0,0.9918821639152245
5014.0,2152290.0,0.9911953789072907
5015.0,2162750.0,0.996200049316894
5016.0,2170810.0,1.0000993499515405
5017.0,2151420.0,0.9913498517364001
5018.0,2124260.0,0.9790145181327833
5019.0,2135220.0,0.9842447187701473
5020.0,2163450.0,0.9974372925599161
5021.0,2169820.0,1.0005527195506556
5022.0,2165270.0,0.9986311203512216
5023.0,2168730.0,1.0004019162466018
5024.0,2172990.0,1.0025405612316831
5025.0,2172680.0,1.002569245852454
5026.0,2172150.0,1.0024944686350816
5027.0,2172930.0,1.0030223874259419
5028.0,2175960.0,1.0045872402252654
5029.0,2176710.0,1.005097764253999
5030.0,2169260.0,1.0018193962070665
5031.0,2168880.0,1.0018034828822924
5032.0,2175460.0,1.0050007304066992
5033.0,2172280.0,1.0036872341681111
5034.0,2163040.0,0.9995706893822668
5035.0,2162120.0,0.9992959994914306
5036.0,2165410.0,1.0009650100416332
5037.0,2161190.0,0.9991601539132542
5038.0,2156050.0,0.996927008546455
5039.0,2157050.0,0.9975302741544477
5040.0,2141280.0,0.990374885068441
5041.0,2114910.0,0.9783117354542195
5042.0,2122710.0,0.9820512803471259
5043.0,2153480.0,0.9964175492018925
5044.0,2165530.0,1.0021220894182348
5045.0,2163300.0,1.0012163909069052
5046.0,2164110.0,1.001714938331528
5047.0,2164860.0,1.0021831218071806
5048.0,2157310.0,0.9988058793213974
5049.0,2142640.0,0.9921282277175432
5050.0,2135630.0,0.9889935475719062
5051.0,2133130.0,0.9879441245840485
5052.0,2125860.0,0.9846821920815597
5053.0,2134580.0,0.9888239065994281
5054.0,2156650.0,0.9991484236751559
5055.0,2159930.0,1.0007659763331462
5056.0,2149040.0,0.9958147557482502
5057.0,2153660.0,0.9980471800752145
5058.0,2160620.0,1.001361399715497
5059.0,2152840.0,0.997841057106641
5060.0,2149190.0,0.9962313578631308
5061.0,2154570.0,0.998804269524589
5062.0,2151860.0,0.9976237215519271
5063.0,2142170.0,0.9932034909517663
5064.0,2135720.0,0.9902817073018304
5065.0,2138750.0,0.9917522774800346
5066.0,2142760.0,0.9936743439613085
5067.0,2136900.0,0.991016178064319
5068.0,2133970.0,0.9897135292891501
5069.0,2130120.0,0.9879809918108255
5070.0,2128260.0,0.987168319191886
5071.0,2140000.0,0.9926611148802209
5072.0,2144320.0,0.9947094896759315
5073.0,2135760.0,0.990780104446185
5074.0,2133870.0,0.9899418887351268
5075.0,2135720.0,0.9908359184601102
5076.0,2132600.0,0.989421400501458
5077.0,2130790.0,0.9886118535189424
5078.0,2131690.0,0.989056946452199
5079.0,2119700.0,0.9835185818093334
5080.0,2106400.0,0.9773695095084535
5081.0,2114990.0,0.9813747873839385
5082.0,2116310.0,0.9820042858609399
5083.0,2106710.0,0.9775641742340805
5084.0,2115900.0,0.9818406233109185
5085.0,2127570.0,0.987265560299648
5086.0,2126720.0,0.9868784502455413
5087.0,2126740.0,0.9868927014494188
5088.0,2126830.0,0.9869371245216819
5089.0,2119810.0,0.9836799387343443
5090.0,2122030.0,0.9847082653656881
5091.0,2124470.0,0.9858364813276788
5092.0,2119530.0,0.983537942998235
5093.0,2120170.0,0.9838266216073757
5094.0,2117350.0,0.9825076829360934
5095.0,2107160.0,0.9777669008193415
5096.0,2102110.0,0.9754092914791029
5097.0,2096360.0,0.9727250028810707
5098.0,2092770.0,0.9710411388530277
5099.0,2101620.0,0.9751274921971286
5100.0,2107380.0,0.9777781417774322
5101.0,2109740.0,0.9788493769036101
5102.0,2116030.0,0.9817421322109721
5103.0,2114970.0,0.9812230235805475
5104.0,2112440.0,0.9800202732813185
5105.0,2110020.0,0.978866969066089
5106.0,2097940.0,0.9732308628379994
5107.0,2085420.0,0.9673894568719384
5108.0,2082630.0,0.9660603503093484
5109.0,2085450.0,0.9673320436142134
5110.0,2082930.0,0.9661253363483551
5111.0,2083540.0,0.9663690419535087
5112.0,2096760.0,0.9724597644992753
5113.0,2105170.0,0.9763178788424537
5114.0,2104040.0,0.9757501558785515
5115.0,2102330.0,0.9749122445469129
5116.0,2096520.0,0.9721719723962404
5117.0,2094660.0,0.9712623207350667
5118.0,2097540.0,0.9725493563492819
5119.0,2097170.0,0.9723283142003682
5120.0,2093050.0,0.97036765528284
5121.0,2086850.0,0.9674418890767819
5122.0,2083270.0,0.9657299685864282
5123.0,2077180.0,0.962853784261979
5124.0,2071130.0,0.9599955318565032
5125.0,2065270.0,0.9572247761505167
5126.0,2054350.0,0.9521083830371256
5127.0,2036530.0,0.9437940938408184
5128.0,2015270.0,0.9338859096183607
5129.0,2015020.0,0.9337137398358643
5130.0,2050790.0,0.9502307222141604
5131.0,2089320.0,0.9680237779792458
5132.0,2102980.0,0.9742919379395442
5133.0,2101220.0,0.9734152088722776
5134.0,2098060.0,0.9718894988388496
5135.0,2101580.0,0.9734576495784055
5136.0,2102230.0,0.9736958002696755
5137.0,2094990.0,0.9702792692922144
5138.0,2078590.0,0.9626206591363009
5139.0,2060100.0,0.9539948380452098
5140.0,2064520.0,0.955978321662695
5141.0,2078720.0,0.9624895796994835
5142.0,2077960.0,0.9620733821912798
5143.0,2078850.0,0.9624208923531682
5144.0,2087790.0,0.9664947269634871
5145.0,2090930.0,0.9678830597549082
5146.0,2089380.0,0.96710024986412
5147.0,2087190.0,0.9660212495101638
5148.0,2084230.0,0.9645859915656866
5149.0,2083420.0,0.9641458759050924
5150.0,2078970.0,0.9620214757890949
5151.0,2072060.0,0.9587591649742053
5152.0,2073080.0,0.9591664237893889
5153.0,2074420.0,0.9597218116098706
5154.0,2072760.0,0.9588894542374816
5155.0,2075010.0,0.9598661215293658
5156.0,2078110.0,0.9612360755199144
5157.0,2078400.0,0.9613064435670332
5158.0,2074100.0,0.9592542854850885
5159.0,2068520.0,0.9566108032985288
5160.0,2058560.0,0.9519426097096366
5161.0,2035380.0,0.9411625029242326
5162.0,1997030.0,0.9233700662011833
5163.0,1942020.0,0.8978777698394417
5164.0,1883500.0,0.8707664945802641
5165.0,1895260.0,0.876148473844257
5166.0,1966090.0,0.9088357701761137
5167.0,1981460.0,0.9158845392316983
5168.0,1997610.0,0.9232936193970471
5169.0,2057550.0,0.9509409932851539
5170.0,2107650.0,0.9740383361977354
5171.0,2091440.0,0.9664907771328227
5172.0,2023540.0,0.9350594471548277
5173.0,2020860.0,0.9337684052537506
5174.0,2101600.0,0.9710217024298043
5175.0,2160590.0,0.998223052163717
5176.0,2175720.0,1.005159628541669
5177.0,2177400.0,1.0058831006490159
5178.0,2177960.0,1.0060902240926506
5179.0,2177860.0,1.0059935996994716
5180.0,2176200.0,1.0051776048834091
5181.0,2166080.0,1.0004554518732256
5182.0,2118590.0,0.9784755720175049
5183.0,2030580.0,0.9377855571226705
5184.0,2015270.0,0.930674075137992
5185.0,2095300.0,0.9675916727076971
5186.0,2151230.0,0.9933788186532634
5187.0,2160790.0,0.9977537674575188
5188.0,2148740.0,0.9921517204578606
5189.0,2142870.0,0.9894050205074478
5190.0,2148280.0,0.9918680655450524
5191.0,2135660.0,0.986008284784734
5192.0,2119630.0,0.9785761859613075
5193.0,2128930.0,0.982840004117763
5194.0,2140030.0,0.9879362073260084
5195.0,2139080.0,0.9874711629925788
5196.0,2147550.0,0.9913563782605113
5197.0,2156460.0,0.9954463156098455
5198.0,2157600.0,0.995951273243397
5199.0,2161390.0,0.9976813148851453
5200.0,2166170.0,0.999870186815309
5201.0,2164270.0,0.9989776188079504
5202.0,2156900.0,0.9955622881951937
5203.0,2146410.0,0.990708993866839
5204.0,2125240.0,0.9809283902977554
5205.0,2106510.0,0.9722762317002517
5206.0,2108270.0,0.9730835511867548
5207.0,2117810.0,0.9774838922814597
5208.0,2111080.0,0.9743769127380814
5209.0,2117050.0,0.9771338342096509
5210.0,2142260.0,0.9887732627964555
5211.0,2158510.0,0.9962793981031609
5212.0,2166300.0,0.9998829822152608
5213.0,2168680.0,1.0009917089706777
5214.0,2163440.0,0.9985854172917096
5215.0,2149550.0,0.9921885190253478
5216.0,2137600.0,0.9866889942659637
5217.0,2141880.0,0.9886830429600946
5218.0,2156060.0,0.9952491189239877
5219.0,2165420.0,0.9995925441678714
5220.0,2168020.0,1.000817620456338
5221.0,2168340.0,1.0009922538648022
5222.0,2168110.0,1.0009150051525055
5223.0,2166810.0,1.0003457692221744
5224.0,2162530.0,0.9984026674408601
5225.0,2144860.0,0.9902792527458968
5226.0,2099630.0,0.9694323029250106
5227.0,2068000.0,0.9548652338830095
5228.0,2100590.0,0.9699525853779328
5229.0,2141050.0,0.9886771884880867
5230.0,2152520.0,0.9940179219172668
5231.0,2151090.0,0.9934036028588934
5232.0,2133360.0,0.9852631407471836
5233.0,2117610.0,0.9780381769486637
5234.0,2129720.0,0.9836823364099617
5235.0,2148050.0,0.99220194405058
5236.0,2158100.0,0.9968994528749329
5237.0,2161620.0,0.9985826666277666
5238.0,2161970.0,0.9988033389011487
5239.0,2161780.0,0.9987762973514558
5240.0,2161930.0,0.9989080802215047
5241.0,2161840.0,0.998930699233257
5242.0,2160430.0,0.9983450446089435
5243.0,2159830.0,0.9981353270991923
5244.0,2160440.0,0.9984864735504078
5245.0,2159830.0,0.9982754384763168
5246.0,2158250.0,0.9976176440214587
5247.0,2157130.0,0.9971740183754004
5248.0,2157780.0,0.9975502096309036
5249.0,2157730.0,0.9976044113781253
5250.0,2154610.0,0.9962407013977436
5251.0,2153890.0,0.9959881237923512
5252.0,2156360.0,0.9972122674423687
5253.0,2156890.0,0.9975409108653809
5254.0,2155720.0,0.9970848220423258
5255.0,2155130.0,0.99689844202601
5256.0,2156670.0,0.9976988713121694
5257.0,2158320.0,0.998551801413827
5258.0,2158050.0,0.9985179646002051
5259.0,2156550.0,0.9979163911680834
5260.0,2153870.0,0.9967700440542344
5261.0,2146230.0,0.9933292697658946
5262.0,2135810.0,0.988602437368455
5263.0,2129590.0,0.9858202881189442
5264.0,2125080.0,0.9838305940531786
5265.0,2116440.0,0.9799295992542162
5266.0,2107340.0,0.9758161082517873
5267.0,2113620.0,0.9788255892981259
5268.0,2109420.0,0.9769831313574255
5269.0,2058700.0,0.9535933931772929
5270.0,2026160.0,0.9386217739761464
5271.0,2071600.0,0.9597763775748729
5272.0,2124670.0,0.9844721825391791
5273.0,2138880.0,0.9911667559860063
5274.0,2140700.0,0.9921217937658444
5275.0,2138720.0,0.9913168917961094
5276.0,2135880.0,0.9901143053759521
5277.0,2142970.0,0.9935162998561249
5278.0,2150900.0,0.9973097069212759
5279.0,2152260.0,0.9980584534579059
5280.0,2147890.0,0.9961510209569946
5281.0,2138670.0,0.9919946115965804
5282.0,2130250.0,0.9882093811275905
5283.0,2125540.0,0.9861455335466017
5284.0,2128650.0,0.9877107541265814
5285.0,2141080.0,0.9936024799656615
5286.0,2148950.0,0.9973802874246047
5287.0,2149940.0,0.9979664679239307
5288.0,2149650.0,0.9979595513641721
5289.0,2150020.0,0.9982600414609739
5290.0,2150650.0,0.998682297083051
5291.0,2150800.0,0.998882677551321
5292.0,2150190.0,0.9987310247383617
5293.0,2148960.0,0.99829221976714
5294.0,2147690.0,0.9978356044104648
5295.0,2146180.0,0.9972682203085408
5296.0,2142230.0,0.9955675902341174
5297.0,2136800.0,0.9931794392649824
5298.0,2134800.0,0.9923859335931373
5299.0,2138670.0,0.9943221299003968
5300.0,2141570.0,0.9958086157357683
5301.0,2137920.0,0.9942501852515496
5302.0,2133170.0,0.9921804487900223
5303.0,2136440.0,0.9938416655631244
5304.0,2143540.0,0.9972859999590157
5305.0,2145740.0,0.9984519824321902
5306.0,2143070.0,0.9973525952370302
5307.0,2138700.0,0.9954623377249529
5308.0,2138130.0,0.9953412145143672
5309.0,2141920.0,0.9972507167242719
5310.0,2144610.0,0.9986492503963097
5311.0,2145020.0,0.9989870333747565
5312.0,2144260.0,0.9987806217042806
5313.0,2141900.0,0.9978294465780244
5314.0,2139270.0,0.9967528564353667
5315.0,2135080.0,0.9949496450120869
5316.0,2125710.0,0.9907322976556079
5317.0,2123880.0,0.9900290318272226
5318.0,2133800.0,0.994804188116202
5319.0,2139580.0,0.99765101903806
5320.0,2138810.0,0.9974447255684171
5321.0,2137630.0,0.9970477577926066
5322.0,2135190.0,0.996063496458146
5323.0,2122300.0,0.99020387249335
5324.0,2106700.0,0.9830784227411591
5325.0,2111500.0,0.9854723598520119
5326.0,2115520.0,0.9875035353677941
5327.0,2082640.0,0.9723086647900774
5328.0,2042890.0,0.9539017003574084
5329.0,2064380.0,0.9640892337758117
5330.0,2112540.0,0.9867377373900497
5331.0,2131810.0,0.9958977555966428
5332.0,2131050.0,0.9957025314808893
5333.0,2128930.0,0.994872246961306
5334.0,2131340.0,0.9961594934800834
5335.0,2132840.0,0.9970222988181403
5336.0,2129290.0,0.9955248421842274
5337.0,2126000.0,0.9941489962109257
5338.0,2126230.0,0.9944194857549453
5339.0,2118570.0,0.9909998779372541
5340.0,2102730.0,0.9837526654408264
5341.0,2100140.0,0.9827035235654876
5342.0,2116220.0,0.9903920843390854
5343.0,2128980.0,0.9965296589275024
5344.0,2130200.0,0.9972672273846379
5345.0,2125520.0,0.995242923973629
5346.0,2121880.0,0.9937054482641582
5347.0,2122880.0,0.9943412502434884
5348.0,2121870.0,0.9940360858389747
5349.0,2119310.0,0.9930050045681394
5350.0,2122520.0,0.9946780061152408
5351.0,2128290.0,0.9975519036936009
5352.0,2129160.0,0.9981301305328467
5353.0,2127380.0,0.9974664636962512
5354.0,2127580.0,0.9977315023815482
5355.0,2128620.0,0.9983910221658229
5356.0,2129900.0,0.9991637531628409
5357.0,2130680.0,0.999702544627496
5358.0,2129220.0,0.999190729827306
5359.0,2126520.0,0.9980971120383839
5360.0,2124930.0,0.997524561185108
5361.0,2124800.0,0.9976376746174196
5362.0,2123930.0,0.997403678648793
5363.0,2121730.0,0.9965452698903314
5364.0,2117120.0,0.9945547630976034
5365.0,2111470.0,0.9920752487507275
5366.0,2110360.0,0.9917286921366273
5367.0,2110160.0,0.9918100608952977
5368.0,2111320.0,0.9925311256440364
5369.0,2107500.0,0.9909112637933257
5370.0,2086500.0,0.9812119684233206
5371.0,2059080.0,0.968489889487918
5372.0,2064350.0,0.9711421013777762
5373.0,2098690.0,0.9874735677276536
5374.0,2118360.0,0.9969074570317802
5375.0,2122540.0,0.9990541006521516
5376.0,2121400.0,0.9986973284092087
5377.0,2117240.0,0.9969187585450215
5378.0,2113840.0,0.9954977820261088
5379.0,2110750.0,0.9942226273664538
5380.0,2106840.0,0.9925610127759726
5381.0,2106950.0,0.9927933293141649
5382.0,2104070.0,0.9916169003588782
5383.0,2095440.0,0.9877299688851149
5384.0,2099900.0,0.9900133018733519
5385.0,2114100.0,0.996890614314475
5386.0,2120100.0,0.9999033892614406
5387.0,2117720.0,0.9989645904337605
5388.0,2112990.0,0.9969170127465655
5389.0,2110670.0,0.9960062412039575
5390.0,2112200.0,0.9969125518970676
5391.0,2113690.0,0.9978006167481258
5392.0,2109050.0,0.9957950111022836
5393.0,2102650.0,0.9929578140089999
5394.0,2104120.0,0.9938370866930154
5395.0,2102820.0,0.9934083863133248
5396.0,2084030.0,0.9847156973537942
5397.0,2064790.0,0.9758073775368078
5398.0,2075810.0,0.9811993807655696
5399.0,2097430.0,0.9916050719511211
5400.0,2106390.0,0.9960285511583847
5401.0,2108070.0,0.9970109110293832
5402.0,2106020.0,0.9962294923731618
5403.0,2094080.0,0.990768822232346
5404.0,2074290.0,0.9815916030543257
5405.0,2058020.0,0.9740772235331121
5406.0,2059080.0,0.9747642487396385
5407.0,2081810.0,0.9857122956948491
5408.0,2095690.0,0.9924736221548259
5409.0,2091440.0,0.9906501877385065
5410.0,2086280.0,0.9883952075506011
5411.0,2091750.0,0.9911766645517617
5412.0,2098540.0,0.9945850621135284
5413.0,2097820.0,0.9944350550134989
5414.0,2093210.0,0.9924409166079501
5415.0,2090120.0,0.9911670831382672
5416.0,2095440.0,0.9938819446717322
5417.0,2101650.0,0.9970203355544695
5418.0,2100290.0,0.996568310528106
5419.0,2097520.0,0.9954472101807915
5420.0,2099970.0,0.9968037391410053
5421.0,2103830.0,0.9988304778512107
5422.0,2103280.0,0.9987641312595233
5423.0,2091420.0,0.9933262968127485
5424.0,2078800.0,0.9875255552465476
5425.0,2085000.0,0.9906649101428564
5426.0,2097760.0,0.9969232707814392
5427.0,2100440.0,0.9983930577109242
5428.0,2085790.0,0.9916246575429387
5429.0,2054860.0,0.9771124873633604
5430.0,2046440.0,0.9733007423159795
5431.0,2073660.0,0.986441707007488
5432.0,2090430.0,0.994616054962616
5433.0,2077960.0,0.9888788811977225
5434.0,2055390.0,0.9783322342284262
5435.0,2055310.0,0.9784886342549981
5436.0,2076470.0,0.9887592478778959
5437.0,2091350.0,0.9960432253149168
5438.0,2096000.0,0.9984571493649012
5439.0,2096170.0,0.9987377387581637
5440.0,2094010.0,0.9979083031625359
5441.0,2092210.0,0.9972503603373906
5442.0,2093150.0,0.9978986644587418
5443.0,2093810.0,0.9984139421385575
5444.0,2089530.0,0.9965735869204567
5445.0,2076130.0,0.9903821763263596
5446.0,2051810.0,0.9789782413492625
5447.0,2039210.0,0.9731630020282209
5448.0,2061680.0,0.9840853110208619
5449.0,2086810.0,0.9962821935482248
5450.0,2094320.0,1.0000704151152313
5451.0,2090400.0,0.9984012807338803
5452.0,2086130.0,0.996564485341844
5453.0,2086980.0,0.9971735279464672
5454.0,2075980.0,0.9921198649803319
5455.0,2047150.0,0.9785415765196669
5456.0,2038970.0,0.9748307033457458
5457.0,2063340.0,0.9866838417926833
5458.0,2083550.0,0.9965523305271126
5459.0,2089470.0,0.9995888282309499
5460.0,2089460.0,0.999789321240633
5461.0,2085230.0,0.9979704497104546
5462.0,2077440.0,0.9944468997120223
5463.0,2074460.0,0.9932250642489802
5464.0,2079810.0,0.9959920435090296
5465.0,2082300.0,0.9973904651463941
5466.0,2080580.0,0.9967727167251805
5467.0,2079840.0,0.9966245063366218
5468.0,2080020.0,0.996917367188447
5469.0,2079430.0,0.9968414166605643
5470.0,2082020.0,0.9982903760808615
5471.0,2085720.0,1.0002724619932821
5472.0,2082370.0,0.9988738079114312
5473.0,2078090.0,0.9970285603957499
5474.0,2079050.0,0.997697305495348
5475.0,2076030.0,0.9964561793697055
5476.0,2059360.0,0.9886615572546404
5477.0,2046970.0,0.9829189542225949
5478.0,2059370.0,0.9890802187792127
5479.0,2077370.0,0.9979342284659881
5480.0,2083750.0,1.0012086979735357
5481.0,2079840.0,0.9995392572653329
5482.0,2073900.0,0.9968932196811554
5483.0,2074730.0,0.9975008470234432
5484.0,2078270.0,0.9994117414467624
5485.0,2078970.0,0.9999572009594319
5486.0,2076290.0,0.9988765407724443
5487.0,2069310.0,0.9957260098241822
5488.0,2066520.0,0.9945904072095809
5489.0,2071250.0,0.9970739714165792
5490.0,2072920.0,0.9980847773951972
5491.0,2070090.0,0.9969283809039345
5492.0,2066690.0,0.9954964244002438
5493.0,2066320.0,0.9955231261536184
5494.0,2070550.0,0.997765904460108
5495.0,2071730.0,0.9985389079747023
5496.0,2060940.0,0.9935410239565489
5497.0,2047270.0,0.9871517000820306
5498.0,2049710.0,0.988528505469064
5499.0,2060650.0,0.9940052470400957
5500.0,2058400.0,0.9931195441880438
5501.0,2045420.0,0.9870546373758654
5502.0,2048290.0,0.9886366100317439
5503.0,2064210.0,0.9965182609289926
5504.0,2070520.0,0.9997617709320272
5505.0,2063640.0,0.9966353797617375
5506.0,2049970.0,0.9902267882707917
5507.0,2049130.0,0.9900132274837574
5508.0,2061080.0,0.9959789367807785
5509.0,2066650.0,0.9988621053800704
5510.0,2062520.0,0.9970559643211243
5511.0,2060120.0,0.9960842928357813
5512.0,2063060.0,0.9976933188457632
5513.0,2064480.0,0.9985663428415648
5514.0,2061470.0,0.9972951115697959
5515.0,2059200.0,0.9963799925011715
5516.0,2064450.0,0.9991023642027651
5517.0,2068040.0,1.0010206451987838
5518.0,2064840.0,0.9996507622317297
5519.0,2060240.0,0.997600836191261
5520.0,2060840.0,0.9980668599976248
5521.0,2064230.0,0.999882748423629
5522.0,2064190.0,1.0000357592252862
5523.0,2059130.0,0.9977545527138403
5524.0,2055910.0,0.9963624380743473
5525.0,2058440.0,0.9977550641789019
5526.0,2054990.0,0.996247140334672
5527.0,2036380.0,0.9873860621199293
5528.0,2016540.0,0.9779236160855312
5529.0,2025390.0,0.9823715772285557
5530.0,2048210.0,0.9935957736179505
5531.0,2055340.0,0.9972088569740247
5532.0,2053160.0,0.9963031460025287
5533.0,2054630.0,0.9971663679493808
5534.0,2056320.0,0.9981343567530053
5535.0,2052260.0,0.9963088598289682
5536.0,2047630.0,0.994203717256967
5537.0,2048210.0,0.9946255919219587
5538.0,2047670.0,0.994501188512271
5539.0,2040900.0,0.9913481043705146
5540.0,2036290.0,0.9892409933978721
5541.0,2044830.0,0.9935199522372208
5542.0,2056400.0,0.9992697885715877
5543.0,2057560.0,0.9999592392541096
5544.0,2054210.0,0.9984540573294702
5545.0,2056690.0,0.9997797912813627
5546.0,2058940.0,1.0009912309001754
5547.0,2055500.0,0.9994335004663832
5548.0,2051860.0,0.9977752866093128
5549.0,2054610.0,0.9992214663448198
5550.0,2057160.0,1.0005678061428607
5551.0,2052290.0,0.9983022561272588
5552.0,2049700.0,0.9971426353499885
5553.0,2054170.0,0.9994149416069131
5554.0,2054820.0,0.9998262577280166
5555.0,2049100.0,0.9971352077448021
5556.0,2048920.0,0.9971371718959511
5557.0,2053620.0,0.9995116912431183
5558.0,2051680.0,0.9986520685244633
5559.0,2047570.0,0.9967334747043818
5560.0,2050080.0,0.9980349168133498
5561.0,2050480.0,0.9983068669876718
5562.0,2043770.0,0.9951146190054571
5563.0,2042780.0,0.9947048576647735
5564.0,2047330.0,0.9969905796302075
5565.0,2044380.0,0.9956218445250773
5566.0,2040320.0,0.9937101189535384
5567.0,2044480.0,0.9957996893880469
5568.0,2043370.0,0.9953204048565586
5569.0,2033580.0,0.9906107336750843
5570.0,2033510.0,0.9906336340733602
5571.0,2037910.0,0.9928322614636119
5572.0,2027550.0,0.98783800295754
5573.0,2021380.0,0.9848828357694476
5574.0,2031550.0,0.9898873091989491
5575.0,2034260.0,0.9912553498907646
5576.0,2030600.0,0.9895176287810433
5577.0,2035550.0,0.9919738908404627
5578.0,2040070.0,0.9942191207436288
5579.0,2039840.0,0.9941479024568998
5580.0,2040890.0,0.9946989232566804
5581.0,2036220.0,0.9924604726799866
5582.0,2027610.0,0.9882998951373649
5583.0,2024180.0,0.9866624769163916
5584.0,2016890.0,0.98314194325807
5585.0,2009080.0,0.9793663116449994
5586.0,2011440.0,0.980546829284321
5587.0,2013540.0,0.9815993713816944
5588.0,2012230.0,0.9809882979684892
5589.0,2017350.0,0.9835107692935993
5590.0,2030690.0,0.9900397642177277
5591.0,2042900.0,0.9960170122664879
5592.0,2048830.0,0.9989315504093521
5593.0,2041400.0,0.9953311805111719
5594.0,2030320.0,0.9899499524603813
5595.0,2031620.0,0.9906039282114635
5596.0,2040420.0,0.9949140151341942
5597.0,2042130.0,0.9957662030605481
5598.0,2033380.0,0.9915170601294299
5599.0,2032050.0,0.9908851639367656
5600.0,2038570.0,0.9940804237410173
5601.0,2036940.0,0.9933007606367573
5602.0,2032880.0,0.9913353978893327
5603.0,2031840.0,0.9908420628499225
5604.0,2038350.0,0.9940299780001117
5605.0,2044730.0,0.9971540195380838
5606.0,2045850.0,0.9977124428210632
5607.0,2046020.0,0.9978071040039088
5608.0,2044490.0,0.9970722630134874
5609.0,2043860.0,0.996775936039249
5610.0,2043380.0,0.996552406390842
5611.0,2043510.0,0.996626062077765
5612.0,2042990.0,0.9963824422828831
5613.0,2040830.0,0.9953387441039483
5614.0,2030710.0,0.9904126126626949
5615.0,2011340.0,0.9809748187147656
5616.0,2007160.0,0.9789453168972525
5617.0,2024510.0,0.9874165731276637
5618.0,2036280.0,0.9931664077090256
5619.0,2038170.0,0.9940975035038322
5620.0,2037820.0,0.9939361378841955
5621.0,2037460.0,0.993770003191813
5622.0,2036080.0,0.9931065094645233
5623.0,2031740.0,0.9909994314197672
5624.0,2024590.0,0.9875219313647716
5625.0,2022320.0,0.9864249501585879
5626.0,2028810.0,0.9896011666093085
5627.0,2035570.0,0.9929095143711897
5628.0,2037240.0,0.9937355148641354
5629.0,2036580.0,0.9934254286866886
5630.0,2035250.0,0.9927889997803487
5631.0,2032580.0,0.9914994286374982
5632.0,2027840.0,0.989200628277588
5633.0,2019280.0,0.9850389157878634
5634.0,2007690.0,0.9793996267376984
5635.0,2006770.0,0.9789660196066402
5636.0,2025430.0,0.98808502848937
5637.0,2043410.0,0.9968733828662436
5638.0,2049010.0,0.9996232059363922
5639.0,2049920.0,1.0000859108606772
5640.0,2049980.0,1.0001348539307349
5641.0,2049250.0,0.9997993262075383
5642.0,2048970.0,0.9996843362039005
5643.0,2048850.0,0.999648447041784
5644.0,2048190.0,0.9993501631239117
5645.0,2047660.0,0.9991164206081735
5646.0,2047710.0,0.9991668402925922
5647.0,2048410.0,0.9995356437434937
5648.0,2048870.0,0.9997886066168374
5649.0,2048630.0,0.9997012889533328
5650.0,2048340.0,0.9995909025002416
5651.0,2048330.0,0.9996185322662898
5652.0,2048060.0,0.999520696283454
5653.0,2047550.0,0.9993071845680725
5654.0,2047000.0,0.9990756397321138
5655.0,2045970.0,0.9986113426460768
5656.0,2044810.0,0.9980851437357509
5657.0,2041890.0,0.9967014283469778
5658.0,2036200.0,0.9939670948967385
5659.0,2034810.0,0.9933333581736644
5660.0,2039680.0,0.9957573992983225
5661.0,2042250.0,0.9970605681953469
5662.0,2040850.0,0.9964273873427644
5663.0,2040500.0,0.9963087018934991
5664.0,2042260.0,0.9972222160072071
5665.0,2043030.0,0.9976543042019566
5666.0,2042740.0,0.997570689960854
5667.0,2042160.0,0.9973473210851115
5668.0,2041150.0,0.9969157805780109
5669.0,2040320.0,0.9965739624520541
5670.0,2040910.0,0.9969275740506174
5671.0,2042080.0,0.9975663967108911
5672.0,2042550.0,0.9978651485524856
5673.0,2042350.0,0.9978384043758571
5674.0,2041370.0,0.9974323342323288
5675.0,2040340.0,0.9970035510497544
5676.0,2040470.0,0.9971433407570532
5677.0,2040900.0,0.9974315208321388
5678.0,2040550.0,0.9973402529494182
5679.0,2039780.0,0.9970454003933913
5680.0,2039410.0,0.9969477482150527
5681.0,2039100.0,0.996881111780821
5682.0,2038120.0,0.9964885698309125
5683.0,2036940.0,0.9959998373859047
5684.0,2035900.0,0.9955811374647076
5685.0,2035730.0,0.9955894857671296
5686.0,2035980.0,0.9958048901912862
5687.0,2035780.0,0.995801836060484
5688.0,2035610.0,0.9958150623993809
5689.0,2035630.0,0.9959228399595232
5690.0,2035480.0,0.9959490378491912
5691.0,2035500.0,0.9960599953983278
5692.0,2035880.0,0.9963487106083364
5693.0,2036010.0,0.99651666452834
5694.0,2035580.0,0.9964120623224129
5695.0,2034850.0,0.9961620864502561
5696.0,2034560.0,0.9961289824873538
5697.0,2034680.0,0.9962981183134241
5698.0,2034650.0,0.9963953090880622
5699.0,2034090.0,0.9962344054041898
5700.0,2032470.0,0.9955556975786185
5701.0,2030200.0,0.9945598421945512
5702.0,2029940.0,0.9945499525047746
5703.0,2031630.0,0.9954969646600856
5704.0,2032390.0,0.9959898443229912
5705.0,2031550.0,0.9957000360445195
5706.0,2030390.0,0.995254667091135
5707.0,2029120.0,0.9947566150100882
5708.0,2025760.0,0.9932350458502743
5709.0,2021290.0,0.9911701094862303
5710.0,2019850.0,0.990591949817641
5711.0,2021210.0,0.9913883143251935
5712.0,2024330.0,0.9930495516627934
5713.0,2027590.0,0.994781188650441
5714.0,2028480.0,0.9953516187943159
5715.0,2028040.0,0.9952707477759422
5716.0,2028280.0,0.9955248493974902
5717.0,2028540.0,0.9957900614594409
5718.0,2028230.0,0.9957767106730804
5719.0,2027830.0,0.9957203602998431
5720.0,2027040.0,0.9954736494627249
5721.0,2026310.0,0.9952575082420824
5722.0,2026530.0,0.9955091377118692
5723.0,2027020.0,0.9958946371978752
5724.0,2026930.0,0.9959963785734293
5725.0,2026490.0,0.9959272585083868
5726.0,2026070.0,0.9958690528243235
5727.0,2025720.0,0.9958463328744601
5728.0,2025320.0,0.9958001001094549
5729.0,2024770.0,0.9956811553075793
5730.0,2023950.0,0.9954304324309443
5731.0,2022730.0,0.9949839095183868
5732.0,2021920.0,0.9947399832557438
5733.0,2022200.0,0.9950333312469817
5734.0,2022650.0,0.9954114313743514
5735.0,2022730.0,0.9956085178477142
5736.0,2022550.0,0.9956786435627681
5737.0,2022180.0,0.9956562003256392
5738.0,2021770.0,0.9956149971890537
5739.0,2021370.0,0.9955796379010605
5740.0,2020860.0,0.9954909988871162
5741.0,2020280.0,0.9953687479248305
5742.0,2019670.0,0.9952325655015432
5743.0,2019150.0,0.9951415731441756
5744.0,2019040.0,0.9952535186073646
5745.0,2019140.0,0.9954698870836298
5746.0,2018750.0,0.9954455483240872
5747.0,2017730.0,0.995111321276643
5748.0,2017080.0,0.994960301650229
5749.0,2017130.0,0.9951553755465636
5750.0,2017160.0,0.995341433197953
5751.0,2016590.0,0.9952322139983509
5752.0,2015290.0,0.9947633820372205
5753.0,2013480.0,0.9940433481301731
5754.0,2012210.0,0.9935904354692909
5755.0,2012530.0,0.9939233310534182
5756.0,2012160.0,0.9939162200205356
5757.0,2007660.0,0.991869402373998
5758.0,2001920.0,0.9892098117052932
5759.0,2001170.0,0.9890160855593563
5760.0,2004910.0,0.9910423797473079
5761.0,2008470.0,0.9929810480275532
5762.0,2009270.0,0.993556258937266
5763.0,2008740.0,0.9934745037029052
5764.0,2010270.0,0.9944123288076928
5765.0,2011970.0,0.9954351900509253
5766.0,2012350.0,0.9958058000405409
5767.0,2012210.0,0.9959197376146129
5768.0,2011700.0,0.9958511022205588
5769.0,2010880.0,0.9956294864252097
5770.0,2010170.0,0.9954627809636017
5771.0,2009660.0,0.9953955801835933
5772.0,2009560.0,0.9955319596824604
5773.0,2009540.0,0.9957085083130247
5774.0,2009050.0,0.9956526643103052
5775.0,2008810.0,0.9957211706835913
5776.0,2009020.0,0.9960132384180306
5777.0,2008670.0,0.9960281578612181
5778.0,2007640.0,0.9957062431398369
5779.0,2005300.0,0.9947347753589646
5780.0,2000750.0,0.992666836717702
5781.0,1998830.0,0.991903596284718
5782.0,2002030.0,0.9936816665117768
5783.0,2005240.0,0.9954657262229354
5784.0,2005860.0,0.9959647954900562
5785.0,2005000.0,0.9957293723133528
5786.0,2004500.0,0.9956729815437676
5787.0,2004650.0,0.9959397894619394
5788.0,2004470.0,0.9960429973624841
5789.0,2003810.0,0.9959079457625549
5790.0,2003330.0,0.995862570896001
5791.0,2002860.0,0.9958223873649873
5792.0,2002190.0,0.9956829522701476
5793.0,2001240.0,0.9954044025290276
5794.0,2001270.0,0.9956134815602936
5795.0,2002030.0,0.9961860643294586
5796.0,2001970.0,0.9963509384347059
5797.0,2001020.0,0.99607300647302
5798.0,2000710.0,0.9961137513693837
5799.0,2001190.0,0.9965480435132017
5800.0,2000940.0,0.996619026334767
5801.0,2000270.0,0.9964809061158061
5802.0,2000090.0,0.9965869727330594
5803.0,1999900.0,0.9966881720642082
5804.0,1999370.0,0.9966199935604674
5805.0,1998520.0,0.9963922949781906
5806.0,1997990.0,0.9963241129864211
5807.0,1998280.0,0.9966649088900597
5808.0,1998730.0,0.9970856633683259
5809.0,1998740.0,0.9972870353492942
5810.0,1998420.0,0.9973237777437889
5811.0,1997800.0,0.9972107542695816
5812.0,1997030.0,0.9970227507233644
5813.0,1996790.0,0.9970992679496411
5814.0,1997290.0,0.9975453330117855
5815.0,1997010.0,0.9976018379505838
5816.0,1995270.0,0.9969287796966065
5817.0,1994520.0,0.9967500876799664
5818.0,1995660.0,0.997515898495431
5819.0,1996410.0,0.998086890332221
5820.0,1995880.0,0.9980178996728707
5821.0,1994940.0,0.9977436550900932
5822.0,1994240.0,0.9975891751245043
5823.0,1993770.0,0.9975495133622063
5824.0,1993510.0,0.9976147150654412
5825.0,1993500.0,0.9978048493091793
5826.0,1993280.0,0.9978896872311396
5827.0,1992650.0,0.9977690084359581
5828.0,1992560.0,0.9979184601627532
5829.0,1992870.0,0.9982680578695254
5830.0,1992640.0,0.9983469483323875
5831.0,1991690.0,0.9980647592356983
5832.0,1990720.0,0.9977721149508034
5833.0,1990330.0,0.9977697812352062
5834.0,1990350.0,0.9979726741041488
5835.0,1990410.0,0.9981953428063666
5836.0,1990790.0,0.9985782325696793
5837.0,1990940.0,0.998845489378577
5838.0,1989920.0,0.9985253482971521
5839.0,1988570.0,0.9980390435403262
5840.0,1988000.0,0.9979436684838151
5841.0,1988160.0,0.9982143297713765
5842.0,1988730.0,0.9986905267907187
5843.0,1988740.0,0.9988851602685369
5844.0,1987870.0,0.998637301837133
5845.0,1987130.0,0.9984541866370269
5846.0,1986550.0,0.9983509325245324
5847.0,1986260.0,0.9983929335076034
5848.0,1985920.0,0.9984093427736284
5849.0,1985250.0,0.9982593554495551
5850.0,1985270.0,0.9984558731738866
5851.0,1985690.0,0.9988532166390325
5852.0,1984260.0,0.9983194834297974
5853.0,1980300.0,0.996511974439493
5854.0,1978610.0,0.9958458549982655
5855.0,1980480.0,0.9969711485810527
5856.0,1978020.0,0.9959163026521628
5857.0,1970650.0,0.9923880383914725
5858.0,1970320.0,0.9924039342229277
5859.0,1975960.0,0.9954269132635273
5860.0,1978750.0,0.9970145757919673
5861.0,1979270.0,0.9974584296381147
5862.0,1978950.0,0.9974786361405784
5863.0,1979380.0,0.9978765443049852
5864.0,1979870.0,0.9983044468639983
5865.0,1979310.0,0.9982025703610955
5866.0,1978540.0,0.9979943356414408
5867.0,1978320.0,0.9980631098519087
5868.0,1978500.0,0.9983333582172403
5869.0,1978490.0,0.9985074312226798
5870.0,1978350.0,0.9986155674547197
5871.0,1978130.0,0.9986829787173691
5872.0,1977180.0,0.9983814284011282
5873.0,1975880.0,0.9979026396040948
5874.0,1975360.0,0.9978173214370281
5875.0,1975990.0,0.998312620017865
5876.0,1976490.0,0.9987420500981486
5877.0,1975910.0,0.9986254502209702
5878.0,1974740.0,0.9982102249955112
5879.0,1973540.0,0.9977793449517921
5880.0,1972680.0,0.9975199034333423
5881.0,1972400.0,0.9975533768667717
5882.0,1972650.0,0.9978546314989484
5883.0,1972180.0,0.99779139554022
5884.0,1970890.0,0.9973128798336791
5885.0,1970930.0,0.9975070075710748
5886.0,1971870.0,0.9981564696164292
5887.0,1969700.0,0.9972313010596816
5888.0,1954630.0,0.9897732870490428
5889.0,1915660.0,0.9702079611839198
5890.0,1889970.0,0.9573625456487364
5891.0,1920140.0,0.9728131286138588
5892.0,1956210.0,0.9912584374891741
5893.0,1965500.0,0.9961374203148452
5894.0,1954900.0,0.9909355967803694
5895.0,1921130.0,0.9739848618093297
5896.0,1899420.0,0.9631433382662002
5897.0,1926360.0,0.9769711363386219
5898.0,1956630.0,0.9924925406558645
5899.0,1965820.0,0.9973244254163408
5900.0,1967300.0,0.998245506254223
5901.0,1966320.0,0.9979181891465113
5902.0,1965400.0,0.9976209719422705
5903.0,1966060.0,0.9981255451556452
5904.0,1966230.0,0.9983812495209055
5905.0,1965660.0,0.9982609998337616
5906.0,1965260.0,0.9982268312479075
5907.0,1964470.0,0.9979942993760054
5908.0,1963970.0,0.9979088214180465
5909.0,1964640.0,0.9984176866976086
5910.0,1964520.0,0.998524972515227
5911.0,1962750.0,0.9977932861419673
5912.0,1961270.0,0.9972086023208252
5913.0,1960190.0,0.9968269388108935
5914.0,1958860.0,0.9963177986590847
5915.0,1959310.0,0.9967137964850734
5916.0,1960920.0,0.9976999408938052
5917.0,1961540.0,0.9981824468984576
5918.0,1961040.0,0.9980949005028722
5919.0,1960270.0,0.9978697099930569
5920.0,1959650.0,0.9977206462204982
5921.0,1959240.0,0.9976783046955091
5922.0,1958760.0,0.9976001386138116
5923.0,1958630.0,0.9977000767913528
5924.0,1959190.0,0.9981514327780316
5925.0,1960020.0,0.9987403725409991
5926.0,1959770.0,0.9987789535507693
5927.0,1958260.0,0.9981751550235003
5928.0,1957560.0,0.9979839683828015
5929.0,1957310.0,0.9980220413874953
5930.0,1957040.0,0.9980498021703872
5931.0,1957350.0,0.9983732881325867
5932.0,1956900.0,0.9983090518550948
5933.0,1955030.0,0.9975201514443026
5934.0,1954080.0,0.9972003734981986
5935.0,1955530.0,0.9981053494212461
5936.0,1956930.0,0.9989850006569025
5937.0,1955740.0,0.9985424704952557
5938.0,1953830.0,0.9977320317739488
5939.0,1953900.0,0.9979325006741193
5940.0,1954900.0,0.9986080143712829
5941.0,1954700.0,0.9986705752557279
5942.0,1953530.0,0.9982374079346161
5943.0,1953100.0,0.998182206865367
5944.0,1953410.0,0.998505158985927
5945.0,1953070.0,0.9984958216419235
5946.0,1952780.0,0.998511960471166
5947.0,1951440.0,0.997991034147296
5948.0,1948270.0,0.9965338100292204
5949.0,1947940.0,0.9965289090120235
5950.0,1950320.0,0.9979105314102213
5951.0,1950760.0,0.9982997274586161
5952.0,1950010.0,0.9980798824759537
5953.0,1949720.0,0.9980953597369785
5954.0,1948770.0,0.9977728336871533
5955.0,1947880.0,0.9974808393251707
5956.0,1947530.0,0.9974652330331817
5957.0,1946580.0,0.9971421819908111
5958.0,1946920.0,0.9974798525677533
5959.0,1948500.0,0.9984529485939182
5960.0,1948270.0,0.9984986411660988
5961.0,1947340.0,0.998185448386273
5962.0,1947950.0,0.9986615817240834
5963.0,1948680.0,0.9991993137794563
5964.0,1948670.0,0.9993576314678105
5965.0,1947750.0,0.9990491512884901
5966.0,1946180.0,0.9984070264957196
5967.0,1945870.0,0.9984111000689266
5968.0,1946000.0,0.998640884294002
5969.0,1945760.0,0.9986807491034345
5970.0,1946050.0,0.9989926107923391
5971.0,1946260.0,0.9992634116655218
5972.0,1945590.0,0.9990823225305548
5973.0,1944190.0,0.9985261615211884
5974.0,1942550.0,0.9978464478230094
5975.0,1942610.0,0.9980398200721134
5976.0,1943430.0,0.9986236897038688
5977.0,1943210.0,0.9986731740074994
5978.0,1942340.0,0.9983884771077449
5979.0,1941480.0,0.9981087398132544
5980.0,1941680.0,0.9983738540356851
5981.0,1942290.0,0.9988498138730387
5982.0,1941850.0,0.998785774572249
5983.0,1940310.0,0.9981557513354853
5984.0,1938890.0,0.9975871762986851
5985.0,1938530.0,0.9975638016995036
5986.0,1938610.0,0.9977667904087875
5987.0,1937940.0,0.9975836821628851
5988.0,1937750.0,0.9976475527082517
5989.0,1938010.0,0.9979430741521041
5990.0,1937670.0,0.997929592987776
5991.0,1937640.0,0.998075698774208
5992.0,1938120.0,0.9984845053567123
5993.0,1936950.0,0.9980431670547764
5994.0,1934940.0,0.9971687037112738
5995.0,1934860.0,0.997288651866128
5996.0,1936180.0,0.9981302706730409
5997.0,1936120.0,0.9982605459459405
5998.0,1934840.0,0.9977616419639969
5999.0,1934330.0,0.9976596262986924
6000.0,1933270.0,0.9972737715609379
6001.0,1931800.0,0.9966761708193433
6002.0,1931380.0,0.996620102931876
6003.0,1930540.0,0.9963471662458597
6004.0,1929250.0,0.9958417705294159
6005.0,1929630.0,0.9961982829833261
6006.0,1931530.0,0.9973396678050694
6007.0,1931390.0,0.9974278127212908
6008.0,1929420.0,0.9965706770272376
6009.0,1929610.0,0.9968290233066422
6010.0,1931250.0,0.9978365472906632
6011.0,1931410.0,0.9980794968967641
6012.0,1929840.0,0.9974282922921727
6013.0,1927290.0,0.9962701988937586
6014.0,1926030.0,0.9957785877403853
6015.0,1926490.0,0.9961761300923219
6016.0,1927360.0,0.9967857520974901
6017.0,1927920.0,0.9972351286444527
6018.0,1928470.0,0.9976793852723492
6019.0,1927550.0,0.9973630784728658
6020.0,1925620.0,0.9965238966649093
6021.0,1925650.0,0.9966988338209195
6022.0,1926280.0,0.9971843404868004
6023.0,1925000.0,0.9966809970320839
6024.0,1923890.0,0.996265434621389
6025.0,1925030.0,0.9970149727274833
6026.0,1925580.0,0.9974590367347463
6027.0,1925170.0,0.9974057879334642
6028.0,1925070.0,0.9975130637925442
6029.0,1925460.0,0.9978742265040917
6030.0,1925780.0,0.9981991298085054
6031.0,1924860.0,0.9978812077091671
6032.0,1924160.0,0.9976771631416197
6033.0,1924040.0,0.997773740289668
6034.0,1924320.0,0.998077722945164
6035.0,1924580.0,0.998371335998825
6036.0,1923360.0,0.9978970824259826
6037.0,1921810.0,0.9972513454866869
6038.0,1921790.0,0.9973993742340879
6039.0,1922730.0,0.9980456727987624
6040.0,1922290.0,0.997975644476794
6041.0,1920780.0,0.9973499131933189
6042.0,1920010.0,0.9971081918721522
6043.0,1920450.0,0.9974947844578744
6044.0,1920380.0,0.9976164684000808
6045.0,1919660.0,0.99740037769949
6046.0,1919530.0,0.9974907223632953
6047.0,1919410.0,0.9975862010955787
6048.0,1918340.0,0.9971877909297613
6049.0,1917500.0,0.996908739841478
6050.0,1918210.0,0.9974354812957553
6051.0,1919110.0,0.9980611094121461
6052.0,1918170.0,0.9977297730789524
6053.0,1916430.0,0.9969820568867153
6054.0,1915960.0,0.9968948073069256
6055.0,1915900.0,0.9970207990775547
6056.0,1914680.0,0.996542987354025
6057.0,1913050.0,0.9958515043694057
6058.0,1911970.0,0.9954460626589924
6059.0,1911450.0,0.9953320046885965
6060.0,1912630.0,0.9961031833650912
6061.0,1914860.0,0.9974214413133451
6062.0,1916430.0,0.9983961833059006
6063.0,1915920.0,0.9982873580235485
6064.0,1911800.0,0.9962971249645635
6065.0,1906690.0,0.9937901739216203
6066.0,1907230.0,0.994227654614468
6067.0,1911970.0,0.996854958585483
6068.0,1914410.0,0.9982836415090953
6069.0,1914320.0,0.9983931849146761
6070.0,1913300.0,0.9980175619975011
6071.0,1912720.0,0.9978712775053161
6072.0,1913380.0,0.9983718667480684
6073.0,1913800.0,0.9987472716201672
6074.0,1912610.0,0.998282364877986
6075.0,1911310.0,0.9977597961951895
6076.0,1911400.0,0.9979627049319079
6077.0,1911430.0,0.9981342521541943
6078.0,1910680.0,0.9978983858398829
6079.0,1910190.0,0.997798164835151
6080.0,1909680.0,0.997687370308937
6081.0,1909320.0,0.9976548254373464
6082.0,1909870.0,0.9980977426771788
6083.0,1910110.0,0.9983786730920686
6084.0,1909230.0,0.9980741031196824
6085.0,1908360.0,0.9977745729768377
6086.0,1907510.0,0.9974853143213775
6087.0,1907260.0,0.9975096758567804
6088.0,1908000.0,0.9980518081735007
6089.0,1907940.0,0.9981754796583683
6090.0,1907290.0,0.9979903777683377
6091.0,1906600.0,0.9977841910744469
6092.0,1906180.0,0.9977191677746992
6093.0,1906160.0,0.9978634277973184
6094.0,1905880.0,0.9978715088178302
6095.0,1905980.0,0.9980784875115475
6096.0,1905790.0,0.9981335521772575
6097.0,1905050.0,0.9979004393620677
6098.0,1904120.0,0.9975676190860359
6099.0,1902940.0,0.997103606284384
6100.0,1902300.0,0.9969223488252578
6101.0,1899820.0,0.9957765185868219
6102.0,1893250.0,0.9924861657540754
6103.0,1890280.0,0.9910821985752154
6104.0,1895720.0,0.9940877847001057
6105.0,1900370.0,0.9966798755661981
6106.0,1901060.0,0.9971954648141326
6107.0,1900270.0,0.9969346689567011
6108.0,1899890.0,0.9968888285337035
6109.0,1900440.0,0.9973309333961844
6110.0,1900540.0,0.997536887843251
6111.0,1899760.0,0.9972808538335397
6112.0,1899040.0,0.9970561479755604
6113.0,1898800.0,0.9970833319381127
6114.0,1899120.0,0.9974045372564562
6115.0,1899240.0,0.9976206913435548
6116.0,1898390.0,0.997327222954386
6117.0,1897190.0,0.9968496670840866
6118.0,1896310.0,0.9965400344110014
6119.0,1895100.0,0.9960567649054188
6120.0,1890430.0,0.9937544117495809
6121.0,1878400.0,0.9875816878546338
6122.0,1867860.0,0.9821904773656451
6123.0,1876550.0,0.9869109211798076
6124.0,1890970.0,0.99464668337093
6125.0,1896030.0,0.9974606201681729
6126.0,1896740.0,0.9979865300747405
6127.0,1896680.0,0.9981073006419449
6128.0,1896320.0,0.9980701163822236
6129.0,1896100.0,0.9981065208389206
6130.0,1895900.0,0.998153370045046
6131.0,1895310.0,0.9979947790556125
6132.0,1894540.0,0.9977412484429937
6133.0,1894300.0,0.9977667064442084
6134.0,1893520.0,0.9975076037195741
6135.0,1888720.0,0.9951302652981974
6136.0,1877360.0,0.9892952447466603
6137.0,1869140.0,0.9851132637453396
6138.0,1874900.0,0.98829906807499
6139.0,1885270.0,0.9939161407130617
6140.0,1885860.0,0.9943780145983084
6141.0,1875910.0,0.9892815487910832
6142.0,1872030.0,0.9873850077125338
6143.0,1881490.0,0.9925249224721499
6144.0,1889260.0,0.9967746531025553
6145.0,1890720.0,0.997695910428512
6146.0,1890060.0,0.997498498165011
6147.0,1889110.0,0.9971478558680738
6148.0,1888590.0,0.9970240163387873
6149.0,1888300.0,0.9970214825082997
6150.0,1888030.0,0.997029412679588
6151.0,1888000.0,0.997164006514483
6152.0,1887980.0,0.9973038264165057
6153.0,1887560.0,0.9972322642218582
6154.0,1886450.0,0.9967959889575009
6155.0,1885340.0,0.996359485216302
6156.0,1885300.0,0.9964883088632591
6157.0,1885360.0,0.9966699378184257
6158.0,1884690.0,0.9964655616367515
6159.0,1883830.0,0.9961605556861624
6160.0,1879960.0,0.9942634477403616
6161.0,1865530.0,0.9867799165834148
6162.0,1850670.0,0.9790665578434883
6163.0,1858460.0,0.9833351964493459
6164.0,1874580.0,0.9920131905309767
6165.0,1880790.0,0.9954486080930934
6166.0,1880850.0,0.9956294501317179
6167.0,1879730.0,0.9951855213781424
6168.0,1877030.0,0.9939047376286398
6169.0,1872510.0,0.9916596223382328
6170.0,1873010.0,0.9920726696939063
6171.0,1878190.0,0.9949649577075238
6172.0,1880930.0,0.9965652370609296
6173.0,1880590.0,0.9965337893255548
6174.0,1880290.0,0.9965234336260512
6175.0,1879960.0,0.9964970749669314
6176.0,1879130.0,0.9962055394729495
6177.0,1879130.0,0.9963539023691032
6178.0,1879590.0,0.9967461492305301
6179.0,1879190.0,0.9966822889894058
6180.0,1878610.0,0.9965228291514006
6181.0,1878600.0,0.9966656293559855
6182.0,1878410.0,0.9967128629285615
6183.0,1877890.0,0.9965848831324763
6184.0,1877610.0,0.9965841523646812
6185.0,1877260.0,0.9965461633034615
6186.0,1876510.0,0.996295692403701
6187.0,1875540.0,0.9959282267798087
6188.0,1874800.0,0.9956827038377632
6189.0,1873280.0,0.9950227001079572
6190.0,1867090.0,0.9918814901715065
6191.0,1857860.0,0.9871240303645458
6192.0,1858760.0,0.987748165030906
6193.0,1868800.0,0.9932301147594885
6194.0,1874350.0,0.9963268867797159
6195.0,1874740.0,0.996681226854025
6196.0,1874360.0,0.9966261515594348
6197.0,1874560.0,0.9968794013682784
6198.0,1874800.0,0.9971539015619856
6199.0,1874080.0,0.9969177109608539
6200.0,1872740.0,0.9963514937667981
