wave,flux,norm
3800.0,38508.4,0.965344846305793
3801.0,39129.7,0.9758260315071521
3802.0,39326.5,0.9756780999367812
3803.0,39326.1,0.9706748175172609
3804.0,39510.1,0.9702611047635546
3805.0,39822.4,0.972996474795984
3806.0,39988.5,0.9721600701648329
3807.0,40079.4,0.9695226245205
3808.0,40310.4,0.9702930457872444
3809.0,40325.5,0.9658938808358527
3810.0,39788.9,0.9483965534808265
3811.0,38896.3,0.9226330701733088
3812.0,38040.2,0.8979875139219742
3813.0,37640.0,0.8842962267286162
3814.0,37367.3,0.8737238322758766
3815.0,36507.9,0.8496050124049868
3816.0,35806.7,0.8293837052439815
3817.0,36165.3,0.8337911733255507
3818.0,36034.4,0.8269311829613036
3819.0,34522.1,0.7885854658261832
3820.0,32858.2,0.7471490709534837
3821.0,32702.5,0.7402333152113478
3822.0,33008.0,0.743777656855336
3823.0,31892.3,0.715414736546799
3824.0,29999.8,0.6699620797904019
3825.0,28223.6,0.6275027193584917
3826.0,27091.1,0.5996702837199565
3827.0,26759.8,0.58974274683342
3828.0,26585.9,0.583359089710024
3829.0,26137.9,0.5710458579743863
3830.0,25411.7,0.5527902490896485
3831.0,24903.1,0.5394074422336088
3832.0,24542.7,0.5293380038764377
3833.0,24463.1,0.5253873748422131
3834.0,24702.8,0.5283014038934156
3835.0,25522.7,0.5435500276340882
3836.0,26874.6,0.5699568432136779
3837.0,27164.3,0.5737135719484908
3838.0,26154.6,0.5501115583948838
3839.0,25972.9,0.5440496171610332
3840.0,26643.3,0.5558154484015221
3841.0,27175.7,0.5646208177334306
3842.0,27427.6,0.5675529445230242
3843.0,27048.5,0.5574589982974174
3844.0,26265.9,0.539165147238578
3845.0,24951.0,0.5101357258627373
3846.0,23485.7,0.47827524161470325
3847.0,23045.0,0.4674508271040001
3848.0,22798.9,0.4606446577122564
3849.0,21775.0,0.4382391832808227
3850.0,22239.1,0.4458399646795705
3851.0,24974.4,0.49873899532506505
3852.0,26484.8,0.5268646314428298
3853.0,24983.2,0.4950875320761064
3854.0,24437.5,0.4824248314381248
3855.0,27181.1,0.5345472804563981
3856.0,28095.9,0.5504468766611769
3857.0,25984.9,0.5071704243208018
3858.0,23986.5,0.46640917865087317
3859.0,22173.8,0.4295507584059262
3860.0,21053.6,0.40633254156534976
3861.0,22439.5,0.4314752567150067
3862.0,27994.1,0.5362943465688711
3863.0,32958.7,0.6290818788301004
3864.0,32019.0,0.6089078335072158
3865.0,28270.0,0.5356517197610975
3866.0,24704.5,0.46639272337554677
3867.0,20694.1,0.38926669722469015
3868.0,16036.0,0.3005575729561319
3869.0,11722.9,0.21892906631336695
3870.0,8683.55,0.16158763842305537
3871.0,8702.58,0.16136410720900973
3872.0,13621.8,0.2516790377205002
3873.0,21267.2,0.39154523229657995
3874.0,27281.3,0.5004965940254851
3875.0,30512.8,0.5578119841516802
3876.0,30324.7,0.5524299178121252
3877.0,26794.5,0.4864143005153195
3878.0,23588.8,0.4267283944056463
3879.0,20972.4,0.37808006117433796
3880.0,16364.0,0.2939814395162951
3881.0,11233.3,0.20111171366745834
3882.0,10853.9,0.193651150470619
3883.0,19877.7,0.3534347622404424
3884.0,34819.8,0.6169966395322134
3885.0,45307.0,0.8000915457262403
3886.0,48105.5,0.846625476528909
3887.0,48596.5,0.8523699248043374
3888.0,45969.2,0.8035646500460905
3889.0,38770.3,0.675441814177547
3890.0,36251.1,0.6294321955344346
3891.0,40543.1,0.7015969728179761
3892.0,43749.7,0.75455822747567
3893.0,44595.2,0.7665784152103219
3894.0,44025.2,0.7542657627690879
3895.0,40218.5,0.6867635551230227
3896.0,40438.7,0.6882409823591129
3897.0,42932.6,0.7282761693011308
3898.0,44126.8,0.7460714718963035
3899.0,46808.4,0.788813521616043
3900.0,46520.6,0.7813971150638143
3901.0,40444.4,0.6771177056376323
3902.0,36514.5,0.6093315649705229
3903.0,43128.2,0.7173571004059978
3904.0,50940.1,0.8445449231713098
3905.0,50820.3,0.8398315061547249
3906.0,48848.0,0.8046309319626165
3907.0,49128.3,0.8066397765082216
3908.0,49122.1,0.803943792326916
3909.0,46898.8,0.7650929506439147
3910.0,40992.4,0.6665953990729141
3911.0,41942.7,0.6798679622131165
3912.0,50946.9,0.8231857720280784
3913.0,53977.4,0.8693738479936296
3914.0,50072.5,0.8039165453640155
3915.0,47989.1,0.768022400258528
3916.0,51799.7,0.8263814715743767
3917.0,57920.8,0.9211117557397569
3918.0,58857.2,0.9330483877452747
3919.0,51528.3,0.8142907035467924
3920.0,38900.9,0.612808315487947
3921.0,33930.7,0.5328332937597097
3922.0,42919.8,0.6718802918574884
3923.0,54310.7,0.8475345014345284
3924.0,60496.3,0.9411105009935684
3925.0,62562.7,0.9702175046629001
3926.0,60854.2,0.9407797198703278
3927.0,54128.9,0.8342039842011837
3928.0,48274.1,0.741659848551076
3929.0,49334.8,0.7556023283244802
3930.0,49559.4,0.7566883573167722
3931.0,43918.8,0.6684890404016749
3932.0,35135.4,0.5331423917437796
3933.0,28951.4,0.4379494648885257
3934.0,29784.4,0.44915991177738984
3935.0,35744.1,0.5373728770023241
3936.0,45514.2,0.6821486635702956
3937.0,56579.5,0.8453828330982323
3938.0,62337.9,0.9285602809472313
3939.0,63529.6,0.9434068938841015
3940.0,63395.0,0.9385215600011623
3941.0,62595.4,0.9238453617634167
3942.0,59135.0,0.8701023350420192
3943.0,51098.4,0.7495543307891085
3944.0,45844.0,0.6704240388195456
3945.0,48208.5,0.7028507091901132
3946.0,50995.6,0.7412175055547686
3947.0,53351.2,0.7730929410467173
3948.0,57584.5,0.8318953439492066
3949.0,61806.0,0.8901645517260239
3950.0,63617.2,0.9134646060084877
3951.0,60905.1,0.8718650433442265
3952.0,54913.3,0.7837047131246345
3953.0,54710.8,0.7784453625367949
3954.0,62130.5,0.8813347305288552
3955.0,67761.4,0.9582970421529915
3956.0,69692.5,0.9826215963686514
3957.0,70346.7,0.9888426351687156
3958.0,70128.6,0.9827939898567775
3959.0,69083.3,0.9652168844167192
3960.0,66317.2,0.9237684826495545
3961.0,59750.8,0.8297865430767662
3962.0,53081.1,0.7349348289507776
3963.0,54503.3,0.7523475012296061
3964.0,62167.8,0.8555559971240807
3965.0,67380.3,0.924492930437959
3966.0,66714.8,0.9126010888206084
3967.0,59350.3,0.8094131393847068
3968.0,49180.5,0.6686966955156296
3969.0,48638.2,0.6593302125735336
3970.0,56225.1,0.7598804582112738
3971.0,58410.3,0.7870354893879024
3972.0,56204.0,0.7550265093435586
3973.0,55273.6,0.740291990300152
3974.0,55451.7,0.7404413938651742
3975.0,60498.1,0.8053937602136421
3976.0,68853.8,0.9138718247763671
3977.0,74203.3,0.9819097354182756
3978.0,76054.8,1.003381394829919
3979.0,76858.7,1.0109358336796568
3980.0,77530.8,1.0167074593028411
3981.0,75167.0,0.9827434837639824
3982.0,69317.7,0.9035419246147
3983.0,67352.9,0.8752893576043552
3984.0,71093.1,0.9211151697902894
3985.0,69410.9,0.8966133904676049
3986.0,58943.8,0.7591133731831078
3987.0,54174.4,0.695590225792336
3988.0,63294.7,0.8102469693144108
3989.0,74039.8,0.9449435238861043
3990.0,78550.6,0.9994946765364615
3991.0,79442.6,1.0078005367459186
3992.0,78394.6,0.9915102667063197
3993.0,74707.6,0.9420317398223578
3994.0,71201.3,0.8951134651730367
3995.0,73664.2,0.9232849839965532
3996.0,78708.8,0.9835385971133012
3997.0,80028.7,0.9970165610474376
3998.0,76780.5,0.9536646682727777
3999.0,66996.3,0.8296279160041817
4000.0,52342.8,0.6462147795088924
4001.0,45990.8,0.566080108017822
4002.0,56492.8,0.6932447734640111
4003.0,71918.0,0.8798674253934586
4004.0,79200.9,0.9660407201314433
4005.0,77250.2,0.9393990857679195
4006.0,72062.3,0.8736618132646824
4007.0,72486.5,0.8761461778534874
4008.0,78683.3,0.9481688604030578
4009.0,83065.5,0.9979457825815435
4010.0,84032.1,1.006500663357595
4011.0,83962.8,1.0026232572927054
4012.0,83165.1,0.9900870970142912
4013.0,80265.7,0.9526713541938862
4014.0,73736.6,0.8725220721634335
4015.0,62257.1,0.7344492180357638
4016.0,48765.3,0.5735386784795183
4017.0,41672.1,0.48862475041914594
4018.0,46276.8,0.5409672628300781
4019.0,56171.8,0.6546405527089346
4020.0,65793.3,0.7644382887723818
4021.0,75768.8,0.8776607024501191
4022.0,83084.0,0.9594633606699631
4023.0,84784.1,0.9761114894703105
4024.0,79977.8,0.9179683816112985
4025.0,70046.3,0.8015229495038286
4026.0,63477.5,0.7241395883745033
4027.0,65081.1,0.7401645593453705
4028.0,69990.5,0.7935652118615372
4029.0,73003.1,0.8251903452368592
4030.0,71161.0,0.8019058189930561
4031.0,68514.5,0.7697176888855823
4032.0,66330.4,0.7428966454559364
4033.0,58475.5,0.6529135408755171
4034.0,47950.6,0.5337536549083172
4035.0,43994.6,0.48821418969257435
4036.0,48143.1,0.5326088742821556
4037.0,55267.0,0.6095406366454555
4038.0,61372.4,0.6747942949550629
4039.0,61305.2,0.6719797975404018
4040.0,59262.2,0.6475843690174623
4041.0,66813.4,0.7278483691094929
4042.0,75875.9,0.824022382803234
4043.0,76399.9,0.8271510150264635
4044.0,74699.5,0.8062423721300678
4045.0,72531.1,0.7804177349709026
4046.0,65700.2,0.7047312462031669
4047.0,58444.4,0.6249607318047803
4048.0,58995.0,0.6288933949776353
4049.0,64676.5,0.68732057652827
4050.0,69883.1,0.7403464601198082
4051.0,74728.1,0.7892158170681124
4052.0,76271.4,0.8030110874280645
4053.0,75468.5,0.7920863036451292
4054.0,74018.4,0.7744482688359287
4055.0,69947.6,0.7295758323012101
4056.0,67019.8,0.6968585144840259
4057.0,67349.7,0.6981037417836242
4058.0,68565.1,0.7084825867240722
4059.0,73224.4,0.7542626442852922
4060.0,82184.6,0.8439114381975003
4061.0,89562.0,0.9167877356745259
4062.0,91010.6,0.9286979840629864
4063.0,86743.5,0.8823805066228754
4064.0,76976.6,0.7805721414788742
4065.0,62591.6,0.6327099306514066
4066.0,52476.9,0.5287981856824145
4067.0,59259.6,0.5952680805709456
4068.0,76033.4,0.7613586577154525
4069.0,87592.1,0.8743387333247901
4070.0,92380.3,0.919227366559772
4071.0,93417.9,0.9266193583694203
4072.0,91868.7,0.9083755205331607
4073.0,86344.0,0.8510508027039072
4074.0,76872.1,0.7552946744370166
4075.0,73798.3,0.7227985502994401
4076.0,83639.3,0.8165888067719306
4077.0,94434.1,0.9190579041210634
4078.0,98449.6,0.9550978242830381
4079.0,98942.0,0.9568267955213018
4080.0,97987.5,0.9445847666480935
4081.0,94902.2,0.9119331972625764
4082.0,86391.8,0.8275126124177095
4083.0,70900.8,0.6769669312471964
4084.0,55060.5,0.5240461748784337
4085.0,55938.7,0.5307056645330905
4086.0,76358.6,0.7221212470328234
4087.0,95563.0,0.9008482013814497
4088.0,104940.0,0.9860783786929032
4089.0,107890.0,1.0105526980432757
4090.0,107046.0,0.9994348365806976
4091.0,106169.0,0.988068274528878
4092.0,104690.0,0.9711774706304593
4093.0,99428.6,0.9194072789158438
4094.0,89035.4,0.8206569353986554
4095.0,74546.1,0.6848971131389672
4096.0,65151.9,0.5966617416842861
4097.0,71765.0,0.6551093092290827
4098.0,89349.4,0.8130027832150029
4099.0,100985.0,0.9159166688813222
4100.0,103032.0,0.9314710705123918
4101.0,100698.0,0.9074354381292956
4102.0,93146.3,0.8366767589312869
4103.0,80277.3,0.718756310684495
4104.0,67381.2,0.6013455960017919
4105.0,63097.5,0.5612983197355088
4106.0,68785.2,0.6099195562595633
4107.0,75819.9,0.6701261193565886
4108.0,76560.9,0.6744907886712945
4109.0,70346.2,0.6177392701368387
4110.0,70628.5,0.6182157947567029
4111.0,82314.5,0.7181778776966067
4112.0,94095.8,0.8183169568010484
4113.0,101620.0,0.8808992711696276
4114.0,106717.0,0.9220969374803306
4115.0,109534.0,0.9433829886205088
4116.0,109723.0,0.9419614805171383
4117.0,106174.0,0.9085531287914651
4118.0,97698.2,0.8333275438441943
4119.0,87163.2,0.7410708948156612
4120.0,84274.3,0.714199589585225
4121.0,89179.2,0.7533318763904161
4122.0,90274.0,0.7601237635419381
4123.0,84145.9,0.7062427434447067
4124.0,75266.9,0.6296875234013841
4125.0,69074.8,0.5760250395011527
4126.0,67735.3,0.5630385610639056
4127.0,70753.2,0.5862343339637061
4128.0,76137.8,0.6288228825748942
4129.0,81703.5,0.6726239563937289
4130.0,86540.0,0.7101548593205744
4131.0,89739.2,0.7340468033603202
4132.0,86673.0,0.7066944725607932
4133.0,78301.6,0.636393548047819
4134.0,73141.4,0.5925522643134014
4135.0,77967.3,0.6296296646589989
4136.0,86370.8,0.695264395435564
4137.0,88451.7,0.7097423100481701
4138.0,85436.1,0.6833583865807947
4139.0,84496.0,0.673685248213333
4140.0,86514.1,0.6875792504435235
4141.0,85037.3,0.6736922492773738
4142.0,80554.9,0.6361529485772215
4143.0,80333.2,0.6323877484092517
4144.0,82380.4,0.6464462396130873
4145.0,81548.4,0.6378895211434086
4146.0,82062.0,0.6398748310394604
4147.0,85001.4,0.6606985419176372
4148.0,80472.1,0.6235171536480796
4149.0,68095.4,0.525954457736137
4150.0,63747.9,0.4908231788294366
4151.0,73849.3,0.5668079484730294
4152.0,83910.6,0.6420048710836103
4153.0,84640.6,0.6455557991655508
4154.0,82218.4,0.6251140616806814
4155.0,85175.3,0.6455661906941667
4156.0,89506.2,0.6762679033551857
4157.0,88841.6,0.6691481737602665
4158.0,87831.0,0.6594710996888246
4159.0,92187.9,0.6900263085072532
4160.0,98044.3,0.7315763572909467
4161.0,99930.1,0.7433289390153316
4162.0,96622.1,0.7164905170289538
4163.0,92502.3,0.6838134429750581
4164.0,89264.3,0.6578334189517563
4165.0,85540.5,0.628441506010805
4166.0,78840.4,0.5774292610115719
4167.0,69670.7,0.508696797977627
4168.0,71348.9,0.5193462075488611
4169.0,83226.0,0.6039369091048999
4170.0,94746.4,0.6854253637932678
4171.0,103593.0,0.747127680194169
4172.0,103114.0,0.7413974609869463
4173.0,99074.2,0.7101746727031502
4174.0,100170.0,0.7158393171485624
4175.0,102147.0,0.7277444521880281
4176.0,104065.0,0.7391550581515149
4177.0,102871.0,0.7284564423603405
4178.0,96171.2,0.6789497441958077
4179.0,90036.0,0.6337135275477134
4180.0,83614.8,0.5867409178750361
4181.0,80125.3,0.5605593323939808
4182.0,82269.1,0.5738252368958766
4183.0,81806.2,0.5688822690033909
4184.0,82109.6,0.5692797201548773
4185.0,83859.2,0.5796694679805686
4186.0,77138.9,0.5316226075126075
4187.0,70013.6,0.4810775259997685
4188.0,68306.1,0.4679475720477495
4189.0,69440.6,0.474306010097496
4190.0,79315.1,0.5401456910127189
4191.0,90702.0,0.6158631493858837
4192.0,90439.2,0.6122641590685595
4193.0,87003.6,0.5872683411493872
4194.0,81628.2,0.5493628829001391
4195.0,73067.1,0.49030146798731755
4196.0,72731.2,0.48661649051027195
4197.0,81336.3,0.5425974644448994
4198.0,90050.2,0.5989738391768941
4199.0,96102.0,0.6373646686531032
4200.0,100050.0,0.6616184607464427
4201.0,99637.3,0.6569767855618741
4202.0,103124.0,0.6779973232392758
4203.0,108697.0,0.7125716827212168
4204.0,105199.0,0.6876509016427826
4205.0,93493.2,0.6093747814034884
4206.0,85726.0,0.5571443320909109
4207.0,85831.8,0.5562330002711116
4208.0,92216.3,0.5958984835964715
4209.0,95900.9,0.6179395913912655
4210.0,89833.8,0.5771976676878232
4211.0,82593.1,0.5291669855429227
4212.0,80541.3,0.5145582164565504
4213.0,79154.8,0.5042696017819925
4214.0,74349.4,0.47231898884813933
4215.0,72364.0,0.4584116784937788
4216.0,82425.8,0.5206839921411175
4217.0,99061.7,0.6240186446479851
4218.0,113554.0,0.7133090904957163
4219.0,130015.0,0.8144325513173195
4220.0,143657.0,0.8973825417850035
4221.0,141402.0,0.8808427126666197
4222.0,131378.0,0.8161317797687611
4223.0,122180.0,0.7568946634698397
4224.0,119108.0,0.7358288192723716
4225.0,121077.0,0.7459348885166371
4226.0,117337.0,0.7209091452450014
4227.0,117099.0,0.7174768863565971
4228.0,128442.0,0.7848268612321629
4229.0,133400.0,0.8129009021025867
4230.0,122014.0,0.7414968874982738
4231.0,110898.0,0.6721159418864022
4232.0,115304.0,0.6969291078439537
4233.0,135343.0,0.8158432349797577
4234.0,152698.0,0.9179814463613665
4235.0,142916.0,0.8568681519525736
4236.0,106631.0,0.6376056989148421
4237.0,81680.3,0.4871072174118218
4238.0,85125.0,0.5062976113444023
4239.0,98628.8,0.5850554164829933
4240.0,112596.0,0.6661372433193647
4241.0,117232.0,0.6917313019377349
4242.0,98755.0,0.5811708992775958
4243.0,80056.2,0.4698900712221035
4244.0,94232.8,0.5516491428130762
4245.0,126519.0,0.7387188645521268
4246.0,141890.0,0.8263059000464943
4247.0,125314.0,0.7278758819886063
4248.0,93881.1,0.5438856867453251
4249.0,84080.3,0.48584584743744813
4250.0,107935.0,0.622077345572875
4251.0,133825.0,0.7693080212377755
4252.0,132664.0,0.7606766628913942
4253.0,110295.0,0.630797421940785
4254.0,92000.7,0.5248260530833933
4255.0,90804.5,0.5166838541171433
4256.0,112998.0,0.6413345577059616
4257.0,142237.0,0.8052411164471914
4258.0,139230.0,0.7862284728224211
4259.0,121807.0,0.6861102308999878
4260.0,124928.0,0.7019242766293592
4261.0,124048.0,0.6952359144649938
4262.0,115040.0,0.6431412948825435
4263.0,110633.0,0.6169648780326977
4264.0,96776.5,0.5383528767735751
4265.0,92364.2,0.5125371188662938
4266.0,103855.0,0.5748793889261511
4267.0,103617.0,0.5721516823982046
4268.0,101889.0,0.5612307601893155
4269.0,100363.0,0.5514739091646412
4270.0,85728.3,0.4699113017520282
4271.0,82765.4,0.4525681820263428
4272.0,95907.7,0.5231610202863733
4273.0,96155.6,0.5232465500322517
4274.0,80596.1,0.4375209958083858
4275.0,75571.1,0.40925773012408745
4276.0,85476.6,0.46179354855943916
4277.0,104345.0,0.5623865743866322
4278.0,117127.0,0.6297761461321041
4279.0,97810.4,0.5246664814408185
4280.0,69823.2,0.3736546119350924
4281.0,83078.7,0.443543095697457
4282.0,119264.0,0.6352347652942038
4283.0,136855.0,0.7272228882949654
4284.0,122285.0,0.6482839534004392
4285.0,85770.3,0.4536463921402512
4286.0,68498.6,0.361454731067823
4287.0,90422.5,0.4760402297676073
4288.0,115544.0,0.6068938223685203
4289.0,116281.0,0.6093621818748809
4290.0,116154.0,0.6073032185340168
4291.0,120678.0,0.6295169738995414
4292.0,128126.0,0.6668494468099153
4293.0,135548.0,0.7038791315291486
4294.0,125026.0,0.6477732737274455
4295.0,106584.0,0.5509798100186529
4296.0,87260.0,0.4500731771618277
4297.0,63862.1,0.32865378998138506
4298.0,55369.5,0.2843130898568524
4299.0,47724.8,0.24451440795145468
4300.0,36757.2,0.18790577462479288
4301.0,38227.3,0.1949898405261084
4302.0,41281.5,0.2101056694576894
4303.0,37879.4,0.19236791068042502
4304.0,35518.4,0.1799838179316947
4305.0,38498.8,0.1946619573662381
4306.0,47975.5,0.2420530335572414
4307.0,50780.9,0.2556535595261264
4308.0,37321.4,0.18748784288703876
4309.0,23212.8,0.11636162005385411
4310.0,16680.0,0.08343506920055427
4311.0,14868.1,0.07421329694273139
4312.0,19629.9,0.0977735363703493
4313.0,37053.0,0.18416492278123375
4314.0,70687.0,0.35059580290832215
4315.0,116882.0,0.5784978427407373
4316.0,157445.0,0.777630445738877
4317.0,174209.0,0.8586349689740989
4318.0,175947.0,0.865399783730768
4319.0,181803.0,0.8923520523926165
4320.0,180687.0,0.8850456861452112
4321.0,156759.0,0.7662636174424579
4322.0,114647.0,0.5592663573273
4323.0,70047.9,0.34100813667508556
4324.0,48576.1,0.23599849427132205
4325.0,56167.9,0.2723297506561428
4326.0,72233.3,0.3495167718734413
4327.0,79146.2,0.3821973283951159
4328.0,76301.3,0.36772222933451854
4329.0,79055.2,0.38023501966399803
4330.0,95126.4,0.4566251365369202
4331.0,109192.0,0.5231063804204958
4332.0,104944.0,0.5017652900941383
4333.0,93722.9,0.4472351099185387
4334.0,92166.6,0.4389492141885947
4335.0,106856.0,0.5079179113281211
4336.0,119429.0,0.5665805848190502
4337.0,106354.0,0.503577562634117
4338.0,87935.3,0.4155658186635926
4339.0,95386.5,0.4499154283007956
4340.0,120885.0,0.5690981455312778
4341.0,122443.0,0.5753377654004275
4342.0,103737.0,0.4865193898935587
4343.0,97804.4,0.4578316337589787
4344.0,117361.0,0.5483470704752285
4345.0,136181.0,0.6350909993486423
4346.0,125890.0,0.5860056148708414
4347.0,107619.0,0.500027621072806
4348.0,106493.0,0.4938829116342498
4349.0,124866.0,0.5780274078990565
4350.0,121184.0,0.5599563959351497
4351.0,89438.5,0.4125166952569835
4352.0,61443.3,0.2828805300844264
4353.0,50734.9,0.233157956993585
4354.0,52172.7,0.23933436524972307
4355.0,54871.7,0.2512649392811791
4356.0,59327.3,0.27118346280515915
4357.0,67423.3,0.30764310006769763
4358.0,70263.3,0.3200351572981891
4359.0,68253.3,0.3103331669703312
4360.0,77279.5,0.35075805779317776
4361.0,91174.2,0.4131022417259784
4362.0,83659.9,0.37839779273465424
4363.0,64837.4,0.29275608797307945
4364.0,65123.5,0.2935422358449699
4365.0,77816.5,0.3501551438856647
4366.0,76068.2,0.3417050080330293
4367.0,72354.8,0.3244728586014173
4368.0,86434.9,0.38696031093092553
4369.0,90792.0,0.40578367888445394
4370.0,72998.2,0.32571089751102306
4371.0,58692.9,0.26144617791761243
4372.0,60630.5,0.2696298170065679
4373.0,74119.1,0.3290715921888464
4374.0,87901.7,0.38962289562832225
4375.0,94593.5,0.41859967269524356
4376.0,90949.4,0.40181974959615574
4377.0,86301.0,0.38066642895523806
4378.0,89293.3,0.39323158523742685
4379.0,92463.3,0.4065398701418348
4380.0,85335.0,0.3746007544141416
4381.0,77371.3,0.3391036910987742
4382.0,81238.2,0.3554901355230254
4383.0,93110.8,0.40680420342949664
4384.0,99935.5,0.43594003083097665
4385.0,94783.9,0.41282558053449075
4386.0,91909.9,0.39968961566099614
4387.0,96696.9,0.4198606279315503
4388.0,104889.0,0.45473466069484
4389.0,101147.0,0.43784472406359026
4390.0,91797.0,0.3967693307347789
4391.0,92166.4,0.3977665108739774
4392.0,94157.6,0.40575179712579
4393.0,94945.5,0.4085379792784325
4394.0,98025.7,0.4211671426242684
4395.0,100356.0,0.43054431187245307
4396.0,100712.0,0.4314388234100214
4397.0,103347.0,0.44208204326046074
4398.0,101765.0,0.4346842928601199
4399.0,95963.1,0.40931136534543194
4400.0,103448.0,0.4406047503901426
4401.0,121114.0,0.515112970986214
4402.0,124232.0,0.527626014081033
4403.0,109364.0,0.4638261389241727
4404.0,100416.0,0.4252804220796385
4405.0,102378.0,0.4329864292797613
4406.0,108103.0,0.45656655591315704
4407.0,117694.0,0.4963898765657583
4408.0,124225.0,0.5232188501882475
4409.0,126790.0,0.5332964666675275
4410.0,138129.0,0.5802049729305861
4411.0,158835.0,0.6662837342828458
4412.0,167329.0,0.7009776921196381
4413.0,157383.0,0.6584371634110255
4414.0,149946.0,0.6264962769510994
4415.0,143903.0,0.6004600445715599
4416.0,140885.0,0.5871015748468649
4417.0,148050.0,0.6161616908091332
4418.0,158223.0,0.6576536899347385
4419.0,172973.0,0.718043748791159
4420.0,179296.0,0.7433471997926223
4421.0,171001.0,0.708062939013547
4422.0,179799.0,0.7435602697052205
4423.0,202560.0,0.8366462598784203
4424.0,205694.0,0.8485407126868332
4425.0,191399.0,0.7886007717900059
4426.0,179210.0,0.7374793207624089
4427.0,173989.0,0.7151268394755446
4428.0,175531.0,0.7205969178145094
4429.0,175768.0,0.7207079023674374
4430.0,177611.0,0.7274009240489039
4431.0,197142.0,0.8064385558796809
4432.0,213230.0,0.8712287375707191
4433.0,212576.0,0.8675479828413167
4434.0,205368.0,0.8371650084854358
4435.0,193558.0,0.7881195055774043
4436.0,194620.0,0.7915433690016777
4437.0,211884.0,0.8607863088849563
4438.0,218508.0,0.8867028800435923
4439.0,204271.0,0.8280083839761587
4440.0,186465.0,0.754998769760442
4441.0,185803.0,0.751495182533746
4442.0,207817.0,0.8396200026166388
4443.0,235918.0,0.9521265585262088
4444.0,248335.0,1.0011683354485394
4445.0,241042.0,0.9707359934908346
4446.0,227378.0,0.9147442792384829
4447.0,209167.0,0.8406027764833979
4448.0,197176.0,0.791592322455257
4449.0,205066.0,0.8224215076824083
4450.0,217555.0,0.8716185980301135
4451.0,221700.0,0.8873255946661273
4452.0,213997.0,0.8556341448544367
4453.0,204043.0,0.815020200756503
4454.0,204846.0,0.8174166706735975
4455.0,213860.0,0.8525461722292595
4456.0,228714.0,0.9108699790026089
4457.0,240746.0,0.957857483805019
4458.0,247852.0,0.985179219050125
4459.0,245800.0,0.9760868183949516
4460.0,239396.0,0.9497513214997695
4461.0,230621.0,0.9140731350515439
4462.0,219772.0,0.8702541406200824
4463.0,223675.0,0.8848819400344041
4464.0,234202.0,0.9256676231107894
4465.0,236137.0,0.932454144418713
4466.0,238515.0,0.9409800665930709
4467.0,233985.0,0.9222661821207205
4468.0,212328.0,0.836144369735056
4469.0,188439.0,0.7414001300572639
4470.0,182978.0,0.7192679037931383
4471.0,195132.0,0.7663589768303085
4472.0,205579.0,0.8066709192168965
4473.0,202824.0,0.795156811028477
4474.0,198971.0,0.7793648962307984
4475.0,213449.0,0.835342485990372
4476.0,228048.0,0.8916980398540303
4477.0,225023.0,0.8791059179894848
4478.0,228859.0,0.8933191211476468
4479.0,243138.0,0.9482379826840784
4480.0,252712.0,0.9847312487419183
4481.0,255061.0,0.9930352744853457
4482.0,245963.0,0.9567985730751302
4483.0,239073.0,0.9292074593638877
4484.0,242200.0,0.9405653049631033
4485.0,238736.0,0.9263317971475211
4486.0,225917.0,0.8758556578518547
4487.0,217145.0,0.841142347469544
4488.0,222798.0,0.8623190900976806
4489.0,234397.0,0.9064560754584461
4490.0,242560.0,0.9372442813197761
4491.0,249146.0,0.9618941319496763
4492.0,246417.0,0.9505709718930645
4493.0,235771.0,0.9087522967064766
4494.0,218676.0,0.8421669299536022
4495.0,201522.0,0.7754647662091392
4496.0,202144.0,0.7772192788726056
4497.0,212799.0,0.8175153234752367
4498.0,212558.0,0.8159204793457739
4499.0,216583.0,0.8306904141502411
4500.0,233983.0,0.8966933192056525
4501.0,237870.0,0.910844798331073
4502.0,229645.0,0.8786319989409774
4503.0,232160.0,0.8875297208581937
4504.0,239768.0,0.9158668537884228
4505.0,238588.0,0.9106162519741737
4506.0,229816.0,0.8764209605013894
4507.0,238008.0,0.9069215131859674
4508.0,260402.0,0.9914436298650751
4509.0,268428.0,1.021167403105736
4510.0,254768.0,0.9684099046843642
4511.0,227048.0,0.8623369409842183
4512.0,208554.0,0.7914481980835572
4513.0,206962.0,0.7847636645192616
4514.0,211274.0,0.8004573964922368
4515.0,220544.0,0.8348930494113361
4516.0,230187.0,0.8706814829191076
4517.0,230238.0,0.8701575051435151
4518.0,234787.0,0.8866182081177919
4519.0,250210.0,0.9440789750341438
4520.0,255499.0,0.9632371197966701
4521.0,248425.0,0.9357910236432838
4522.0,243304.0,0.9157387102971349
4523.0,245736.0,0.924121304982214
4524.0,245810.0,0.9236271574210683
4525.0,248560.0,0.9331777205110889
4526.0,253942.0,0.9525825150202157
4527.0,245512.0,0.9201839780721963
4528.0,242034.0,0.9063815756077914
4529.0,255911.0,0.9575362333034249
4530.0,258334.0,0.9657799360532913
4531.0,242842.0,0.9070881307449895
4532.0,233810.0,0.8726026240922455
4533.0,232003.0,0.8651141399257182
4534.0,241055.0,0.8980921685825591
4535.0,260730.0,0.9705529976279739
4536.0,271061.0,1.0081316597281007
4537.0,273153.0,1.0150246568101742
4538.0,269178.0,0.9993761125830323
4539.0,266614.0,0.9889844781035592
4540.0,262949.0,0.9745260665798995
4541.0,251257.0,0.9303658488632004
4542.0,255957.0,0.9469225302546512
4543.0,275999.0,1.0201521355930028
4544.0,282741.0,1.0441293909000093
4545.0,281824.0,1.0397996244906427
4546.0,283507.0,1.0450561514900691
4547.0,277715.0,1.0227683880023335
4548.0,264747.0,0.974112329822225
4549.0,249887.0,0.9185854445023447
4550.0,235091.0,0.8633912173898174
4551.0,228996.0,0.8402200188077885
4552.0,235398.0,0.8628973493472202
4553.0,252145.0,0.923412294722693
4554.0,271532.0,0.9934657044682708
4555.0,288573.0,1.0548038897091818
4556.0,294624.0,1.075885045966986
4557.0,285166.0,1.040338629896784
4558.0,273382.0,0.996376773434844
4559.0,262196.0,0.9546712867660817
4560.0,252163.0,0.9172350891202656
4561.0,261009.0,0.9484700362199915
4562.0,273848.0,0.994131496935031
4563.0,277885.0,1.0077730553343267
4564.0,278735.0,1.0098333949507463
4565.0,279736.0,1.0124284356632864
4566.0,288548.0,1.043251256549183
4567.0,296005.0,1.0691086680622548
4568.0,290757.0,1.0490639871461322
4569.0,278413.0,1.0034767254355448
4570.0,264508.0,0.9523565170081479
4571.0,242564.0,0.8724227086635192
4572.0,227476.0,0.8172839019187255
4573.0,239855.0,0.8608346115863476
4574.0,260549.0,0.9340943251570767
4575.0,265541.0,0.950955172255361
4576.0,259261.0,0.9274478591327514
4577.0,259450.0,0.9270998634779285
4578.0,275002.0,0.9815803696926294
4579.0,288329.0,1.0279976185327397
4580.0,287914.0,1.025361245918217
4581.0,291653.0,1.0374983649690792
4582.0,298771.0,1.061604515754566
4583.0,294165.0,1.044035119478655
4584.0,279651.0,0.9913720943571102
4585.0,262865.0,0.930777029573188
4586.0,256995.0,0.9089217243970307
4587.0,268322.0,0.9478580687600457
4588.0,280303.0,0.988999928134552
4589.0,282034.0,0.9939114557401588
4590.0,283147.0,0.9966257498486326
4591.0,286601.0,1.0075530226644427
4592.0,287554.0,1.0096615468029462
4593.0,286242.0,1.003811219524556
4594.0,287149.0,1.0057367891708204
4595.0,292036.0,1.0215691811952727
4596.0,291532.0,1.0185162792623843
4597.0,284465.0,0.9925602738427236
4598.0,283235.0,0.9870001035437169
4599.0,284196.0,0.9890684745361001
4600.0,276326.0,0.960426480275933
4601.0,267043.0,0.9269437405611768
4602.0,259223.0,0.8986101683166862
4603.0,252154.0,0.872941558355383
4604.0,257937.0,0.891765066213084
4605.0,266754.0,0.921003636898722
4606.0,269493.0,0.9291967363582344
4607.0,275710.0,0.9493334267320204
4608.0,284691.0,0.978909275953185
4609.0,285887.0,0.9816621460845774
4610.0,281649.0,0.9657647692127913
4611.0,283500.0,0.9707522107541868
4612.0,285570.0,0.9764653904601598
4613.0,280790.0,0.9587640070575248
4614.0,280415.0,0.9561237274223414
4615.0,279890.0,0.9529718207528369
4616.0,270280.0,0.9189323807937892
4617.0,266075.0,0.9033330995369434
4618.0,255177.0,0.8650812934365384
4619.0,242020.0,0.8192861554338406
4620.0,247406.0,0.8362980235948777
4621.0,258917.0,0.8739276922400613
4622.0,262321.0,0.8841170913702645
4623.0,263806.0,0.8878119347999949
4624.0,262658.0,0.8826416297548659
4625.0,258852.0,0.8685618178191917
4626.0,261704.0,0.8768252837148279
4627.0,257481.0,0.8613894229691121
4628.0,251565.0,0.8403388588065765
4629.0,251667.0,0.8394188292914062
4630.0,251202.0,0.8366082558552529
4631.0,250239.0,0.8321453043927228
4632.0,250010.0,0.8301283669703906
4633.0,249928.0,0.8286004479222979
4634.0,234940.0,0.777729095631951
4635.0,218386.0,0.7218320319939657
4636.0,215315.0,0.7105989210105446
4637.0,220979.0,0.7281807148058312
4638.0,233311.0,0.7676449361949949
4639.0,240223.0,0.7891797682249407
4640.0,241982.0,0.7937429123872992
4641.0,251463.0,0.8235797775408823
4642.0,254088.0,0.8309022652773003
4643.0,254901.0,0.8322830268363888
4644.0,252255.0,0.822380070477237
4645.0,242259.0,0.7885798469914473
4646.0,236894.0,0.7699322642828736
4647.0,232680.0,0.7550749126202556
4648.0,231223.0,0.7491942706618206
4649.0,234110.0,0.7573834155049153
4650.0,233966.0,0.7557550269372391
4651.0,233894.0,0.7543623052147925
4652.0,234368.0,0.754730719348257
4653.0,225029.0,0.7235446007732381
4654.0,215531.0,0.6919425351418028
4655.0,213032.0,0.6828715763480204
4656.0,214573.0,0.6867579347860143
4657.0,222103.0,0.7097706673435927
4658.0,221518.0,0.7068191652075049
4659.0,223042.0,0.7105953388342106
4660.0,229604.0,0.7303858841424621
4661.0,228656.0,0.7262625041813713
4662.0,225495.0,0.7151332826831798
4663.0,220854.0,0.6993513582444357
4664.0,221429.0,0.7001092696718331
4665.0,225323.0,0.7113432218958123
4666.0,219722.0,0.6926132538517037
4667.0,217220.0,0.6836942912443472
4668.0,216044.0,0.6789700557077111
4669.0,215250.0,0.6754594561482983
4670.0,209660.0,0.6569327859284899
4671.0,198395.0,0.6207073552624952
4672.0,193725.0,0.6051935678792862
4673.0,190262.0,0.5934920091150121
4674.0,186222.0,0.580029090188828
4675.0,178659.0,0.5556502457813376
4676.0,163640.0,0.508189661144205
4677.0,146213.0,0.4534026667155228
4678.0,133832.0,0.4144019863193392
4679.0,136647.0,0.4225011113523279
4680.0,147389.0,0.4550518673941218
4681.0,157811.0,0.48652304907080063
4682.0,155924.0,0.4800116121935527
4683.0,144730.0,0.4449101762578003
4684.0,138806.0,0.42608814720299015
4685.0,152129.0,0.4663190529184506
4686.0,176000.0,0.5387239890396183
4687.0,193156.0,0.5904008461523106
4688.0,202995.0,0.6196007228272046
4689.0,203470.0,0.6201796535773539
4690.0,197896.0,0.6023480488387005
4691.0,188020.0,0.5714928122972494
4692.0,171909.0,0.5218005121393706
4693.0,153412.0,0.4650154389743308
4694.0,141984.0,0.42978638290715643
4695.0,134952.0,0.4079443138940143
4696.0,123157.0,0.37178524039233346
4697.0,123989.0,0.3737927847851709
4698.0,157340.0,0.4737016570929764
4699.0,194010.0,0.5833258489620577
4700.0,210213.0,0.6312064516144424
4701.0,214264.0,0.6425238947041346
4702.0,208994.0,0.6259009774222652
4703.0,197577.0,0.5909401710679374
4704.0,191156.0,0.5709972435593669
4705.0,194148.0,0.5791907832018428
4706.0,199457.0,0.5942708077680486
4707.0,198889.0,0.5918287766199929
4708.0,195499.0,0.5810104136214458
4709.0,191967.0,0.5698019552337608
4710.0,180193.0,0.5341918144458897
4711.0,162248.0,0.48040182834238376
4712.0,140801.0,0.4163907866397443
4713.0,115572.0,0.3413675342655308
4714.0,103192.0,0.3044346118951999
4715.0,128509.0,0.3786728809696385
4716.0,182803.0,0.5380231310232704
4717.0,219659.0,0.6457404043303686
4718.0,226942.0,0.6663763619373569
4719.0,219123.0,0.6426771906715356
4720.0,206024.0,0.6035697656028269
4721.0,186430.0,0.5455502765237153
4722.0,173296.0,0.5065490092339908
4723.0,191753.0,0.5598784301391558
4724.0,222564.0,0.6491272842709966
4725.0,235074.0,0.6848693228664684
4726.0,229464.0,0.6678065787042934
4727.0,219952.0,0.6394431886910669
4728.0,216462.0,0.6286350440787751
4729.0,218583.0,0.6341342060345128
4730.0,224266.0,0.6499518313442705
4731.0,230785.0,0.6681644457430939
4732.0,227563.0,0.6581738899160985
4733.0,216512.0,0.625589433043616
4734.0,196577.0,0.5674320213732569
4735.0,161110.0,0.4646036997675851
4736.0,139790.0,0.4027362081924295
4737.0,178177.0,0.5128449100494623
4738.0,246273.0,0.7081846766058076
4739.0,282731.0,0.8122767195749081
4740.0,284701.0,0.8171955808659018
4741.0,271839.0,0.7795803087390936
4742.0,251096.0,0.7194600179641322
4743.0,228318.0,0.6536278368010625
4744.0,232721.0,0.6656643201158662
4745.0,282191.0,0.8064882248335563
4746.0,329961.0,0.9422335292865989
4747.0,345565.0,0.9859904762368874
4748.0,342845.0,0.9774483723316727
4749.0,330077.0,0.9403085170947153
4750.0,317197.0,0.9029202465600678
4751.0,310394.0,0.8828867922459992
4752.0,316138.0,0.8985577760981993
4753.0,337709.0,0.9591705099774106
4754.0,354600.0,1.006426629314146
4755.0,356024.0,1.0097625266605386
4756.0,352404.0,0.9988121674031017
4757.0,352102.0,0.9972889239348486
4758.0,355084.0,1.0050777479985402
4759.0,352513.0,0.9971634200496821
4760.0,337888.0,0.9551976939426606
4761.0,321587.0,0.9085628635265444
4762.0,321151.0,0.9067937839057413
4763.0,335060.0,0.9455215054091474
4764.0,346303.0,0.9767007461356064
4765.0,349629.0,0.985544128165265
4766.0,351981.0,0.9916494744409851
4767.0,354532.0,0.9983246097814374
4768.0,355813.0,1.0014346343408231
4769.0,353410.0,0.994194151264108
4770.0,338215.0,0.951007261567476
4771.0,317174.0,0.8914439688531829
4772.0,306989.0,0.8624453326001434
4773.0,314896.0,0.8842903077790415
4774.0,337547.0,0.9475180316971932
4775.0,354246.0,0.994008573574615
4776.0,354676.0,0.9948445814576072
4777.0,353281.0,0.9905768657489379
4778.0,351609.0,0.9855494772485004
4779.0,338921.0,0.9496715928021789
4780.0,323721.0,0.9067931196603382
4781.0,324178.0,0.9077975312128542
4782.0,330215.0,0.9244341884012357
4783.0,326307.0,0.9132398367146581
4784.0,327201.0,0.9154987065051639
4785.0,344368.0,0.9632873187931118
4786.0,358686.0,1.003096225650405
4787.0,348947.0,0.9756359981917393
4788.0,324120.0,0.9060231681415022
4789.0,314798.0,0.8797826645404205
4790.0,331609.0,0.9265832235186658
4791.0,347491.0,0.9707803708849418
4792.0,343930.0,0.9606634983021339
4793.0,328812.0,0.9182841413471329
4794.0,317131.0,0.8855245354547412
4795.0,316347.0,0.8832065242012299
4796.0,318985.0,0.8904499532454486
4797.0,321209.0,0.8965440134018287
4798.0,323828.0,0.9037468608799097
4799.0,330032.0,0.9209598122099799
4800.0,339883.0,0.9483527643998956
4801.0,345950.0,0.9651907691922194
4802.0,340561.0,0.9500741261156752
4803.0,323638.0,0.9027928933023128
4804.0,306186.0,0.8540497666974998
4805.0,303873.0,0.8475440146471331
4806.0,308980.0,0.8617390597827959
4807.0,313127.0,0.8732609560194231
4808.0,326253.0,0.9098271687391196
4809.0,338420.0,0.9437216247618514
4810.0,338646.0,0.9443214650928526
4811.0,330317.0,0.9210713669789111
4812.0,321076.0,0.895284272202826
4813.0,308963.0,0.8614945640638044
4814.0,287794.0,0.802459001819616
4815.0,285229.0,0.7953015546883552
4816.0,311123.0,0.8674993942753707
4817.0,325076.0,0.9064057404016029
4818.0,324071.0,0.9036083721048795
4819.0,324847.0,0.9057802031394177
4820.0,326840.0,0.9113485254805642
4821.0,318771.0,0.8888628622362077
4822.0,298648.0,0.8327669006132723
4823.0,284361.0,0.7929446665660465
4824.0,283182.0,0.7896752153305794
4825.0,294452.0,0.8211231276028019
4826.0,303780.0,0.8471584723140879
4827.0,304608.0,0.8494917659067781
4828.0,308390.0,0.8600646894579574
4829.0,314454.0,0.8770036134866295
4830.0,311215.0,0.8679976839708251
4831.0,294204.0,0.8205794822925226
4832.0,277329.0,0.773537802172628
4833.0,272386.0,0.7597754328982415
4834.0,277036.0,0.7727709794108469
4835.0,287465.0,0.8018876376001132
4836.0,298689.0,0.8332233368746716
4837.0,301450.0,0.8409510858779046
4838.0,290678.0,0.8109243688265501
4839.0,272123.0,0.7591814005151358
4840.0,266171.0,0.7425957155452115
4841.0,269201.0,0.7510674294040663
4842.0,262405.0,0.7321228777951534
4843.0,261271.0,0.7289733271879509
4844.0,283503.0,0.7910163957853829
4845.0,299716.0,0.8362649206554826
4846.0,294740.0,0.8223899159903795
4847.0,298489.0,0.8328567036657836
4848.0,308916.0,0.8619538586134858
4849.0,312483.0,0.8719066022258151
4850.0,312223.0,0.8711774083828001
4851.0,296301.0,0.8267439939690443
4852.0,278706.0,0.777639724708746
4853.0,283828.0,0.791916524380699
4854.0,300913.0,0.8395661488201778
4855.0,307188.0,0.8570490149951241
4856.0,296948.0,0.8284509462133284
4857.0,292844.0,0.8169681604652114
4858.0,303938.0,0.847878315384149
4859.0,314126.0,0.8762526568990043
4860.0,313176.0,0.8735504180662786
4861.0,308634.0,0.8608238768039439
4862.0,314652.0,0.8775441076362219
4863.0,332258.0,0.9265707880967549
4864.0,348413.0,0.9715359589479429
4865.0,350174.0,0.9763518648794376
4866.0,336968.0,0.9394323556823929
4867.0,325410.0,0.9071069367177561
4868.0,331031.0,0.9226632868648934
4869.0,336008.0,0.9364127265425546
4870.0,326579.0,0.9100077436974888
4871.0,318402.0,0.8870900014971278
4872.0,326341.0,0.9090639083911655
4873.0,339597.0,0.9458302665469338
4874.0,336805.0,0.9378860597243901
4875.0,320614.0,0.8926304902051585
4876.0,319072.0,0.8881595782045987
4877.0,326516.0,0.9086887171697027
4878.0,325713.0,0.9062526699249234
4879.0,326373.0,0.9078770598448144
4880.0,328495.0,0.9135559800464951
4881.0,318021.0,0.8842002785618001
4882.0,312384.0,0.8682940767360084
4883.0,319140.0,0.8868234381726966
4884.0,314976.0,0.8749954690930178
4885.0,308662.0,0.8571925257649506
4886.0,302570.0,0.8400058661360927
4887.0,299453.0,0.8310760695961342
4888.0,310497.0,0.8614293164286506
4889.0,326924.0,0.9066793259941055
4890.0,333938.0,0.9257890172400435
4891.0,335722.0,0.9303790570272321
4892.0,348701.0,0.965966335009304
4893.0,362156.0,1.0028314700032743
4894.0,362319.0,1.002863237585435
4895.0,356640.0,0.9867199593751496
4896.0,351878.0,0.9731151365908095
4897.0,348229.0,0.9625878068267583
4898.0,347378.0,0.9597898646400991
4899.0,352766.0,0.9742135923797794
4900.0,353901.0,0.9768730310009314
4901.0,342091.0,0.9438047558425092
4902.0,333050.0,0.9183950093452181
4903.0,334669.0,0.922381479131157
4904.0,335115.0,0.9231228015172205
4905.0,331082.0,0.9115222634789414
4906.0,323734.0,0.8908031946980518
4907.0,314079.0,0.8637534626441531
4908.0,307573.0,0.8453807074128988
4909.0,301190.0,0.8273584978055536
4910.0,293722.0,0.8063704837870994
4911.0,288311.0,0.7910433585483574
4912.0,291044.0,0.7980584310757111
4913.0,300359.0,0.8230945964528092
4914.0,319320.0,0.8745093270319517
4915.0,345894.0,0.9466878560560646
4916.0,358764.0,0.9812832370721586
4917.0,355839.0,0.9726512970992043
4918.0,353409.0,0.9653743499859021
4919.0,352480.0,0.9621962105609727
4920.0,356560.0,0.9726785690603217
4921.0,357321.0,0.9740908117031358
4922.0,349923.0,0.9532663342355195
4923.0,343217.0,0.9343469300507187
4924.0,346573.0,0.9428194048340364
4925.0,355506.0,0.9664335755492915
4926.0,351676.0,0.9553357529107602
4927.0,335526.0,0.9108035325748471
4928.0,334533.0,0.9074438967761251
4929.0,348978.0,0.9459284529229715
4930.0,347998.0,0.942569973521832
4931.0,331730.0,0.8978328070109645
4932.0,321873.0,0.8704953549443155
4933.0,320845.0,0.8670532223675352
4934.0,322458.0,0.8707423210296854
4935.0,313843.0,0.8468226553497356
4936.0,288142.0,0.7768688071041663
4937.0,271082.0,0.7302987016303475
4938.0,270856.0,0.7291128190757257
4939.0,274588.0,0.7385705934494685
4940.0,291335.0,0.7829880360969949
4941.0,313701.0,0.8424191977126891
4942.0,342557.0,0.9191640541233052
4943.0,377354.0,1.0117075315091466
4944.0,392887.0,1.0524890635094952
4945.0,384696.0,1.0296974576862026
4946.0,373686.0,0.9993992633116277
4947.0,379111.0,1.0130644195604241
4948.0,387876.0,1.0356198753532062
4949.0,386711.0,1.0316423428469519
4950.0,380003.0,1.01289227064926
4951.0,375352.0,0.9996479013586402
4952.0,381320.0,1.0146787267376445
4953.0,387777.0,1.0309800891790197
4954.0,382622.0,1.0164033870672682
4955.0,373166.0,0.9904325425189249
4956.0,367839.0,0.9754523700239645
4957.0,373775.0,0.9903366648460176
4958.0,380581.0,1.0074950819328927
4959.0,380410.0,1.0061667251642183
4960.0,378075.0,0.9991189797788494
4961.0,376902.0,0.9951487453552782
4962.0,379405.0,1.0008801185164513
4963.0,380098.0,1.0018282064652642
4964.0,378647.0,0.9971261598085693
4965.0,373561.0,0.9828661029293844
4966.0,375023.0,0.985842067324864
4967.0,379697.0,0.9972468115420129
4968.0,383870.0,1.0073147704598895
4969.0,384388.0,1.00778046817313
4970.0,373713.0,0.9789240808051072
4971.0,370787.0,0.9703974731335331
4972.0,381059.0,0.9963947938822874
4973.0,384372.0,1.004164365847357
4974.0,372469.0,0.9722027090505838
4975.0,363702.0,0.948474879400021
4976.0,371043.0,0.9667577820735836
4977.0,381925.0,0.994224988295886
4978.0,380475.0,0.9895682453808708
4979.0,373065.0,0.9694313866504436
4980.0,378344.0,0.98227320016867
4981.0,384484.0,0.9973246219310622
4982.0,378142.0,0.9799997941108425
4983.0,368768.0,0.9548542568610862
4984.0,371488.0,0.9610399905026749
4985.0,380109.0,0.9824663189909465
4986.0,374802.0,0.9678862614857608
4987.0,361847.0,0.9335990281251978
4988.0,357122.0,0.9205875800250866
4989.0,364553.0,0.9389066142155326
4990.0,367673.0,0.9460995192388733
4991.0,360580.0,0.9270224359832914
4992.0,355553.0,0.9132857333855526
4993.0,361572.0,0.9279210817931048
4994.0,366367.0,0.9393917728820891
4995.0,365265.0,0.9357349875819672
4996.0,362334.0,0.927403163193919
4997.0,359888.0,0.9203262692178305
4998.0,362822.0,0.9270077105720442
4999.0,359539.0,0.9178069756376941
5000.0,353779.0,0.9023050052513021
5001.0,349706.0,0.8911293405690082
5002.0,346243.0,0.8815265546196922
5003.0,348479.0,0.8864375853848107
5004.0,359907.0,0.9147015861785147
5005.0,356321.0,0.9047916858090004
5006.0,343102.0,0.8704602667070651
5007.0,341898.0,0.8666450843521747
5008.0,347632.0,0.8804080315749866
5009.0,342346.0,0.8662626173048175
5010.0,337003.0,0.8519982530975619
5011.0,342056.0,0.8640191081617877
5012.0,350370.0,0.8842495336773489
5013.0,353627.0,0.8916938047371241
5014.0,349158.0,0.879661065094234
5015.0,346509.0,0.8722311360791256
5016.0,344251.0,0.8657981299611273
5017.0,336985.0,0.8467926142350892
5018.0,332978.0,0.8360029349654722
5019.0,337278.0,0.8460709356322185
5020.0,339009.0,0.8496836099454479
5021.0,336222.0,0.8419768670142228
5022.0,335346.0,0.8390657040924239
5023.0,336069.0,0.8401578847347282
5024.0,334852.0,0.8364034025592713
5025.0,336679.0,0.8402532610095347
5026.0,334141.0,0.83321310835703
5027.0,326342.0,0.8130782172740434
5028.0,330956.0,0.8238792117022187
5029.0,337857.0,0.8403516494275434
5030.0,324591.0,0.806678341268277
5031.0,314758.0,0.7815872089398465
5032.0,324126.0,0.8041781224224059
5033.0,325302.0,0.8064247137725615
5034.0,310403.0,0.7688519631080082
5035.0,313308.0,0.7754058149292833
5036.0,332056.0,0.8211276955405765
5037.0,325490.0,0.8042292859117137
5038.0,310357.0,0.7662098442090277
5039.0,318296.0,0.7851676788028003
5040.0,319256.0,0.7868944296826356
5041.0,307979.0,0.758482937128176
5042.0,311177.0,0.765738818054747
5043.0,319800.0,0.786323526795815
5044.0,319597.0,0.7851928422831185
5045.0,315479.0,0.7744548957809524
5046.0,314190.0,0.7706750416404811
5047.0,316121.0,0.7747949645366203
5048.0,322608.0,0.7900677648301547
5049.0,324296.0,0.7935747632707816
5050.0,324275.0,0.7928993592712497
5051.0,330268.0,0.8069205050360423
5052.0,317775.0,0.7757914158641886
5053.0,293452.0,0.7158543225785734
5054.0,298728.0,0.7281606574474687
5055.0,302021.0,0.7356199588161345
5056.0,283230.0,0.6893219355425229
5057.0,288616.0,0.7018933866937945
5058.0,301352.0,0.7323086429527557
5059.0,290028.0,0.7042563884170734
5060.0,284502.0,0.6903168035285511
5061.0,287263.0,0.6964926723933651
5062.0,282400.0,0.6841901114288753
5063.0,276393.0,0.6691383172714255
5064.0,276549.0,0.6690202256238094
5065.0,292180.0,0.7063134673623624
5066.0,300608.0,0.7261543659788391
5067.0,280639.0,0.67742223140523
5068.0,276873.0,0.6678464656796815
5069.0,282674.0,0.6813466324108443
5070.0,272143.0,0.6554918203843001
5071.0,275302.0,0.6626267845190057
5072.0,278398.0,0.6696022616450478
5073.0,273331.0,0.6569503629045564
5074.0,280238.0,0.6730777882961673
5075.0,285341.0,0.6848551071518223
5076.0,276597.0,0.6634069324998298
5077.0,263725.0,0.6320968300759101
5078.0,275679.0,0.6602942793875995
5079.0,296252.0,0.7090852688741425
5080.0,293317.0,0.7015837617493509
5081.0,285485.0,0.6823898004677412
5082.0,267098.0,0.6380116945372466
5083.0,253931.0,0.6061559121887714
5084.0,265585.0,0.6335554766286392
5085.0,274651.0,0.6547517325665108
5086.0,273361.0,0.6512508278823189
5087.0,271099.0,0.6454428956308149
5088.0,274594.0,0.653342721891596
5089.0,270630.0,0.6434991857427869
5090.0,265310.0,0.6304486155435058
5091.0,254332.0,0.6039807141286352
5092.0,241771.0,0.5737916899260364
5093.0,240118.0,0.5695144619655036
5094.0,235495.0,0.5582050326771486
5095.0,220455.0,0.5222351136814984
5096.0,204455.0,0.4840385689100263
5097.0,196785.0,0.46559940144330486
5098.0,213908.0,0.5058103694286639
5099.0,251946.0,0.5954023619637905
5100.0,268240.0,0.6335357562940139
5101.0,264302.0,0.6238708335757426
5102.0,261916.0,0.6178813086326104
5103.0,256311.0,0.6043120261179696
5104.0,256612.0,0.6046779080657125
5105.0,258519.0,0.6088284754804126
5106.0,251083.0,0.5909862321413306
5107.0,246567.0,0.5800358048501034
5108.0,237415.0,0.5582002817960074
5109.0,228358.0,0.5366145408525822
5110.0,232069.0,0.5450419447866532
5111.0,236619.0,0.5554325069599375
5112.0,244518.0,0.5736720739272474
5113.0,246676.0,0.5784333096488352
5114.0,240887.0,0.5645671768444954
5115.0,235707.0,0.5521447751748403
5116.0,223634.0,0.5235991311328899
5117.0,214866.0,0.5028191084188217
5118.0,210982.0,0.4934860439613846
5119.0,207799.0,0.48580361380280546
5120.0,205751.0,0.48078343738488266
5121.0,206199.0,0.4816003653017437
5122.0,211894.0,0.49466831273909107
5123.0,210012.0,0.4900464049769415
5124.0,201029.0,0.46886949167745684
5125.0,185777.0,0.433099708674943
5126.0,162590.0,0.3788741664089989
5127.0,133725.0,0.3114738099068972
5128.0,109437.0,0.25479062176939415
5129.0,119548.0,0.2782111210085079
5130.0,173818.0,0.40433601694245774
5131.0,233923.0,0.5439246324100684
5132.0,263616.0,0.6127147263572621
5133.0,271880.0,0.6316655757619059
5134.0,269280.0,0.6253744063019983
5135.0,262598.0,0.6096157133260957
5136.0,256387.0,0.5949660246169292
5137.0,251187.0,0.5826764432472155
5138.0,245631.0,0.5695742397657535
5139.0,244252.0,0.5661674458578181
5140.0,246863.0,0.572011985236261
5141.0,246249.0,0.5703858405835691
5142.0,244088.0,0.5651823796278778
5143.0,246991.0,0.5717077030864465
5144.0,249693.0,0.5777671371435036
5145.0,243648.0,0.5635931572300267
5146.0,236058.0,0.5458594476291859
5147.0,231819.0,0.5358870413915898
5148.0,228923.0,0.5290280050921855
5149.0,228481.0,0.5278460021788529
5150.0,231917.0,0.5356246589425441
5151.0,234926.0,0.5424164254970651
5152.0,231463.0,0.5342690913205885
5153.0,219520.0,0.506561595385767
5154.0,211731.0,0.4884558300820345
5155.0,215385.0,0.4967547052356359
5156.0,218140.0,0.5029798074589136
5157.0,213888.0,0.4930527723883982
5158.0,207557.0,0.4783427201027111
5159.0,206584.0,0.4759883636179273
5160.0,199050.0,0.45852476084460175
5161.0,170060.0,0.39165786164296684
5162.0,129661.0,0.29855285256672087
5163.0,93323.8,0.21483972921401298
5164.0,89081.4,0.2050324945981142
5165.0,162338.0,0.3735704421252856
5166.0,285202.0,0.6561826238802232
5167.0,364731.0,0.8390114510302499
5168.0,397030.0,0.9131556520542883
5169.0,415137.0,0.9546462038926026
5170.0,420033.0,0.9657555202006275
5171.0,409875.0,0.9422611254329779
5172.0,390850.0,0.8983991098745998
5173.0,387629.0,0.890877771130655
5174.0,407072.0,0.9354467890297162
5175.0,423056.0,0.9720644499780658
5176.0,427994.0,0.9833035174109735
5177.0,428857.0,0.9851866302997553
5178.0,429186.0,0.9858504739805667
5179.0,428872.0,0.9850450940447806
5180.0,426089.0,0.9785772083301019
5181.0,418541.0,0.9611752802104879
5182.0,402420.0,0.9240967187241441
5183.0,380247.0,0.8731330891295854
5184.0,379909.0,0.8723173762678366
5185.0,406564.0,0.9334857292418176
5186.0,426749.0,0.9798027279301751
5187.0,432972.0,0.9940698022411234
5188.0,434574.0,0.9977352868364048
5189.0,435083.0,0.9988995915879355
5190.0,435286.0,0.9993696885674382
5191.0,435331.0,0.9994854211205171
5192.0,434442.0,0.9974651511225564
5193.0,433583.0,0.9955221158536882
5194.0,433675.0,0.9957710452683493
5195.0,434372.0,0.9974177430086468
5196.0,435751.0,1.0006393092474886
5197.0,435068.0,0.9991345095360824
5198.0,432628.0,0.9936028286906241
5199.0,433891.0,0.996583994243582
5200.0,437134.0,1.0041222351841013
5201.0,437122.0,1.0041926098486569
5202.0,435183.0,0.9998439706842923
5203.0,434145.0,0.997572872265002
5204.0,432041.0,0.9928595922280254
5205.0,428920.0,0.9858156640857615
5206.0,427538.0,0.9827751068285902
5207.0,427187.0,0.9821117245559132
5208.0,424807.0,0.9767903810816377
5209.0,424108.0,0.9753407838738636
5210.0,427121.0,0.9824362771372842
5211.0,431946.0,0.9937102572286624
5212.0,437136.0,1.0058356211416828
5213.0,440571.0,1.0139340468459697
5214.0,441323.0,1.0158671826630616
5215.0,438671.0,1.0099713147913376
5216.0,434383.0,1.0003127958745544
5217.0,434689.0,1.001238765080556
5218.0,439374.0,1.0122608526056747
5219.0,442116.0,1.0188176277054939
5220.0,442227.0,1.0193201767783338
5221.0,442336.0,1.019825308460814
5222.0,442883.0,1.0213476544644682
5223.0,442720.0,1.0212398093307622
5224.0,441731.0,1.0192327531067937
5225.0,440556.0,1.0168019506902901
5226.0,437493.0,1.0100176047660903
5227.0,434781.0,1.0040463749456958
5228.0,437608.0,1.0108730366697571
5229.0,441576.0,1.0203465441651351
5230.0,441937.0,1.021494842066772
5231.0,440800.0,1.01918646675118
5232.0,440832.0,1.0195864625170743
5233.0,441803.0,1.0221652230152756
5234.0,443253.0,1.0258602247373925
5235.0,444136.0,1.0282508938223012
5236.0,443384.0,1.026862417149096
5237.0,441551.0,1.0229742893599867
5238.0,440030.0,1.0198121587981266
5239.0,440337.0,1.020891409257878
5240.0,442234.0,1.0256645759872638
5241.0,443686.0,1.0294142228109542
5242.0,444211.0,1.0310204584338278
5243.0,443888.0,1.0306642345326955
5244.0,442894.0,1.0287543511809343
5245.0,441932.0,1.0269224629232843
5246.0,442474.0,1.0285904158325743
5247.0,443953.0,1.0324437281778076
5248.0,444929.0,1.0351348282794615
5249.0,444827.0,1.035323954076686
5250.0,443818.0,1.0334060969321799
5251.0,442908.0,1.0317219171368603
5252.0,442248.0,1.030623499611847
5253.0,442263.0,1.0311023526075094
5254.0,442960.0,1.0331767667703808
5255.0,443156.0,1.0340882837414072
5256.0,443393.0,1.035100597721276
5257.0,443319.0,1.0353916616922842
5258.0,442248.0,1.033357518315937
5259.0,440916.0,1.030715429033191
5260.0,441152.0,1.0317420132019386
5261.0,442630.0,1.0356794861674932
5262.0,443752.0,1.0387910660890807
5263.0,443975.0,1.0398038202181201
5264.0,443670.0,1.0395840102569747
5265.0,443063.0,1.038659596108923
5266.0,441468.0,1.0354205250148114
5267.0,439465.0,1.03122432178177
5268.0,432339.0,1.0150000837286663
5269.0,417656.0,0.981012772091379
5270.0,415018.0,0.9753007831090706
5271.0,429772.0,1.0104779898267044
5272.0,440599.0,1.03645562859724
5273.0,442573.0,1.0416262646968817
5274.0,443713.0,1.0448411280600822
5275.0,445645.0,1.0499279859156259
5276.0,447076.0,1.0538418292225948
5277.0,447356.0,1.0550478257648508
5278.0,446638.0,1.0539027163862018
5279.0,445932.0,1.0527872140608057
5280.0,444165.0,1.0491667289921307
5281.0,443111.0,1.0472297976346376
5282.0,444792.0,1.0517602363469356
5283.0,446331.0,1.0559616749613603
5284.0,446487.0,1.0568959109983498
5285.0,446001.0,1.0563126093076027
5286.0,444546.0,1.053434347924753
5287.0,442968.0,1.0502631517926013
5288.0,444199.0,1.0537539002756213
5289.0,446720.0,1.0603119657738822
5290.0,448339.0,1.06473664598213
5291.0,449052.0,1.0670148684376146
5292.0,448569.0,1.0664535602188439
5293.0,446179.0,1.0613566400263292
5294.0,443477.0,1.055512728283448
5295.0,443560.0,1.056295689028157
5296.0,444449.0,1.0590010507871062
5297.0,444948.0,1.0607806131265891
5298.0,446123.0,1.0641755687357306
5299.0,446731.0,1.0662218533642012
5300.0,444467.0,1.061412649372602
5301.0,441568.0,1.0550814150787904
5302.0,443540.0,1.0603889061980445
5303.0,448815.0,1.0736038873388636
5304.0,451478.0,1.0805824862474005
5305.0,450372.0,1.0785433115230851
5306.0,447063.0,1.071223355688511
5307.0,442120.0,1.0599777514771849
5308.0,439504.0,1.054301574718361
5309.0,443345.0,1.0641170189960898
5310.0,447380.0,1.0744093314068375
5311.0,448738.0,1.078280452900279
5312.0,448482.0,1.0782751337915142
5313.0,443625.0,1.067201062061146
5314.0,439214.0,1.0571874876989649
5315.0,443006.0,1.0669177858113323
5316.0,449214.0,1.0824803091588255
5317.0,452172.0,1.0902236435280195
5318.0,451428.0,1.0890440039749112
5319.0,446700.0,1.0782454985833125
5320.0,440098.0,1.0629077828557476
5321.0,440057.0,1.063406487798554
5322.0,446860.0,1.0804525170651635
5323.0,450217.0,1.0891797120485074
5324.0,447982.0,1.0843793711507306
5325.0,442179.0,1.070930701726404
5326.0,433456.0,1.0503894609625688
5327.0,423560.0,1.0269796261825035
5328.0,420997.0,1.0213318493710652
5329.0,432245.0,1.049199888801146
5330.0,442362.0,1.0743500660784935
5331.0,442833.0,1.0760861640619988
5332.0,440435.0,1.0708465687803972
5333.0,440375.0,1.071286636540801
5334.0,441858.0,1.0754805789436992
5335.0,445204.0,1.0842137281063307
5336.0,447985.0,1.0915771852187857
5337.0,445884.0,1.0870439425953256
5338.0,441843.0,1.0777709890083809
5339.0,438919.0,1.0712114752391726
5340.0,437990.0,1.0695136809830221
5341.0,443175.0,1.0827486931797348
5342.0,447418.0,1.0936920274755608
5343.0,445068.0,1.0885190139311405
5344.0,443361.0,1.0849107967900506
5345.0,444944.0,1.0893503871240888
5346.0,442305.0,1.0834491738381489
5347.0,438801.0,1.075418451529316
5348.0,439869.0,1.0785867936697162
5349.0,439168.0,1.0774148225251339
5350.0,439826.0,1.0795736680340267
5351.0,442981.0,1.0878629383981582
5352.0,441395.0,1.0845079072505073
5353.0,438694.0,1.0784046076428537
5354.0,439473.0,1.0808499876406814
5355.0,440038.0,1.0827669905866033
5356.0,443652.0,1.092187622061608
5357.0,446995.0,1.100945433449065
5358.0,442692.0,1.09086605562042
5359.0,434084.0,1.0701592791144772
5360.0,429780.0,1.060044162070699
5361.0,433745.0,1.070319748668839
5362.0,440453.0,1.0873718287013292
5363.0,442836.0,1.093752302407777
5364.0,438182.0,1.0827450825007836
5365.0,428800.0,1.0600347919154072
5366.0,425369.0,1.0520171679470736
5367.0,431598.0,1.0678887587099668
5368.0,439404.0,1.0876724074922552
5369.0,442072.0,1.0947438189734424
5370.0,434958.0,1.0775812841697203
5371.0,417624.0,1.0350687210558338
5372.0,411578.0,1.0205038899090189
5373.0,428146.0,1.0620156006610197
5374.0,443488.0,1.100512678575704
5375.0,444749.0,1.1040785385141858
5376.0,435065.0,1.0804596296585576
5377.0,423200.0,1.0513977110559098
5378.0,422455.0,1.0499444300738843
5379.0,431108.0,1.071849757669542
5380.0,437749.0,1.0887606330618549
5381.0,440131.0,1.0950804425281775
5382.0,431640.0,1.0743355053655093
5383.0,422242.0,1.0513109297714274
5384.0,426884.0,1.0632329225985078
5385.0,439003.0,1.093785245346217
5386.0,442996.0,1.10409798427193
5387.0,435054.0,1.0846544041340311
5388.0,423671.0,1.0566094446581302
5389.0,419077.0,1.0454763109281178
5390.0,424144.0,1.0584378601113793
5391.0,432702.0,1.0801140548166734
5392.0,433168.0,1.081590157002324
5393.0,429042.0,1.0715902275823221
5394.0,427137.0,1.0671257387615176
5395.0,421275.0,1.0527624997669258
5396.0,417757.0,1.044243028189105
5397.0,421911.0,1.0548934582363256
5398.0,420979.0,1.052821677558717
5399.0,417764.0,1.0450299301724824
5400.0,422600.0,1.057370510843693
5401.0,424778.0,1.0630564295035114
5402.0,419772.0,1.050753747560838
5403.0,413641.0,1.035620829731554
5404.0,413974.0,1.036660328134768
5405.0,422912.0,1.0592442063856005
5406.0,423682.0,1.0613660696379994
5407.0,414933.0,1.0396296144035326
5408.0,408036.0,1.0225180222639443
5409.0,411460.0,1.0312601609003575
5410.0,421551.0,1.056708348282089
5411.0,426547.0,1.0693811643274884
5412.0,414027.0,1.038128504627525
5413.0,396863.0,0.9952129722853051
5414.0,404833.0,1.0153140646857977
5415.0,425239.0,1.066602842765685
5416.0,429657.0,1.077786477698963
5417.0,420309.0,1.0544274836151992
5418.0,410146.0,1.0290101486746215
5419.0,404393.0,1.0146444406851731
5420.0,408845.0,1.025873709993023
5421.0,418272.0,1.049578217538018
5422.0,423517.0,1.0627802633847472
5423.0,409776.0,1.028327717509136
5424.0,390874.0,0.9809117396508263
5425.0,395779.0,0.9932297527731182
5426.0,411296.0,1.0321693200399562
5427.0,415885.0,1.0436739127790677
5428.0,404251.0,1.0144563707980392
5429.0,386154.0,0.9690117870736086
5430.0,385367.0,0.9669962952723173
5431.0,402366.0,1.0095987604044532
5432.0,410125.0,1.0290025807834304
5433.0,395783.0,0.9929455890572588
5434.0,386204.0,0.9688321616132083
5435.0,388493.0,0.9744819018808919
5436.0,392650.0,0.9848050824690004
5437.0,400446.0,1.0042411270755445
5438.0,405651.0,1.0171644826864519
5439.0,403089.0,1.0106001764732027
5440.0,395250.0,0.9907982882273596
5441.0,391534.0,0.9813251305661034
5442.0,396961.0,0.9947557106269097
5443.0,402327.0,1.0080173219666861
5444.0,398766.0,0.9989003750936867
5445.0,387643.0,0.9708367907314022
5446.0,381211.0,0.9545196728846961
5447.0,380420.0,0.9523199920061066
5448.0,387747.0,0.9704272752509656
5449.0,401175.0,1.0037793373536665
5450.0,409317.0,1.023879473038523
5451.0,399440.0,0.998895506189916
5452.0,389236.0,0.9730960642929183
5453.0,399083.0,0.997412660636391
5454.0,407120.0,1.0171797643623428
5455.0,398731.0,0.9958950232069074
5456.0,381854.0,0.9534190383670009
5457.0,378696.0,0.9452021633421083
5458.0,390152.0,0.9734416118198603
5459.0,396812.0,0.9896861295329912
5460.0,397116.0,0.9900592703318047
5461.0,389762.0,0.9713346979893293
5462.0,381264.0,0.9497630113676929
5463.0,387266.0,0.9643024766727846
5464.0,395445.0,0.9842350984946442
5465.0,385013.0,0.9578364458469388
5466.0,375085.0,0.9327026150986393
5467.0,376325.0,0.9353376188807289
5468.0,376572.0,0.9354906736638801
5469.0,372057.0,0.9238070707785494
5470.0,382297.0,0.9487403334764727
5471.0,401492.0,0.9958465250595758
5472.0,395999.0,0.9816870932685747
5473.0,384082.0,0.9516142111847625
5474.0,388712.0,0.962537028743505
5475.0,396571.0,0.9814261087605903
5476.0,395978.0,0.9793762255907226
5477.0,386243.0,0.9547193328723251
5478.0,381139.0,0.9415207512021764
5479.0,392995.0,0.9701967614662905
5480.0,405793.0,1.0011486790572042
5481.0,396688.0,0.9780461071379819
5482.0,377454.0,0.930005690964658
5483.0,378491.0,0.9319306026412718
5484.0,385143.0,0.9476580697708362
5485.0,384078.0,0.9443782784165607
5486.0,381975.0,0.9385420266405453
5487.0,370113.0,0.9087422937344197
5488.0,362573.0,0.8895798370738003
5489.0,373247.0,0.9150912080496157
5490.0,378112.0,0.9263235057946804
5491.0,369591.0,0.9047600631140912
5492.0,358398.0,0.876684103468291
5493.0,356590.0,0.8715815029371122
5494.0,370064.0,0.9038009834267308
5495.0,374073.0,0.9128624809978841
5496.0,350834.0,0.8554598997821087
5497.0,333781.0,0.8132135466922347
5498.0,341958.0,0.8324475160286763
5499.0,352186.0,0.8566303030028966
5500.0,347140.0,0.8436444838491575
5501.0,332840.0,0.8082022776254126
5502.0,344958.0,0.8369063501226935
5503.0,372289.0,0.9024296063155922
5504.0,382375.0,0.9260652232734429
5505.0,377565.0,0.9136067455444181
5506.0,373048.0,0.9018708691703651
5507.0,382728.0,0.9244397406874961
5508.0,386434.0,0.9325435978738551
5509.0,380198.0,0.9166548981821621
5510.0,368151.0,0.886790598898932
5511.0,364259.0,0.8765997623185062
5512.0,376653.0,0.9055770609973947
5513.0,384808.0,0.9243107905820019
5514.0,371933.0,0.8925358687942062
5515.0,358669.0,0.859882258114148
5516.0,373951.0,0.8956559887306066
5517.0,384881.0,0.9209406964099806
5518.0,372714.0,0.8909572894204517
5519.0,360911.0,0.8618956214021514
5520.0,365744.0,0.8725746508546892
5521.0,373148.0,0.889354356006807
5522.0,367470.0,0.8749465323070933
5523.0,347488.0,0.8265382811568017
5524.0,337777.0,0.8026282866491125
5525.0,354355.0,0.8411664199220118
5526.0,362047.0,0.85854902188528
5527.0,346215.0,0.8201639468783901
5528.0,341300.0,0.8076880518096243
5529.0,356309.0,0.8423347596699511
5530.0,361083.0,0.8527339921801103
5531.0,353101.0,0.8330137787814407
5532.0,346505.0,0.8165966739755165
5533.0,352313.0,0.8294111123964406
5534.0,360022.0,0.8466649399827313
5535.0,353932.0,0.8314613249081475
5536.0,338647.0,0.7947079018468383
5537.0,328686.0,0.7705095514804448
5538.0,315105.0,0.7378823797652659
5539.0,293441.0,0.6864141431599748
5540.0,291324.0,0.6807284370655945
5541.0,327823.0,0.765187595130067
5542.0,367073.0,0.8558753940396386
5543.0,377189.0,0.8785075553580761
5544.0,369100.0,0.8587322005938683
5545.0,372660.0,0.8660692074049442
5546.0,377080.0,0.8753835486631846
5547.0,364735.0,0.8457974861665892
5548.0,352895.0,0.8174431911697491
5549.0,363327.0,0.8406824611409942
5550.0,376917.0,0.8711670582683553
5551.0,365275.0,0.8433275615884576
5552.0,353743.0,0.8158007477583086
5553.0,367146.0,0.8457738876658921
5554.0,373298.0,0.8589932334185589
5555.0,356086.0,0.8184780188022304
5556.0,352147.0,0.8085253522200713
5557.0,365628.0,0.838544593447596
5558.0,358837.0,0.8220544632254396
5559.0,345959.0,0.7916702207377361
5560.0,357289.0,0.8166863894430062
5561.0,362719.0,0.8281742456424467
5562.0,346802.0,0.7909491247392294
5563.0,347618.0,0.7919260027799532
5564.0,358512.0,0.8158331229227398
5565.0,342818.0,0.7792494328829604
5566.0,328090.0,0.7449396897832291
5567.0,343374.0,0.778772884169049
5568.0,348308.0,0.7890822215546692
5569.0,337409.0,0.7635386367687869
5570.0,344758.0,0.7792996037200317
5571.0,350661.0,0.7917600180971771
5572.0,333681.0,0.7525820840946011
5573.0,326276.0,0.7350623375709155
5574.0,330538.0,0.7438364887836733
5575.0,316406.0,0.71124345266585
5576.0,301954.0,0.6780041296971986
5577.0,313420.0,0.7029699830141766
5578.0,328171.0,0.7352404416145184
5579.0,330789.0,0.7402867823843596
5580.0,337319.0,0.7540674145442091
5581.0,331560.0,0.7403765696901792
5582.0,306621.0,0.6839342855515121
5583.0,282219.0,0.6288129804365599
5584.0,261412.0,0.5818143266206484
5585.0,276421.0,0.6145461261370665
5586.0,346378.0,0.7692354259057782
5587.0,391914.0,0.8694133201006276
5588.0,397386.0,0.880593887408661
5589.0,409684.0,0.9068611572865528
5590.0,407812.0,0.9017406321379071
5591.0,404398.0,0.8932266475517076
5592.0,408914.0,0.902229290903636
5593.0,398299.0,0.8778649543181629
5594.0,399062.0,0.8786051615638846
5595.0,400302.0,0.8803946332996084
5596.0,392869.0,0.863127700124668
5597.0,396380.0,0.8699176700899196
5598.0,392937.0,0.8614497982587571
5599.0,390931.0,0.8561489639236521
5600.0,396067.0,0.8664862010029047
5601.0,394552.0,0.862268740593678
5602.0,398319.0,0.8695939184817364
5603.0,397744.0,0.867436926308409
5604.0,398075.0,0.867260833305623
5605.0,399613.0,0.8697146869118022
5606.0,396783.0,0.8626695465803482
5607.0,394863.0,0.85761813478856
5608.0,387309.0,0.8403556824615833
5609.0,383972.0,0.8322716852220581
5610.0,381693.0,0.8264979622101774
5611.0,385915.0,0.8348017237160557
5612.0,390034.0,0.842869483616618
5613.0,388635.0,0.8390118602573783
5614.0,382509.0,0.8249703821213238
5615.0,378999.0,0.8165964641785589
5616.0,377999.0,0.8136452220856645
5617.0,375881.0,0.8082991142794357
5618.0,371715.0,0.7985671916498166
5619.0,370810.0,0.7958566484051527
5620.0,368912.0,0.7910258099425048
5621.0,362175.0,0.7758419686231846
5622.0,354160.0,0.75795556231094
5623.0,345542.0,0.738817308044153
5624.0,333676.0,0.712780416980085
5625.0,329534.0,0.7032799175934729
5626.0,351618.0,0.7497197469338108
5627.0,379667.0,0.8087853428572851
5628.0,387661.0,0.825064403266979
5629.0,386203.0,0.8212199362767432
5630.0,380866.0,0.8091461514421318
5631.0,364456.0,0.7735950165064328
5632.0,337346.0,0.715419573335488
5633.0,299354.0,0.6342930524816882
5634.0,262473.0,0.5556638464644026
5635.0,280776.0,0.5938997260979496
5636.0,369983.0,0.7819223138251027
5637.0,445902.0,0.9415709473646187
5638.0,471582.0,0.9949603569516441
5639.0,475179.0,1.0017143570339733
5640.0,475463.0,1.0014855787709178
5641.0,474780.0,0.9992288284443649
5642.0,474072.0,0.9969300784751554
5643.0,474541.0,0.9971151553838389
5644.0,474267.0,0.9957470560125276
5645.0,472571.0,0.9914050863646635
5646.0,471388.0,0.9881525411085179
5647.0,473853.0,0.9925536186464187
5648.0,478026.0,1.0005303161993946
5649.0,479572.0,1.003008236208853
5650.0,480066.0,1.0032915852405808
5651.0,481083.0,1.0046745556303525
5652.0,480393.0,1.0025012079940685
5653.0,479381.0,0.999667560500933
5654.0,481032.0,1.0023953504644338
5655.0,481989.0,1.0036823285471959
5656.0,480702.0,1.0003062348983986
5657.0,480647.0,0.9995051505529585
5658.0,482283.0,1.00222770407517
5659.0,482501.0,1.0020104486683166
5660.0,481254.0,0.9987618343851233
5661.0,480900.0,0.9973783239605496
5662.0,482170.0,0.9993714597144274
5663.0,482897.0,1.0002463076588748
5664.0,482322.0,0.9984339395908347
5665.0,481677.0,0.9964881687423307
5666.0,481838.0,0.9962204571120172
5667.0,482606.0,0.9972166718668963
5668.0,483416.0,0.9983078825901617
5669.0,483110.0,0.9971038929294479
5670.0,482069.0,0.9943944673007972
5671.0,482570.0,0.994876324389314
5672.0,483953.0,0.9971841859815249
5673.0,484683.0,0.9981539014505362
5674.0,482975.0,0.9941134960794319
5675.0,481208.0,0.9899648948839408
5676.0,482450.0,0.992016532967982
5677.0,484518.0,0.9957725124413994
5678.0,485190.0,0.9966659466944365
5679.0,483753.0,0.9932370718980861
5680.0,482532.0,0.990263378922925
5681.0,483714.0,0.9922302247876531
5682.0,485371.0,0.9951776876477106
5683.0,485443.0,0.9948826185237079
5684.0,483577.0,0.9906261404710911
5685.0,482621.0,0.9882450105634321
5686.0,483840.0,0.9903259124812982
5687.0,485642.0,0.9936060556228463
5688.0,486867.0,0.995711620554974
5689.0,485717.0,0.9929683013730239
5690.0,483936.0,0.9889456461182287
5691.0,484108.0,0.9889235078746983
5692.0,485653.0,0.9917129239250676
5693.0,486872.0,0.9938426474748013
5694.0,486252.0,0.9922260180162205
5695.0,484423.0,0.9881520194680303
5696.0,483940.0,0.9868331109344369
5697.0,485884.0,0.9904700182698717
5698.0,488302.0,0.9950779677809588
5699.0,488345.0,0.9948521066171859
5700.0,486429.0,0.9906441477959065
5701.0,484817.0,0.9870649739162819
5702.0,485043.0,0.9872361200137753
5703.0,487073.0,0.9910850564120531
5704.0,488327.0,0.9933603941030424
5705.0,487686.0,0.9917877684747517
5706.0,486760.0,0.9896435425071234
5707.0,486508.0,0.9888773293722958
5708.0,487468.0,0.9905812599248801
5709.0,488595.0,0.9926304365013409
5710.0,488414.0,0.9920286845548566
5711.0,487384.0,0.9897098794782347
5712.0,486936.0,0.988580319437601
5713.0,487062.0,0.9886228913661788
5714.0,487688.0,0.9896866072155885
5715.0,488573.0,0.9912818154498843
5716.0,489209.0,0.9923776689939866
5717.0,489639.0,0.9930616335837377
5718.0,489145.0,0.9918779517235407
5719.0,487993.0,0.9893668619761115
5720.0,487142.0,0.9874729267316071
5721.0,486588.0,0.9861876287656838
5722.0,486678.0,0.986213752571902
5723.0,487777.0,0.9882901466316514
5724.0,488076.0,0.9887511543866858
5725.0,487806.0,0.9880653317462039
5726.0,488551.0,0.9894410972709493
5727.0,489280.0,0.9907898125382075
5728.0,488249.0,0.9885802946984894
5729.0,485986.0,0.9838827018264799
5730.0,483722.0,0.979189663570249
5731.0,482367.0,0.9763429420430483
5732.0,482319.0,0.9761473401187462
5733.0,482675.0,0.9767746206791882
5734.0,483146.0,0.9776397121162053
5735.0,484062.0,0.979410199723165
5736.0,484905.0,0.9810378285556701
5737.0,484616.0,0.9803802379969669
5738.0,484222.0,0.9795153506817155
5739.0,484798.0,0.9806175773971045
5740.0,484907.0,0.9807800000813927
5741.0,483420.0,0.9777193214525192
5742.0,481140.0,0.9730599540509705
5743.0,479499.0,0.9696979638102433
5744.0,479852.0,0.9703731984955724
5745.0,481409.0,0.9734876181911182
5746.0,482067.0,0.9747884714357198
5747.0,480654.0,0.9719060423575683
5748.0,479681.0,0.9699178160228198
5749.0,479540.0,0.9696162630848273
5750.0,479960.0,0.970453288267323
5751.0,480048.0,0.9706232185148626
5752.0,480360.0,0.9712502029371304
5753.0,481278.0,0.9731065602429086
5754.0,479705.0,0.969930336639079
5755.0,478851.0,0.9682118219010333
5756.0,481429.0,0.9734365878077558
5757.0,482537.0,0.9756930228268379
5758.0,481554.0,0.973725257027346
5759.0,482154.0,0.9749621351625922
5760.0,483079.0,0.9768599769196645
5761.0,481575.0,0.9738496127693993
5762.0,481023.0,0.9727678445942649
5763.0,481203.0,0.9731698863836905
5764.0,481191.0,0.9731871098627256
5765.0,481496.0,0.9738488849243758
5766.0,482178.0,0.9752766083729025
5767.0,483389.0,0.9777778092968513
5768.0,483960.0,0.9789878905742746
5769.0,483616.0,0.9783502655622476
5770.0,481755.0,0.974646623385168
5771.0,480413.0,0.9719956306935063
5772.0,482517.0,0.976319873908763
5773.0,483724.0,0.978832563570811
5774.0,482446.0,0.9763196578129518
5775.0,483181.0,0.9778831987340632
5776.0,484449.0,0.9805285618153863
5777.0,482694.0,0.9770579999791764
5778.0,481292.0,0.9743041044688796
5779.0,483774.0,0.9794156000337564
5780.0,485235.0,0.9824633312412917
5781.0,482034.0,0.976074010182098
5782.0,481078.0,0.9742322504091709
5783.0,484533.0,0.9813261032030439
5784.0,485129.0,0.9826327694964344
5785.0,482374.0,0.9771537867979903
5786.0,481590.0,0.9756689630285273
5787.0,483656.0,0.9799604865089478
5788.0,484108.0,0.9809844609880254
5789.0,481878.0,0.9765753415495663
5790.0,482648.0,0.9782476861252564
5791.0,484866.0,0.9828575191633021
5792.0,485110.0,0.9834683784913943
5793.0,483816.0,0.9809628037061401
5794.0,483798.0,0.9810458306260176
5795.0,484716.0,0.9830288097505597
5796.0,483105.0,0.9798843194807929
5797.0,480791.0,0.9753145142160391
5798.0,482340.0,0.9785823764356549
5799.0,486316.0,0.9867771130582316
5800.0,486966.0,0.9882257541757571
5801.0,483948.0,0.9822314587000377
5802.0,482425.0,0.9792715233681006
5803.0,483906.0,0.982410621695143
5804.0,486187.0,0.9871760789999251
5805.0,485718.0,0.9863594460755285
5806.0,483453.0,0.9818959375101182
5807.0,483455.0,0.9820370935786535
5808.0,485322.0,0.9859680912927707
5809.0,487058.0,0.9896348829230662
5810.0,486886.0,0.9894261728808239
5811.0,485036.0,0.9858077086155761
5812.0,483998.0,0.9838394686113565
5813.0,485549.0,0.9871347926779822
5814.0,488961.0,0.9942156491170269
5815.0,489648.0,0.9957574603348355
5816.0,484346.0,0.9851190484055654
5817.0,481215.0,0.978894188801668
5818.0,485507.0,0.9877700139235962
5819.0,489917.0,0.9968888237662881
5820.0,489621.0,0.9964332949567122
5821.0,486673.0,0.9905798711635018
5822.0,485155.0,0.9876358785677133
5823.0,485542.0,0.9885696515384024
5824.0,485991.0,0.9896299231007867
5825.0,487243.0,0.9923258204307672
5826.0,486872.0,0.9917164534773624
5827.0,484227.0,0.9864740742943281
5828.0,484679.0,0.9875400658360728
5829.0,487972.0,0.9943954701928872
5830.0,489549.0,0.9977550976627821
5831.0,487452.0,0.9936261460092665
5832.0,484012.0,0.9867575035315799
5833.0,483174.0,0.9851917814070007
5834.0,484820.0,0.9886905912075259
5835.0,486469.0,0.992195843169292
5836.0,489771.0,0.9990732721191224
5837.0,492069.0,1.0039035203466677
5838.0,488561.0,0.9968873715673613
5839.0,483045.0,0.9857705059971879
5840.0,481438.0,0.9826279263128219
5841.0,483994.0,0.9879814085925823
5842.0,488795.0,0.997918632711081
5843.0,490533.0,1.0016031611329927
5844.0,488090.0,0.996749253155037
5845.0,487375.0,0.9954220557000604
5846.0,487761.0,0.996342222348475
5847.0,488050.0,0.9970631946352432
5848.0,487008.0,0.9950635709737722
5849.0,484229.0,0.9895126568641865
5850.0,484985.0,0.9911837163064372
5851.0,489457.0,1.0004494765089456
5852.0,490365.0,1.0024306185145258
5853.0,485311.0,0.9922216882080481
5854.0,482260.0,0.9861047011755854
5855.0,486078.0,0.9940321910448032
5856.0,488864.0,0.999849723256432
5857.0,487093.0,0.9963461582479822
5858.0,485777.0,0.993771418151055
5859.0,482780.0,0.9877556491444389
5860.0,479409.0,0.980972075183043
5861.0,481145.0,0.9846370313995692
5862.0,485914.0,0.9945092963997381
5863.0,487398.0,0.9976585986208462
5864.0,484094.0,0.9910058287734943
5865.0,481555.0,0.9859167415885757
5866.0,482349.0,0.9876500765447053
5867.0,483194.0,0.9894871751264394
5868.0,482812.0,0.988810700677841
5869.0,482298.0,0.9878626832001548
5870.0,482463.0,0.9883043479077737
5871.0,482334.0,0.9881427865053308
5872.0,478854.0,0.9811143957164421
5873.0,474016.0,0.9713009207096017
5874.0,472988.0,0.9692923099290425
5875.0,478043.0,0.979749459092675
5876.0,482945.0,0.9898941360330141
5877.0,482274.0,0.9886157455866501
5878.0,477630.0,0.9791911063710864
5879.0,472865.0,0.9695156409740776
5880.0,470506.0,0.9647709191812043
5881.0,470850.0,0.9655674293757567
5882.0,474563.0,0.973272636483527
5883.0,475845.0,0.9759922519584007
5884.0,471451.0,0.9670685550235448
5885.0,471519.0,0.9672959378866522
5886.0,476908.0,0.9784392565849453
5887.0,475026.0,0.974664999392276
5888.0,463203.0,0.9504903674366486
5889.0,450750.0,0.9250178243020818
5890.0,446227.0,0.9158152424047399
5891.0,457052.0,0.9381125481826985
5892.0,471324.0,0.9674885888213481
5893.0,475059.0,0.9752376809223516
5894.0,470555.0,0.9660722495835483
5895.0,460022.0,0.9445256983066402
5896.0,454204.0,0.9326566005455238
5897.0,461918.0,0.9485735615017534
5898.0,469575.0,0.9643753411406798
5899.0,474707.0,0.9749929026882971
5900.0,477568.0,0.9809467189455192
5901.0,471391.0,0.968334858780745
5902.0,467674.0,0.9607741011876232
5903.0,473641.0,0.973107543673115
5904.0,477854.0,0.9818383145553483
5905.0,478687.0,0.9836244133645997
5906.0,478052.0,0.9823934140564337
5907.0,472471.0,0.9709968517218858
5908.0,470333.0,0.966674378846235
5909.0,477681.0,0.9818486571649898
5910.0,480834.0,0.9884013225322744
5911.0,474094.0,0.9746168526989586
5912.0,470408.0,0.967108530609812
5913.0,473520.0,0.97357553603453
5914.0,475800.0,0.9783321622459439
5915.0,475803.0,0.9784066577296406
5916.0,477242.0,0.9814337238442639
5917.0,477110.0,0.9812297504259239
5918.0,473653.0,0.9741865393968573
5919.0,470616.0,0.9680057678574164
5920.0,469024.0,0.9647960859031649
5921.0,468989.0,0.9647885109196096
5922.0,468860.0,0.9645870875796868
5923.0,469671.0,0.966319179344531
5924.0,473948.0,0.9751826055365694
5925.0,479569.0,0.986812310233503
5926.0,479547.0,0.9868307038913455
5927.0,474334.0,0.9761657524708948
5928.0,474104.0,0.9757545587220781
5929.0,478301.0,0.9844547156626957
5930.0,482357.0,0.9928653556592083
5931.0,482310.0,0.9928306845114823
5932.0,475915.0,0.9797275296109506
5933.0,467122.0,0.9616855252139211
5934.0,468324.0,0.9642193916943919
5935.0,479466.0,0.9872196859050862
5936.0,486090.0,1.0009193411350032
5937.0,480146.0,0.9887397114946339
5938.0,470440.0,0.968810952186165
5939.0,470500.0,0.9689925450596854
5940.0,477103.0,0.9826499650357492
5941.0,479210.0,0.9870481482049173
5942.0,476031.0,0.980558162130436
5943.0,475551.0,0.9796270579932514
5944.0,477634.0,0.9839756541363218
5945.0,475704.0,0.9800568524455818
5946.0,475649.0,0.9800005233391393
5947.0,474734.0,0.9781719841620662
5948.0,469399.0,0.9672352655263333
5949.0,471959.0,0.9725663377319121
5950.0,478020.0,0.9851127785341109
5951.0,476031.0,0.9810699499631129
5952.0,474610.0,0.9781971858096935
5953.0,476846.0,0.9828616588228426
5954.0,471991.0,0.972909929300341
5955.0,466853.0,0.9623735725985925
5956.0,466695.0,0.9621022969623538
5957.0,463390.0,0.9553429147719437
5958.0,466538.0,0.9618871897150344
5959.0,476827.0,0.9831559487003689
5960.0,476762.0,0.9830772163465512
5961.0,471606.0,0.9725002500448693
5962.0,475853.0,0.9813130942361653
5963.0,482690.0,0.9954683382480041
5964.0,486242.0,1.002849989276603
5965.0,484528.0,0.9993709468233962
5966.0,477737.0,0.9854192101654455
5967.0,475487.0,0.9808329801487757
5968.0,475576.0,0.9810712744738527
5969.0,476050.0,0.9821037244212979
5970.0,480619.0,0.9915846925334516
5971.0,484996.0,1.0006703836800805
5972.0,484402.0,0.9994998661506296
5973.0,478072.0,0.9864928598608476
5974.0,470245.0,0.9703949808758903
5975.0,475853.0,0.9820209805766275
5976.0,486019.0,1.0030548326820543
5977.0,485876.0,1.0028135876934137
5978.0,479002.0,0.9886789264961137
5979.0,472709.0,0.9757416716963063
5980.0,474240.0,0.9789534224855809
5981.0,479119.0,0.9890766047753375
5982.0,479366.0,0.989637778684849
5983.0,475666.0,0.9820496710631051
5984.0,474056.0,0.9787755077912227
5985.0,475249.0,0.9812881235275698
5986.0,474948.0,0.9807155333852283
5987.0,472038.0,0.9747547883192349
5988.0,473448.0,0.977714107651083
5989.0,476258.0,0.9835644073815574
5990.0,473358.0,0.9776218561519504
5991.0,474171.0,0.9793469075259525
5992.0,478539.0,0.9884142694583508
5993.0,472651.0,0.9762972313818592
5994.0,462014.0,0.9543685436482519
5995.0,463137.0,0.9567305656085814
5996.0,473527.0,0.978236323166276
5997.0,475608.0,0.9825772900059877
5998.0,470122.0,0.9712842278335069
5999.0,468361.0,0.9676857002766148
6000.0,463465.0,0.9576085522929799
6001.0,458376.0,0.9471309877224772
6002.0,461816.0,0.9542757118250315
6003.0,460834.0,0.9522823518127811
6004.0,451387.0,0.932794968268472
6005.0,452800.0,0.9357483694985451
6006.0,467975.0,0.9671423599956452
6007.0,475213.0,0.9821339532838517
6008.0,472821.0,0.9772223436824578
6009.0,473629.0,0.9789233431529566
6010.0,476529.0,0.9849474054938889
6011.0,477868.0,0.9877442038957644
6012.0,479162.0,0.9904470535988951
6013.0,475627.0,0.983166925389626
6014.0,468216.0,0.9678729985440674
6015.0,468036.0,0.967525091415418
6016.0,476934.0,0.9859425172145423
6017.0,480210.0,0.9927372435140955
6018.0,477116.0,0.9863620640131265
6019.0,471637.0,0.9750546620289341
6020.0,466983.0,0.9654511883683045
6021.0,473356.0,0.9786439679552213
6022.0,480302.0,0.9930205590261133
6023.0,475421.0,0.9829436585078863
6024.0,470789.0,0.9733799391520864
6025.0,472105.0,0.9761125499941296
6026.0,473234.0,0.978457192427776
6027.0,474584.0,0.9812574093095036
6028.0,474287.0,0.9806508427455422
6029.0,475176.0,0.982495031876456
6030.0,477074.0,0.9864240168209019
6031.0,472151.0,0.9762480042741691
6032.0,468835.0,0.9693931580517499
6033.0,469293.0,0.9703401314058597
6034.0,474052.0,0.980178554416536
6035.0,478819.0,0.9900318766674606
6036.0,472398.0,0.9767506899320583
6037.0,463576.0,0.9585036433034226
6038.0,465993.0,0.9634931452002324
6039.0,475690.0,0.9835329741737054
6040.0,475984.0,0.9841293156342961
6041.0,468489.0,0.9686198380118605
6042.0,465641.0,0.9627167908014739
6043.0,470368.0,0.9724733059769086
6044.0,472296.0,0.9764409431038307
6045.0,470916.0,0.9735676843934162
6046.0,473610.0,0.9791150878920866
6047.0,475026.0,0.9820183714355354
6048.0,467976.0,0.9674183748164158
6049.0,462176.0,0.9554012760907362
6050.0,467146.0,0.9656458666403066
6051.0,474996.0,0.981841004346893
6052.0,472046.0,0.9757097048287725
6053.0,463470.0,0.9579484494633882
6054.0,463116.0,0.9571799947769934
6055.0,468026.0,0.9672889428537422
6056.0,464647.0,0.9602645272174476
6057.0,452613.0,0.9353525982816565
6058.0,442338.0,0.9140758565262884
6059.0,440117.0,0.9094416653905696
6060.0,452541.0,0.9350662914507268
6061.0,471233.0,0.9736367813842456
6062.0,485391.0,1.0028335011288294
6063.0,488599.0,1.0094029002947875
6064.0,480240.0,0.9920742496946923
6065.0,478171.0,0.9877384397272384
6066.0,483715.0,0.9991257340291675
6067.0,485376.0,1.002489285939797
6068.0,484525.0,1.0006621136157574
6069.0,483077.0,0.9975999466209474
6070.0,479702.0,0.9905566782751832
6071.0,478012.0,0.9869912219189678
6072.0,483873.0,0.9990138417711538
6073.0,488932.0,1.009376362459001
6074.0,482443.0,0.9958963615331883
6075.0,475929.0,0.9823645466370442
6076.0,480101.0,0.9908876042964873
6077.0,484160.0,0.9991733747485544
6078.0,484952.0,1.0007134601974728
6079.0,484291.0,0.9992526170152899
6080.0,478828.0,0.9878822990805242
6081.0,477617.0,0.9852831636300312
6082.0,484559.0,0.9994991072765903
6083.0,487377.0,1.0052036781577616
6084.0,482596.0,0.9952332370828388
6085.0,480703.0,0.9912173921096445
6086.0,479380.0,0.9883749354294746
6087.0,479471.0,0.9884453951294606
6088.0,483594.0,0.9968241520008586
6089.0,482195.0,0.99381703486299
6090.0,480981.0,0.9911890758788711
6091.0,481139.0,0.9913859420565516
6092.0,480962.0,0.9908897059609943
6093.0,482427.0,0.9937731370894098
6094.0,480740.0,0.99016080421316
6095.0,481990.0,0.992594910183548
6096.0,483938.0,0.9964625851653727
6097.0,482838.0,0.9940510090898679
6098.0,479653.0,0.9873452533567467
6099.0,474395.0,0.9763719928204226
6100.0,475802.0,0.9791144955339717
6101.0,481343.0,0.9903587643169959
6102.0,484700.0,0.9971034901931985
6103.0,480843.0,0.9890050051962764
6104.0,476982.0,0.9808978762182677
6105.0,477623.0,0.9820470093739885
6106.0,478765.0,0.9842225253718896
6107.0,477562.0,0.981574213136798
6108.0,476964.0,0.9801669458362341
6109.0,478918.0,0.9840004079667193
6110.0,479396.0,0.9847971309282417
6111.0,476847.0,0.9793732744210026
6112.0,474521.0,0.9744061632000351
6113.0,475314.0,0.975841177644571
6114.0,478125.0,0.9814145293661408
6115.0,479567.0,0.9841727994568423
6116.0,475939.0,0.9765240146898984
6117.0,469988.0,0.964109789227971
6118.0,465524.0,0.9547472169560667
6119.0,459421.0,0.9420246660034847
6120.0,445097.0,0.9124513141585038
6121.0,434840.0,0.8912234601283939
6122.0,449431.0,0.9209174782260486
6123.0,477729.0,0.9786746362296622
6124.0,490533.0,1.004667735159487
6125.0,492676.0,1.0088151209923428
6126.0,495177.0,1.0136897036800754
6127.0,496160.0,1.0154514161972839
6128.0,495659.0,1.0141720878828804
6129.0,497286.0,1.0172426604984428
6130.0,498826.0,1.020129951626379
6131.0,496668.0,1.015451259948175
6132.0,492652.0,1.0069734791087726
6133.0,492050.0,1.0054726974395871
6134.0,493159.0,1.0074642623554946
6135.0,492970.0,1.0067999490068074
6136.0,493795.0,1.0082024528389817
6137.0,495136.0,1.010653499926362
6138.0,494566.0,1.0091996679534716
6139.0,492851.0,1.005406946059526
6140.0,492240.0,1.0038639647265692
6141.0,492841.0,1.004788914289242
6142.0,492697.0,1.0041908853524675
6143.0,492907.0,1.0043104874615008
6144.0,495078.0,1.0084203212840996
6145.0,495392.0,1.0087421896849311
6146.0,492769.0,1.0030811940348847
6147.0,490963.0,0.9990822822941253
6148.0,491434.0,0.9997139197729616
6149.0,490756.0,0.9980044034660025
6150.0,490048.0,0.9962308985013719
6151.0,491183.0,0.9981998474750815
6152.0,492003.0,0.999523338310605
6153.0,491186.0,0.9975172336094609
6154.0,491038.0,0.9968664610016624
6155.0,491513.0,0.9974762268856059
6156.0,491297.0,0.9966794858397107
6157.0,490345.0,0.9943864853119887
6158.0,488260.0,0.9897940714865562
6159.0,487729.0,0.9883498420591086
6160.0,489586.0,0.9917396907864772
6161.0,488771.0,0.9897121066510949
6162.0,487670.0,0.9871028265445017
6163.0,488082.0,0.9875525106019134
6164.0,486616.0,0.9841991382445198
6165.0,485044.0,0.9806297290005999
6166.0,482082.0,0.9742497038334706
6167.0,478542.0,0.9667028354327711
6168.0,481733.0,0.9727494774317431
6169.0,489087.0,0.9871894552641608
6170.0,493754.0,0.9961916371268236
6171.0,494667.0,0.9976108616007854
6172.0,494931.0,0.9977159940478667
6173.0,493901.0,0.9952090249592597
6174.0,494080.0,0.9951346887406014
6175.0,493415.0,0.993356621131506
6176.0,491477.0,0.9890137909510059
6177.0,492462.0,0.9905495995345074
6178.0,494049.0,0.9932896738970491
6179.0,492715.0,0.9901525437177844
6180.0,491159.0,0.9865676814404586
6181.0,490474.0,0.9847301679768407
6182.0,489248.0,0.9818040061192024
6183.0,488023.0,0.9788779060454531
6184.0,488366.0,0.9790934657109492
6185.0,488122.0,0.9781278004628006
6186.0,485638.0,0.9726718763819395
6187.0,481247.0,0.9633989964505627
6188.0,475720.0,0.9518576316642503
6189.0,467021.0,0.9339796102451902
6190.0,455318.0,0.9101105877971507
6191.0,457001.0,0.9130042822526534
6192.0,477139.0,0.9527409808655067
6193.0,495183.0,0.9882523730754982
6194.0,501908.0,1.001143664171702
6195.0,501950.0,1.0006929046664441
6196.0,501546.0,0.9993488899913301
6197.0,503251.0,1.0022012266178877
6198.0,505769.0,1.006663502043994
6199.0,506167.0,1.0068984758868174
6200.0,504374.0,1.0027719740720125
