wave,flux,norm
3800.0,91851.9,0.9619424461391501
3801.0,93236.2,0.9731297606468761
3802.0,93574.5,0.9733517852146248
3803.0,93496.5,0.9692474997084133
3804.0,94103.2,0.9722359200102195
3805.0,95089.1,0.9790995972884571
3806.0,95572.7,0.9807533526052717
3807.0,95780.3,0.9795642182447123
3808.0,96294.2,0.981496152464625
3809.0,96312.3,0.9783696520617483
3810.0,95079.3,0.9625891252235811
3811.0,93023.4,0.938603060674237
3812.0,91023.0,0.9153279513579338
3813.0,90081.0,0.9028085339776616
3814.0,89400.5,0.8929771628397682
3815.0,87284.6,0.8689145362434422
3816.0,85676.6,0.8500447533630113
3817.0,86811.1,0.8584125742927049
3818.0,86805.7,0.8554830824438232
3819.0,83391.2,0.8190811219890365
3820.0,79533.9,0.7785807058123703
3821.0,79206.4,0.7727828321004927
3822.0,80093.4,0.7788268826750618
3823.0,77836.8,0.7543577957632095
3824.0,73723.7,0.7121130511076723
3825.0,69636.6,0.6703938346954508
3826.0,66881.6,0.6417279708133617
3827.0,66014.5,0.6313014088028602
3828.0,65562.8,0.624898199638606
3829.0,64569.4,0.613386423151015
3830.0,63026.4,0.5967422888642291
3831.0,61778.0,0.5829836232687998
3832.0,60676.1,0.5706892173145327
3833.0,60536.7,0.5674943759953568
3834.0,61424.5,0.5739136883442162
3835.0,63547.9,0.5917927293107046
3836.0,66659.3,0.6187197568041508
3837.0,67030.9,0.6201181673701895
3838.0,64370.4,0.593544311532989
3839.0,63958.7,0.5878079803991283
3840.0,65580.1,0.6007284794606331
3841.0,66850.7,0.610356816016619
3842.0,67808.0,0.6170663625506668
3843.0,67450.8,0.6118043435852053
3844.0,65816.6,0.5950272182245457
3845.0,62674.4,0.5647665219390849
3846.0,59143.0,0.5312034951073428
3847.0,57954.7,0.518831697922951
3848.0,57269.8,0.5110286298910584
3849.0,54905.1,0.4883322957954706
3850.0,55954.6,0.49604745807988615
3851.0,62261.4,0.5501643859446481
3852.0,65879.3,0.5802434148102058
3853.0,62606.5,0.549629234783103
3854.0,61357.8,0.5369215610313655
3855.0,67459.2,0.5884023987462227
3856.0,69623.7,0.6053186518709757
3857.0,65102.2,0.5641802308322817
3858.0,60620.4,0.5236459873458307
3859.0,56439.7,0.4859616632661172
3860.0,53709.5,0.46096537897836376
3861.0,56342.4,0.48200771570510587
3862.0,68456.3,0.5837610136981463
3863.0,79715.6,0.6775940408233976
3864.0,77929.6,0.6602902459331197
3865.0,69625.9,0.5880456232395339
3866.0,61470.6,0.5175079346380203
3867.0,52281.7,0.43874302404451887
3868.0,41727.1,0.349052937476222
3869.0,31843.9,0.2655299607043799
3870.0,24402.8,0.20283492965678723
3871.0,23588.6,0.19544415316673727
3872.0,34156.5,0.28210640241914
3873.0,51289.2,0.4222660894190574
3874.0,64873.6,0.5324154185127696
3875.0,72312.1,0.5915855967954448
3876.0,72125.5,0.5881946920658796
3877.0,64390.5,0.523457428230212
3878.0,57468.0,0.4657089909052522
3879.0,51756.7,0.4181053803171117
3880.0,41398.8,0.33337977104056143
3881.0,29771.4,0.23899275803753198
3882.0,28503.6,0.22809768304949452
3883.0,48136.0,0.3839976102695396
3884.0,81368.0,0.6470699348159927
3885.0,105298.0,0.8347539000444923
3886.0,112141.0,0.8862274849858575
3887.0,113071.0,0.890791748195984
3888.0,106451.0,0.8360275126076554
3889.0,89735.3,0.7025572655278745
3890.0,83920.0,0.6549877684263634
3891.0,93581.6,0.7281304732045432
3892.0,100814.0,0.7819740476514726
3893.0,102768.0,0.7946646234702316
3894.0,101639.0,0.7835064456037668
3895.0,93314.9,0.7171188475976277
3896.0,93843.1,0.7189557805086909
3897.0,99164.7,0.7573879168619072
3898.0,101801.0,0.7751334821398593
3899.0,108287.0,0.8219884359412212
3900.0,107884.0,0.8164190171662148
3901.0,93804.1,0.7076953398331423
3902.0,84530.7,0.6357833969920592
3903.0,99231.4,0.7440734362488156
3904.0,116572.0,0.871434318543167
3905.0,115989.0,0.864435738306973
3906.0,111690.0,0.8298650392594695
3907.0,112672.0,0.8346189156820615
3908.0,112760.0,0.8327374665473668
3909.0,107896.0,0.794403188053032
3910.0,94739.2,0.6954240789800078
3911.0,96802.1,0.7084202223419718
3912.0,116738.0,0.851738669978246
3913.0,123209.0,0.8962440441659018
3914.0,114199.0,0.8282046680028761
3915.0,109296.0,0.7902653786332184
3916.0,117762.0,0.8489243089521765
3917.0,131638.0,0.9461107499757878
3918.0,134077.0,0.96075728956671
3919.0,118137.0,0.8440066035559712
3920.0,90004.0,0.6410974080957547
3921.0,78649.5,0.5585502914749902
3922.0,98895.1,0.7002401397604999
3923.0,124495.0,0.8788846015539173
3924.0,137768.0,0.9697009595599395
3925.0,141774.0,0.9949411637775811
3926.0,137766.0,0.9639533155037432
3927.0,122964.0,0.8578411845402677
3928.0,110350.0,0.7675700478434162
3929.0,113353.0,0.7861352795309753
3930.0,114384.0,0.7909516743780692
3931.0,101352.0,0.698777982134616
3932.0,80574.9,0.5538991537788437
3933.0,65993.7,0.4523340293095368
3934.0,67690.6,0.4626076639121384
3935.0,81107.1,0.5526788318516642
3936.0,103083.0,0.7003777275014103
3937.0,127808.0,0.8658376350834582
3938.0,140621.0,0.9498686821689106
3939.0,143332.0,0.9653689781461338
3940.0,143192.0,0.9616289935956459
3941.0,141488.0,0.9474337331814088
3942.0,133816.0,0.8934691223974623
3943.0,116293.0,0.7742285352386302
3944.0,105235.0,0.6985889758315109
3945.0,110936.0,0.7343139452429994
3946.0,117260.0,0.7739425827978713
3947.0,122352.0,0.8052325711885362
3948.0,131336.0,0.8618809527914192
3949.0,140076.0,0.9166051566540181
3950.0,143515.0,0.9364244754098654
3951.0,137103.0,0.892033460582406
3952.0,123435.0,0.8008165969454007
3953.0,122617.0,0.7932458652777382
3954.0,138870.0,0.8958386248561149
3955.0,151320.0,0.9733829354959773
3956.0,155612.0,0.9981558544797718
3957.0,157077.0,1.0047027261545023
3958.0,156664.0,0.9992306169628726
3959.0,154354.0,0.9817203185999014
3960.0,148583.0,0.9423542938550109
3961.0,134915.0,0.8532619091070455
3962.0,120282.0,0.758580407036107
3963.0,122691.0,0.7716038328815858
3964.0,138990.0,0.8716612585103708
3965.0,150084.0,0.9386051504725804
3966.0,148354.0,0.9251964859084885
3967.0,131991.0,0.8208561166746063
3968.0,109510.0,0.6791509804792208
3969.0,108151.0,0.6688592749257031
3970.0,124725.0,0.7692211474843489
3971.0,129601.0,0.7970790060890299
3972.0,124852.0,0.765747633366912
3973.0,123215.0,0.7536205078732634
3974.0,124149.0,0.7572392992849292
3975.0,134899.0,0.8205428518033455
3976.0,152143.0,0.9228879014037674
3977.0,162974.0,0.9858743470829071
3978.0,166602.0,1.0050589580587046
3979.0,168150.0,1.0116216343190318
3980.0,169465.0,1.0167471944212794
3981.0,164433.0,0.9838649686423999
3982.0,151882.0,0.9062921000323518
3983.0,147443.0,0.8774113228185643
3984.0,155575.0,0.9232894905113375
3985.0,152759.0,0.9041192437086821
3986.0,131327.0,0.7751675248436898
3987.0,121453.0,0.714947659276381
3988.0,140503.0,0.8248554895084013
3989.0,162715.0,0.9526819687335987
3990.0,171684.0,1.002490056964974
3991.0,173006.0,1.0074955182147025
3992.0,170377.0,0.989524251039346
3993.0,162263.0,0.9398754450287734
3994.0,154538.0,0.8927363632116087
3995.0,159647.0,0.9197877939286977
3996.0,170552.0,0.9799963207432163
3997.0,173813.0,0.9960759119311186
3998.0,167778.0,0.9589358445135917
3999.0,147924.0,0.8432169764892676
4000.0,117077.0,0.6656106259947723
4001.0,103507.0,0.5869054524074304
4002.0,125714.0,0.7109411111700557
4003.0,157719.0,0.8895848065368115
4004.0,172119.0,0.9682495665871905
4005.0,167358.0,0.9389920698405426
4006.0,155988.0,0.872901784243017
4007.0,156606.0,0.8740637822358008
4008.0,169683.0,0.9445727011401359
4009.0,179041.0,0.994062449620437
4010.0,181172.0,1.0032707688923421
4011.0,181212.0,1.000879346162924
4012.0,179997.0,0.9915840212534686
4013.0,174725.0,0.9600427352740155
4014.0,161909.0,0.8873185346068363
4015.0,138190.0,0.7553704781363556
4016.0,109216.0,0.5954513235596647
4017.0,93631.8,0.5091687685112634
4018.0,103800.0,0.563009730935377
4019.0,124902.0,0.6757248317846649
4020.0,144394.0,0.7791720154312083
4021.0,164492.0,0.8853489258223013
4022.0,179226.0,0.9621836029125157
4023.0,182528.0,0.9774070325422723
4024.0,172696.0,0.9223994503839786
4025.0,152135.0,0.8105101438269682
4026.0,138269.0,0.7347650001162357
4027.0,141564.0,0.7503649687418521
4028.0,152038.0,0.8038401980655595
4029.0,158973.0,0.8383793046924042
4030.0,156171.0,0.8215215029349513
4031.0,151369.0,0.7942525304172818
4032.0,146925.0,0.768992741279212
4033.0,130385.0,0.680707915840417
4034.0,108019.0,0.5625248362242868
4035.0,99523.5,0.5169842583678661
4036.0,108345.0,0.5614000277812781
4037.0,123250.0,0.6370361924465646
4038.0,135883.0,0.7005798999844574
4039.0,135676.0,0.697770633419862
4040.0,130981.0,0.6719497690401267
4041.0,145948.0,0.746873834618607
4042.0,164021.0,0.8372803122545175
4043.0,164552.0,0.8379124659420765
4044.0,160940.0,0.8174953284359213
4045.0,157141.0,0.7962296083327798
4046.0,144233.0,0.7290254763173848
4047.0,129682.0,0.6538659986672819
4048.0,130067.0,0.6541975157533094
4049.0,140932.0,0.7071081119375918
4050.0,151154.0,0.7565401975999207
4051.0,160710.0,0.802404112336595
4052.0,163744.0,0.8155587274122059
4053.0,162634.0,0.8080579446675509
4054.0,161062.0,0.7983021159365475
4055.0,154351.0,0.7631824685084106
4056.0,148898.0,0.7344365110563911
4057.0,148500.0,0.7307015258842378
4058.0,149364.0,0.733177907259468
4059.0,157776.0,0.7726022263487535
4060.0,175495.0,0.8573004361040375
4061.0,190233.0,0.9270627668066024
4062.0,193133.0,0.9389370011874187
4063.0,184823.0,0.8963845566082091
4064.0,165644.0,0.8014457659235341
4065.0,136583.0,0.6592601885403826
4066.0,115496.0,0.556148296827557
4067.0,129193.0,0.6206229149897988
4068.0,163210.0,0.7821723010357946
4069.0,185663.0,0.8876659502463864
4070.0,194147.0,0.9260300844183244
4071.0,195556.0,0.930545158774046
4072.0,192343.0,0.9130956443731036
4073.0,181649.0,0.8602964926189421
4074.0,163274.0,0.7714523479249795
4075.0,157315.0,0.7415506386659817
4076.0,176413.0,0.8296244495164793
4077.0,197162.0,0.9250306453333095
4078.0,204981.0,0.9594671947380004
4079.0,206334.0,0.9635463346522141
4080.0,204844.0,0.9543595013457057
4081.0,199220.0,0.9259985349279656
4082.0,183285.0,0.849952308670529
4083.0,153005.0,0.707889035646837
4084.0,120448.0,0.5559717697033933
4085.0,121377.0,0.5589652187568256
4086.0,161812.0,0.7434572530247482
4087.0,198603.0,0.9103944938333755
4088.0,215326.0,0.9847828570663211
4089.0,220174.0,1.0046432593344297
4090.0,218478.0,0.9946196463234271
4091.0,216886.0,0.9851128105029042
4092.0,214315.0,0.97121144017097
4093.0,204884.0,0.9263555081167961
4094.0,185933.0,0.8387570715323959
4095.0,159635.0,0.7184880712108761
4096.0,142755.0,0.6410562757342149
4097.0,155782.0,0.6979706195843383
4098.0,188958.0,0.8446987414910713
4099.0,210055.0,0.9368885772869936
4100.0,213325.0,0.9493288796852464
4101.0,208588.0,0.9261598278955874
4102.0,194838.0,0.8631646143304054
4103.0,171377.0,0.7575259463541614
4104.0,146328.0,0.6453556134809805
4105.0,137769.0,0.606249661183157
4106.0,149561.0,0.6566718216913321
4107.0,164386.0,0.7201559239970007
4108.0,166999.0,0.7299766058337336
4109.0,155172.0,0.6767736876072792
4110.0,155391.0,0.6762272700976572
4111.0,177356.0,0.7701070376288437
4112.0,198374.0,0.8594686164165415
4113.0,210774.0,0.9111797397570108
4114.0,219420.0,0.946469563180517
4115.0,224497.0,0.9662423959750167
4116.0,224962.0,0.9661209499242939
4117.0,218909.0,0.9380682209369117
4118.0,203807.0,0.8714451521149157
4119.0,184419.0,0.786825570706921
4120.0,179335.0,0.7634689633247228
4121.0,189483.0,0.8049182898665603
4122.0,192596.0,0.8163675038800128
4123.0,181620.0,0.7681759538479627
4124.0,164948.0,0.6961524758324289
4125.0,153031.0,0.6444640641236573
4126.0,150318.0,0.6316753669541454
4127.0,155900.0,0.6537239902996524
4128.0,165505.0,0.6925106784644106
4129.0,174906.0,0.7302789891673188
4130.0,183308.0,0.7637231467367158
4131.0,189153.0,0.7863934714853942
4132.0,183350.0,0.7606439358338039
4133.0,167102.0,0.6917635336946539
4134.0,156594.0,0.6468868978882303
4135.0,165568.0,0.6825092758675745
4136.0,181957.0,0.7484823087401098
4137.0,185575.0,0.7617536718470937
4138.0,179345.0,0.7346295184101459
4139.0,177954.0,0.7273987830005384
4140.0,182597.0,0.7448106331050892
4141.0,180425.0,0.7344091164877727
4142.0,172714.0,0.7015517366565516
4143.0,173997.0,0.705287911058909
4144.0,178686.0,0.7227854915552188
4145.0,175646.0,0.7090111837740743
4146.0,175353.0,0.7063592666772844
4147.0,182008.0,0.7316481051549024
4148.0,174309.0,0.6992502295572013
4149.0,149424.0,0.5981855247596972
4150.0,140684.0,0.5620367173776003
4151.0,161907.0,0.6454933165532112
4152.0,181403.0,0.7217361145761066
4153.0,180491.0,0.7166367510561145
4154.0,174358.0,0.6908705203681496
4155.0,181118.0,0.7161918255025498
4156.0,190903.0,0.7533471812180892
4157.0,188922.0,0.7440143686074464
4158.0,183785.0,0.7223154937629133
4159.0,189474.0,0.7431667611507374
4160.0,201330.0,0.7880733449758198
4161.0,206397.0,0.8062778390472582
4162.0,199444.0,0.77754802420407
4163.0,190724.0,0.7420586005533185
4164.0,185849.0,0.7216413353279837
4165.0,181797.0,0.7044949880841426
4166.0,171363.0,0.6627351134618162
4167.0,153815.0,0.5936835971558345
4168.0,155745.0,0.5999369559660589
4169.0,176722.0,0.6793897156136743
4170.0,196358.0,0.7533824605064866
4171.0,211147.0,0.8085224468157896
4172.0,209527.0,0.8007355838950064
4173.0,202563.0,0.7725968404510599
4174.0,204983.0,0.7802899837571309
4175.0,207489.0,0.7882797146598483
4176.0,210136.0,0.7967728481349217
4177.0,207887.0,0.7867049717605449
4178.0,196505.0,0.7421819219821686
4179.0,187083.0,0.7052206179858495
4180.0,175448.0,0.6600771697433798
4181.0,166050.0,0.6235086601553973
4182.0,166680.0,0.6246634951872773
4183.0,164910.0,0.6168369155517723
4184.0,166664.0,0.6221965531134224
4185.0,172096.0,0.641240162686982
4186.0,161339.0,0.6000053792777252
4187.0,149704.0,0.5556697254230953
4188.0,148289.0,0.5493656734885578
4189.0,151242.0,0.5592370683188947
4190.0,168536.0,0.6219978447021419
4191.0,186826.0,0.6881892355653917
4192.0,184255.0,0.6774323103433565
4193.0,178293.0,0.654272527672118
4194.0,168941.0,0.6187837826813875
4195.0,152830.0,0.5587192666598084
4196.0,152302.0,0.5557423776614819
4197.0,167143.0,0.608752386116214
4198.0,180938.0,0.657761644859908
4199.0,191220.0,0.6938411463736824
4200.0,198294.0,0.7181678976625531
4201.0,196893.0,0.7117673602733621
4202.0,203869.0,0.7356175169963457
4203.0,215585.0,0.7764512379184874
4204.0,210577.0,0.7570125100931407
4205.0,190419.0,0.6832829390448122
4206.0,177752.0,0.6366557495855504
4207.0,179678.0,0.6423720628836356
4208.0,191891.0,0.684777708514865
4209.0,197116.0,0.7021369866000184
4210.0,185059.0,0.6579862926220117
4211.0,171228.0,0.6077007571107464
4212.0,166041.0,0.5882208138069783
4213.0,163830.0,0.5793356152148071
4214.0,157371.0,0.5554883378301974
4215.0,153904.0,0.5422696363311922
4216.0,166885.0,0.5869478498844547
4217.0,190073.0,0.667300067907605
4218.0,212013.0,0.7429908250862626
4219.0,239581.0,0.8380988512236189
4220.0,263747.0,0.920988071598048
4221.0,261153.0,0.9103047161755401
4222.0,243970.0,0.8488973694282558
4223.0,227035.0,0.788570005871249
4224.0,222209.0,0.7704411212292519
4225.0,229229.0,0.7933766756800001
4226.0,227739.0,0.7868302108790532
4227.0,228354.0,0.7875673040413773
4228.0,243144.0,0.8371046174500788
4229.0,246390.0,0.8467945839642896
4230.0,224714.0,0.7709489575960498
4231.0,206171.0,0.7060984537639454
4232.0,215094.0,0.7353766796098786
4233.0,248926.0,0.8495664977962177
4234.0,277213.0,0.9444695390326637
4235.0,260508.0,0.8860216983440892
4236.0,198225.0,0.67302676249481
4237.0,154270.0,0.5228868081486037
4238.0,160036.0,0.5414992693650872
4239.0,183569.0,0.6200621090663135
4240.0,206991.0,0.6979827023170971
4241.0,214188.0,0.7210200812975255
4242.0,182443.0,0.6131124549644746
4243.0,150864.0,0.5061286727596959
4244.0,175639.0,0.5882478490161058
4245.0,231193.0,0.773000582243385
4246.0,257112.0,0.858212655516618
4247.0,227794.0,0.7590737170833748
4248.0,173657.0,0.5777031703976832
4249.0,157113.0,0.5217915462127943
4250.0,198212.0,0.657187051498444
4251.0,242524.0,0.8027671453378369
4252.0,240841.0,0.7958711787597642
4253.0,204564.0,0.6748709380424652
4254.0,175847.0,0.5791716836949365
4255.0,173013.0,0.568896949882915
4256.0,207575.0,0.6814187819522208
4257.0,254728.0,0.8348368222904866
4258.0,248683.0,0.8136891739388402
4259.0,219499.0,0.7170248160646442
4260.0,224870.0,0.7333715064169218
4261.0,223125.0,0.7264961012323796
4262.0,207604.0,0.6748620134825795
4263.0,199725.0,0.6481978364939609
4264.0,176196.0,0.5709114349910897
4265.0,169112.0,0.5470743339103227
4266.0,188707.0,0.6094818961245181
4267.0,187908.0,0.6059274417900491
4268.0,184350.0,0.5935027173119846
4269.0,181530.0,0.5834905964719641
4270.0,157535.0,0.5055569208880044
4271.0,153266.0,0.4910752423421896
4272.0,174955.0,0.5596795682405379
4273.0,175396.0,0.560202857927979
4274.0,151724.0,0.48383148123989
4275.0,145255.0,0.4624734400142814
4276.0,161270.0,0.5126569144642321
4277.0,190937.0,0.6060138043572003
4278.0,209542.0,0.6640248872611932
4279.0,175590.0,0.5555658731842333
4280.0,128133.0,0.4047817699508016
4281.0,149783.0,0.4724417866702995
4282.0,209838.0,0.6608416438295445
4283.0,238911.0,0.7512397413611838
4284.0,214894.0,0.6746794763765659
4285.0,154684.0,0.48489874596859184
4286.0,126408.0,0.3956528883817282
4287.0,163468.0,0.5108675279025077
4288.0,205739.0,0.641991973026048
4289.0,207197.0,0.6455583674571347
4290.0,206516.0,0.6424605842321939
4291.0,212725.0,0.6607751489272411
4292.0,223859.0,0.6943105529441231
4293.0,236117.0,0.7312268896535983
4294.0,220102.0,0.6806067113818222
4295.0,190105.0,0.5869684666527719
4296.0,157447.0,0.4854072561050712
4297.0,118349.0,0.3643248206367565
4298.0,104304.0,0.3206114831483816
4299.0,90895.9,0.27898316364061554
4300.0,72038.5,0.2207779017178537
4301.0,75420.6,0.2308021289805864
4302.0,81606.0,0.2493632519854158
4303.0,75743.6,0.23110986612825232
4304.0,71292.6,0.21721050440533177
4305.0,76246.1,0.23196340655415984
4306.0,91922.7,0.2792490691257033
4307.0,95872.0,0.29082351021162434
4308.0,72792.9,0.22049419143916021
4309.0,49044.9,0.1483453834159874
4310.0,38009.6,0.11480139749240174
4311.0,35002.0,0.10556551533152751
4312.0,43923.4,0.13228242267357412
4313.0,75404.4,0.2267678581024659
4314.0,133689.0,0.40147706902804137
4315.0,211302.0,0.6336516632606414
4316.0,278644.0,0.834411361098993
4317.0,306009.0,0.9150606782329783
4318.0,308752.0,0.9219604541782997
4319.0,318534.0,0.9498319357319571
4320.0,317157.0,0.9443986773037308
4321.0,278973.0,0.8295354992981455
4322.0,209272.0,0.6214086576201847
4323.0,132938.0,0.39419428508081333
4324.0,97041.2,0.28735184223680277
4325.0,112886.0,0.3338075783958021
4326.0,143902.0,0.42493534214401907
4327.0,158794.0,0.46826496134855383
4328.0,155495.0,0.4579068992364627
4329.0,159957.0,0.4704016402763203
4330.0,185129.0,0.543683915156641
4331.0,206941.0,0.6069133046646029
4332.0,200006.0,0.5857777304268156
4333.0,181576.0,0.531079609924747
4334.0,178277.0,0.5207262632626104
4335.0,202150.0,0.5896611620738478
4336.0,224290.0,0.6533635970653467
4337.0,203453.0,0.5918709104475632
4338.0,171277.0,0.4976012354408703
4339.0,181479.0,0.5265382366726697
4340.0,222077.0,0.6434723399100788
4341.0,224218.0,0.6488154283643496
4342.0,195104.0,0.563823131021227
4343.0,186498.0,0.5382431904272208
4344.0,218305.0,0.6292124763326322
4345.0,248960.0,0.7166285773390405
4346.0,232205.0,0.6675267073752287
4347.0,202914.0,0.5825634717963909
4348.0,201913.0,0.57893699683197
4349.0,232117.0,0.6646781186627713
4350.0,225625.0,0.6452539748643693
4351.0,172287.0,0.49208104866353514
4352.0,123160.0,0.3513145180216964
4353.0,103306.0,0.2943038029283228
4354.0,105607.0,0.30047515561355564
4355.0,110227.0,0.31322109940951687
4356.0,119124.0,0.33807345540265066
4357.0,135410.0,0.3838070505122046
4358.0,140569.0,0.3979273542367447
4359.0,136253.0,0.3852245563501484
4360.0,153131.0,0.43240059477716714
4361.0,180118.0,0.5079689607525216
4362.0,169229.0,0.476665110892309
4363.0,140627.0,0.3956101522374744
4364.0,150927.0,0.4240601040870321
4365.0,176147.0,0.49430967167315065
4366.0,162775.0,0.45622235555716756
4367.0,149138.0,0.41748780603775826
4368.0,175492.0,0.490660442197836
4369.0,185269.0,0.5173641620418493
4370.0,153441.0,0.42796325895804427
4371.0,125315.0,0.349093068074571
4372.0,123159.0,0.3426723324285928
4373.0,141165.0,0.3922981481812932
4374.0,161912.0,0.4494136101803793
4375.0,173480.0,0.4809458401528968
4376.0,168898.0,0.467683944060851
4377.0,162258.0,0.44876283661185695
4378.0,168750.0,0.4661642641449992
4379.0,176438.0,0.4868255580435355
4380.0,168187.0,0.4635123749555248
4381.0,159588.0,0.43929718899592485
4382.0,165371.0,0.4546827150433
4383.0,178862.0,0.49120150803890084
4384.0,185369.0,0.5084787986955708
4385.0,174431.0,0.4779199537424222
4386.0,168624.0,0.46147507233366475
4387.0,176230.0,0.4817344265155706
4388.0,190240.0,0.5194338872559752
4389.0,185063.0,0.5047196989188123
4390.0,170445.0,0.46432145787052514
4391.0,171281.0,0.4660678285358798
4392.0,174442.0,0.4741306774280536
4393.0,176357.0,0.4787936478580348
4394.0,182837.0,0.49582687002376996
4395.0,186622.0,0.5055227685627008
4396.0,184845.0,0.500148665158992
4397.0,186539.0,0.5041690610811852
4398.0,182837.0,0.49361390967189755
4399.0,173585.0,0.4681164114947778
4400.0,184757.0,0.49769417875114896
4401.0,211509.0,0.569130830231269
4402.0,216916.0,0.5830396144325477
4403.0,195448.0,0.5247621929016896
4404.0,183551.0,0.4922826259467085
4405.0,187442.0,0.5021722664944261
4406.0,194996.0,0.5218445995284211
4407.0,209431.0,0.5598707105646472
4408.0,220080.0,0.5877061901384694
4409.0,222794.0,0.5943163790766882
4410.0,237064.0,0.631707382717001
4411.0,266125.0,0.7083921987869796
4412.0,279353.0,0.7428152325621528
4413.0,265964.0,0.7064660535980085
4414.0,255607.0,0.6782405974666708
4415.0,247075.0,0.6549136678049067
4416.0,241690.0,0.6399702099358726
4417.0,251292.0,0.664702300033256
4418.0,267290.0,0.7062854947857787
4419.0,290166.0,0.765940037855896
4420.0,299335.0,0.7893289607970914
4421.0,284063.0,0.7482885691341207
4422.0,293597.0,0.7726122242024537
4423.0,328103.0,0.8625361359271077
4424.0,334705.0,0.8789983292320763
4425.0,313933.0,0.8236129902798297
4426.0,297319.0,0.7792393321085539
4427.0,292412.0,0.7656089366313678
4428.0,296012.0,0.7742591343745291
4429.0,295080.0,0.7710519317349195
4430.0,294341.0,0.7683570263184399
4431.0,320276.0,0.8352313179944264
4432.0,344480.0,0.8974661408965035
4433.0,343768.0,0.8947316722831207
4434.0,332348.0,0.8641623764372419
4435.0,315530.0,0.8196330857989041
4436.0,317527.0,0.8240197880718549
4437.0,343750.0,0.8912087940087428
4438.0,355157.0,0.9198955745043957
4439.0,334955.0,0.8667375835318203
4440.0,308303.0,0.7970095896362188
4441.0,305250.0,0.7883656993433265
4442.0,333476.0,0.8604477491691912
4443.0,371770.0,0.958349128294241
4444.0,390327.0,1.005238506114727
4445.0,381415.0,0.9813660266493085
4446.0,362098.0,0.9307942715424896
4447.0,336775.0,0.864894865424044
4448.0,320692.0,0.8228279739933004
4449.0,331365.0,0.8494279182754957
4450.0,349946.0,0.8962339824294425
4451.0,358544.0,0.9174127872046285
4452.0,350663.0,0.8964285649574453
4453.0,337220.0,0.8612791097778976
4454.0,334425.0,0.8533664844744948
4455.0,341754.0,0.8712807065775334
4456.0,358848.0,0.9140375342015891
4457.0,375641.0,0.9559536573977384
4458.0,389250.0,0.989701304832924
4459.0,389974.0,0.9906588920106462
4460.0,381593.0,0.9685078163565464
4461.0,369085.0,0.935932697329122
4462.0,353646.0,0.8959911051376863
4463.0,356522.0,0.902483381022664
4464.0,369287.0,0.9339766421498839
4465.0,373814.0,0.944599775437586
4466.0,381063.0,0.9620784330054287
4467.0,378712.0,0.9553121569261548
4468.0,352162.0,0.8875694967069615
4469.0,319938.0,0.8056574308980294
4470.0,309640.0,0.7790537449623697
4471.0,323321.0,0.8127763841545854
4472.0,336131.0,0.8442548110088777
4473.0,332307.0,0.833937051832289
4474.0,327487.0,0.8211407734157453
4475.0,345553.0,0.8657030350047389
4476.0,364148.0,0.9115150577953466
4477.0,361049.0,0.9029934830659005
4478.0,366358.0,0.9154983888541688
4479.0,384496.0,0.9600150234786096
4480.0,396073.0,0.9880901774971125
4481.0,398951.0,0.9944360605286031
4482.0,387794.0,0.9658176879225868
4483.0,378933.0,0.9429616722396457
4484.0,383902.0,0.9545315546056682
4485.0,381063.0,0.9466855295163245
4486.0,365223.0,0.9065814657990052
4487.0,354469.0,0.8791590168485324
4488.0,361882.0,0.8968034953693104
4489.0,376206.0,0.9315320924319341
4490.0,385941.0,0.9548506590865978
4491.0,393220.0,0.9720602432881332
4492.0,389300.0,0.961580462990246
4493.0,376828.0,0.9300121334951408
4494.0,356367.0,0.8787952679459728
4495.0,334052.0,0.8230943520024782
4496.0,333412.0,0.8208477390503234
4497.0,347301.0,0.8543459116343673
4498.0,348537.0,0.8566894343107831
4499.0,354061.0,0.8695606579028192
4500.0,374376.0,0.9187080006301315
4501.0,377505.0,0.925636207497066
4502.0,367192.0,0.8996205435774972
4503.0,371072.0,0.9083918874741113
4504.0,381157.0,0.9323269365929686
4505.0,380074.0,0.9289281108953265
4506.0,370167.0,0.9039857375083389
4507.0,381037.0,0.929782285763401
4508.0,408261.0,0.9954112339114817
4509.0,418177.0,1.0187686580515136
4510.0,400986.0,0.9761030733464539
4511.0,366653.0,0.891811315576536
4512.0,346841.0,0.8429457789930452
4513.0,347515.0,0.8439066928364445
4514.0,350693.0,0.8509417085124231
4515.0,358831.0,0.8699907998525899
4516.0,369260.0,0.8945592187428676
4517.0,368874.0,0.8929088293661309
4518.0,374620.0,0.9060921578703592
4519.0,395664.0,0.9562256049630726
4520.0,405478.0,0.9791598736561281
4521.0,398034.0,0.9604151590850498
4522.0,389517.0,0.9391128864999609
4523.0,389179.0,0.9375476199082333
4524.0,387319.0,0.9323206052781454
4525.0,390444.0,0.9390911494490879
4526.0,396781.0,0.9535694470689204
4527.0,385961.0,0.9268240253886457
4528.0,382104.0,0.9168277740314354
4529.0,400614.0,0.9604715718482955
4530.0,406377.0,0.9735081901243132
4531.0,390339.0,0.9343388237879816
4532.0,379562.0,0.9078142221503119
4533.0,375658.0,0.8977564459980081
4534.0,384438.0,0.9180020355255142
4535.0,406458.0,0.9698046204946117
4536.0,417585.0,0.9955532100298735
4537.0,419384.0,0.9990384815197679
4538.0,415271.0,0.9884449265129192
4539.0,412915.0,0.9820458625602051
4540.0,407562.0,0.9685337066418122
4541.0,392228.0,0.9313422010321579
4542.0,397769.0,0.9437368838955347
4543.0,422027.0,1.0004818035014718
4544.0,430360.0,1.019411332555593
4545.0,429925.0,1.0175563784451012
4546.0,433171.0,1.0244080494028576
4547.0,427611.0,1.0104385175014923
4548.0,412494.0,0.9739252991851456
4549.0,394665.0,0.9310717875865231
4550.0,377590.0,0.8900637586050164
4551.0,372206.0,0.8766567992393081
4552.0,382258.0,0.8995968499851785
4553.0,401120.0,0.9432140368244921
4554.0,419230.0,0.9849912214481062
4555.0,436322.0,1.0243081834530532
4556.0,444051.0,1.0415961059755752
4557.0,435087.0,1.0197295158380584
4558.0,422886.0,0.9903164331864819
4559.0,411006.0,0.9617009089093592
4560.0,400297.0,0.9358683536437831
4561.0,409657.0,0.956957671103636
4562.0,422228.0,0.985504570760498
4563.0,424813.0,0.9907133237592276
4564.0,424393.0,0.9889089823552458
4565.0,426044.0,0.9919271185417439
4566.0,438170.0,1.0193056483738874
4567.0,447770.0,1.040764643659069
4568.0,442784.0,1.0283109289982126
4569.0,431452.0,1.0011502215760233
4570.0,418176.0,0.9695256711361967
4571.0,394641.0,0.9141870438959296
4572.0,379395.0,0.8781249165591507
4573.0,394113.0,0.9114156220772713
4574.0,414404.0,0.9575243222646258
4575.0,416041.0,0.9604866152085522
4576.0,408192.0,0.9415602411795857
4577.0,409922.0,0.9447402065938019
4578.0,426594.0,0.9823190370242928
4579.0,439716.0,1.0116628790994988
4580.0,439282.0,1.0097915910337176
4581.0,442887.0,1.0171971222236744
4582.0,450812.0,1.0345001172640302
4583.0,448499.0,1.0282967540999919
4584.0,436169.0,0.9991546171403501
4585.0,420213.0,0.9617613058479291
4586.0,414785.0,0.9485052758634032
4587.0,425536.0,0.9722341522503036
4588.0,434254.0,0.9912773926534352
4589.0,432580.0,0.9865828358169485
4590.0,433492.0,0.9877860165991422
4591.0,437834.0,0.996792694598096
4592.0,438964.0,0.998473947608561
4593.0,439612.0,0.9990534463607491
4594.0,442465.0,1.0046350436038647
4595.0,447153.0,1.0143658474478503
4596.0,447662.0,1.0146040892894435
4597.0,442184.0,1.0012813674394583
4598.0,441189.0,0.9981213157567479
4599.0,442647.0,1.000507898273834
4600.0,436524.0,0.9857669377781004
4601.0,428002.0,0.9656368184224979
4602.0,418233.0,0.9427292203092891
4603.0,409460.0,0.9221032450683276
4604.0,415934.0,0.9358163279552433
4605.0,426234.0,0.9581006397229521
4606.0,429383.0,0.9642806126364583
4607.0,434794.0,0.9755204346997851
4608.0,443091.0,0.9932044925123615
4609.0,444974.0,0.9964877735061874
4610.0,443362.0,0.9919416085825472
4611.0,446709.0,0.9984846618025844
4612.0,448290.0,1.001068046928648
4613.0,443507.0,0.9894451438405164
4614.0,443117.0,0.9876321845090186
4615.0,442888.0,0.9861778506074421
4616.0,434409.0,0.966370416002776
4617.0,428449.0,0.9521961961684308
4618.0,416212.0,0.9241095572711671
4619.0,405527.0,0.8995168371190236
4620.0,413372.0,0.9160314415089639
4621.0,424976.0,0.9408333828099291
4622.0,428578.0,0.9478866525576924
4623.0,431130.0,0.9526037139680374
4624.0,432330.0,0.954324791326356
4625.0,430018.0,0.9482953732203869
4626.0,431222.0,0.9500215751106166
4627.0,427282.0,0.9404206547013891
4628.0,422065.0,0.9280286528853385
4629.0,420963.0,0.9246981300706377
4630.0,421575.0,0.9251336436294992
4631.0,422349.0,0.9259217265808234
4632.0,422021.0,0.9242930597525827
4633.0,421348.0,0.9219111752468587
4634.0,407120.0,0.8899033088919376
4635.0,390309.0,0.8523166240215454
4636.0,386939.0,0.8441249120761773
4637.0,393692.0,0.8580102392781254
4638.0,406171.0,0.8843340569226021
4639.0,413663.0,0.8997577631641906
4640.0,416271.0,0.9045374184123743
4641.0,422896.0,0.9180269324924518
4642.0,421678.0,0.9144801869420808
4643.0,421743.0,0.913719386168413
4644.0,422170.0,0.9137429732773891
4645.0,417063.0,0.9018000087403216
4646.0,414297.0,0.8949369826249433
4647.0,410595.0,0.8860672001646381
4648.0,408381.0,0.8804225356590758
4649.0,410677.0,0.8845022470593549
4650.0,410342.0,0.8829128258432258
4651.0,407495.0,0.8759268315129082
4652.0,405085.0,0.8698929912845378
4653.0,396601.0,0.850840335633403
4654.0,389563.0,0.8349242424824408
4655.0,387481.0,0.8296509826511183
4656.0,389138.0,0.8323862478877516
4657.0,397674.0,0.8498167880478393
4658.0,398328.0,0.8503866948433116
4659.0,400846.0,0.8549316237166736
4660.0,407222.0,0.8676888129467688
4661.0,405822.0,0.8638693353868737
4662.0,403007.0,0.8570488389847938
4663.0,400270.0,0.8504080701753028
4664.0,401513.0,0.8522287281403041
4665.0,404300.0,0.8573209562294702
4666.0,398530.0,0.8442767033774756
4667.0,396384.0,0.8389285508789697
4668.0,395221.0,0.8356702929043166
4669.0,395057.0,0.8345298204594709
4670.0,391479.0,0.8261878558910484
4671.0,382914.0,0.8073483199791055
4672.0,378712.0,0.7977361853037633
4673.0,374917.0,0.7890001385831784
4674.0,371387.0,0.7808391774143383
4675.0,361895.0,0.760171699498332
4676.0,345327.0,0.7246948360548395
4677.0,327494.0,0.6866332491100227
4678.0,314313.0,0.6583882102389382
4679.0,317993.0,0.6654828746970539
4680.0,330774.0,0.6915948468394914
4681.0,342295.0,0.7150286920757819
4682.0,340426.0,0.7104764234502251
4683.0,329929.0,0.687943882751129
4684.0,322458.0,0.6717579644661879
4685.0,335885.0,0.6990995602544153
4686.0,361371.0,0.7514707955413906
4687.0,376124.0,0.7814513006252825
4688.0,382674.0,0.7943531026835772
4689.0,382217.0,0.7927023508356467
4690.0,376323.0,0.7797909433846961
4691.0,367009.0,0.7598243748432133
4692.0,353600.0,0.7314248019954425
4693.0,337169.0,0.6968316267524421
4694.0,324322.0,0.6697015695243224
4695.0,313960.0,0.647747661846359
4696.0,296871.0,0.6119668574564144
4697.0,293395.0,0.6042872464612775
4698.0,330038.0,0.6791837577325234
4699.0,371483.0,0.7638304674003759
4700.0,387032.0,0.7951365033277678
4701.0,387827.0,0.7961076004046579
4702.0,381685.0,0.7828524111939503
4703.0,372787.0,0.7639744290642272
4704.0,368166.0,0.7538886907107419
4705.0,370286.0,0.7576150301850931
4706.0,374984.0,0.7666092472029787
4707.0,376009.0,0.7680896276809368
4708.0,373548.0,0.7624559692153862
4709.0,369502.0,0.7536023083983409
4710.0,359529.0,0.7326875944469422
4711.0,343424.0,0.6993224676944974
4712.0,320618.0,0.6523777508209524
4713.0,289238.0,0.5880760551891004
4714.0,265486.0,0.5393730126597798
4715.0,287522.0,0.5837013238266991
4716.0,350808.0,0.7116454757847634
4717.0,394684.0,0.8000570563750049
4718.0,404745.0,0.8198470259270954
4719.0,399667.0,0.8089696114007772
4720.0,390074.0,0.7889804203815033
4721.0,374141.0,0.7562102863046434
4722.0,362343.0,0.7318431146945349
4723.0,376426.0,0.7597511714257689
4724.0,402276.0,0.8113577362655272
4725.0,413968.0,0.8343617679169382
4726.0,409626.0,0.8250445671964113
4727.0,402855.0,0.8108562271349461
4728.0,401149.0,0.8068800546810317
4729.0,403202.0,0.8104703044724759
4730.0,408421.0,0.8204208363139937
4731.0,410680.0,0.8244216989462673
4732.0,401175.0,0.8048223916686387
4733.0,385901.0,0.7736874248282009
4734.0,362986.0,0.7272874605343483
4735.0,323839.0,0.6484479793230506
4736.0,295385.0,0.5911087691663155
4737.0,331878.0,0.6637333481345324
4738.0,408589.0,0.8166600690849698
4739.0,452568.0,0.9040267194352292
4740.0,458434.0,0.9152091300094534
4741.0,450102.0,0.8980570450433883
4742.0,436922.0,0.871263938565228
4743.0,422744.0,0.8425186836756693
4744.0,425753.0,0.8480462043740192
4745.0,458430.0,0.9126368821019801
4746.0,490330.0,0.9756187683449968
4747.0,500810.0,0.9959439700231378
4748.0,498080.0,0.9899991452983923
4749.0,486405.0,0.9662981486555418
4750.0,474791.0,0.9427501804914483
4751.0,469219.0,0.9312245660643698
4752.0,474961.0,0.9421610865485494
4753.0,493302.0,0.978075063417345
4754.0,506941.0,1.004644879713226
4755.0,507870.0,1.0060216937330424
4756.0,504760.0,0.999408772023129
4757.0,504471.0,0.9983934228739545
4758.0,506986.0,1.0029346253381473
4759.0,504369.0,0.9973327925604512
4760.0,489926.0,0.9683696933263205
4761.0,473044.0,0.9346202606412002
4762.0,471878.0,0.9319451001564201
4763.0,485966.0,0.9593950119178406
4764.0,498283.0,0.9833376522153504
4765.0,502436.0,0.9911661507400391
4766.0,504725.0,0.9953223623235125
4767.0,506789.0,0.9990414469198933
4768.0,507784.0,1.0006607900352162
4769.0,505785.0,0.99639024729047
4770.0,492168.0,0.9692517293221031
4771.0,472094.0,0.9294271316127838
4772.0,461086.0,0.9074785090391164
4773.0,467700.0,0.92022314722012
4774.0,489269.0,0.9623844684011574
4775.0,505818.0,0.9946584790058705
4776.0,506874.0,0.9964652038320354
4777.0,505664.0,0.9938254483238075
4778.0,503954.0,0.990212486736707
4779.0,491622.0,0.9657431481858677
4780.0,476624.0,0.9360571995366436
4781.0,477347.0,0.9372600224727267
4782.0,483397.0,0.9489262314352019
4783.0,478376.0,0.9388659986953327
4784.0,477841.0,0.937619039182913
4785.0,494591.0,0.9702887088483982
4786.0,509708.0,0.9997488038089422
4787.0,501808.0,0.98406671679533
4788.0,478388.0,0.9379669475573089
4789.0,468543.0,0.9185011691580649
4790.0,483961.0,0.9485631847172763
4791.0,499418.0,0.978697097192252
4792.0,496588.0,0.9729959674079663
4793.0,481995.0,0.9442576151211024
4794.0,470075.0,0.9207688638889965
4795.0,469198.0,0.9189194120848874
4796.0,472014.0,0.9243068789954353
4797.0,474133.0,0.928332766874658
4798.0,476536.0,0.9329180460941056
4799.0,482825.0,0.9451132125379962
4800.0,492638.0,0.9642069467843429
4801.0,498543.0,0.9756524077131002
4802.0,494057.0,0.9667663490804913
4803.0,477828.0,0.9349099593202896
4804.0,458771.0,0.8975312029154554
4805.0,455532.0,0.8911062991012549
4806.0,461222.0,0.9021509523070416
4807.0,465298.0,0.9100399103556535
4808.0,478682.0,0.9361335722407393
4809.0,491812.0,0.9617288893778039
4810.0,493093.0,0.9641541501031743
4811.0,484743.0,0.9477515270791375
4812.0,474709.0,0.9280617330901438
4813.0,462253.0,0.9036425437824469
4814.0,438955.0,0.8580359263488287
4815.0,434845.0,0.8499422857803687
4816.0,462374.0,0.9036884258212536
4817.0,477942.0,0.9340533426751698
4818.0,476697.0,0.9315599515732748
4819.0,476501.0,0.9311181440696505
4820.0,479832.0,0.9375692816696838
4821.0,473024.0,0.924210858598783
4822.0,452040.0,0.8831591189068965
4823.0,436617.0,0.8529770347973612
4824.0,433801.0,0.847426791662502
4825.0,444622.0,0.8685159619054851
4826.0,455241.0,0.8892085796379327
4827.0,456876.0,0.8923519492550384
4828.0,460018.0,0.8984383532835525
4829.0,466305.0,0.9106660761848849
4830.0,464900.0,0.907871111847874
4831.0,448993.0,0.8767578331644132
4832.0,431568.0,0.8426836249090138
4833.0,424556.0,0.8289441533622958
4834.0,427443.0,0.8345322747006065
4835.0,437329.0,0.8537828840049551
4836.0,450409.0,0.8792654336725805
4837.0,457090.0,0.8922527614525988
4838.0,447757.0,0.8739794184031795
4839.0,426174.0,0.8317977594853524
4840.0,418744.0,0.8172419162739759
4841.0,423231.0,0.8259427536174684
4842.0,416164.0,0.8120944816106057
4843.0,413490.0,0.806818226874388
4844.0,435924.0,0.8505289667310255
4845.0,451593.0,0.8810328516155285
4846.0,444535.0,0.8671940700017183
4847.0,448841.0,0.8755220690803953
4848.0,462368.0,0.9018313240491622
4849.0,468036.0,0.912805907061471
4850.0,466587.0,0.9098966226906573
4851.0,446314.0,0.8702793879403073
4852.0,426154.0,0.8308870540149106
4853.0,433945.0,0.845991008929374
4854.0,455373.0,0.8876715582360598
4855.0,463984.0,0.9043577599812028
4856.0,452900.0,0.8826530440909724
4857.0,445107.0,0.8673626156075963
4858.0,453525.0,0.8836578676752724
4859.0,462839.0,0.9016905266469324
4860.0,455723.0,0.8877099508058361
4861.0,440696.0,0.8583209237486381
4862.0,444957.0,0.8664966529460385
4863.0,470942.0,0.9169639533059559
4864.0,496979.0,0.9675124090988504
4865.0,504173.0,0.981362285267966
4866.0,489889.0,0.9534024906255982
4867.0,474432.0,0.923163997318877
4868.0,479162.0,0.9322039844685891
4869.0,487182.0,0.9476345053135733
4870.0,480093.0,0.9336698426880697
4871.0,470190.0,0.9142329847252475
4872.0,476359.0,0.9260417403053901
4873.0,491127.0,0.9545523960554896
4874.0,489028.0,0.9502688242815971
4875.0,471941.0,0.9168625047887322
4876.0,471184.0,0.9151824382542191
4877.0,479074.0,0.9302875511752776
4878.0,476399.0,0.9248678329452613
4879.0,477461.0,0.926696793210275
4880.0,482603.0,0.9364343379970164
4881.0,472954.0,0.9174667657708365
4882.0,466726.0,0.9051364703306884
4883.0,473680.0,0.9183626016608389
4884.0,469832.0,0.9106367759662864
4885.0,463954.0,0.8989743101353678
4886.0,458391.0,0.8879212651704943
4887.0,455815.0,0.882651358534542
4888.0,467285.0,0.9045670280438074
4889.0,483454.0,0.9355531523993587
4890.0,491339.0,0.9504842892127191
4891.0,494747.0,0.9567384582468945
4892.0,506988.0,0.9800542311617557
4893.0,518249.0,1.0014501695638682
4894.0,517623.0,0.9998596181329564
4895.0,512868.0,0.9902888166678006
4896.0,509829.0,0.9840290135537295
4897.0,506864.0,0.9779086051567075
4898.0,505308.0,0.9745023136577883
4899.0,509580.0,0.9823255734975054
4900.0,510576.0,0.9838217367565806
4901.0,500332.0,0.963660091305932
4902.0,492710.0,0.948556602533179
4903.0,494199.0,0.9509918437824061
4904.0,494531.0,0.9511923521563213
4905.0,490950.0,0.9438628773964122
4906.0,483872.0,0.9298136707974921
4907.0,474314.0,0.9110080722485497
4908.0,467602.0,0.8976780552346342
4909.0,460665.0,0.8839233821954195
4910.0,452035.0,0.8669297038326209
4911.0,445792.0,0.8545231549788793
4912.0,449296.0,0.8607980160596901
4913.0,460372.0,0.8815606837186567
4914.0,480628.0,0.9198658998053733
4915.0,505856.0,0.9676361843517365
4916.0,516716.0,0.9878807408324509
4917.0,514159.0,0.9824607422251401
4918.0,513068.0,0.9798411042779849
4919.0,512418.0,0.9780609979406963
4920.0,514573.0,0.9816289118765659
4921.0,514802.0,0.9815159616172103
4922.0,509364.0,0.9705999466729496
4923.0,503964.0,0.9597642132780243
4924.0,506236.0,0.9635390083074419
4925.0,513195.0,0.9762211492622835
4926.0,509352.0,0.9683484943000963
4927.0,495352.0,0.9411825658532532
4928.0,495155.0,0.9402555233348691
4929.0,507276.0,0.9627030828082711
4930.0,504602.0,0.9570595354901424
4931.0,489957.0,0.9287280842619672
4932.0,482871.0,0.9147472466070748
4933.0,481245.0,0.9111175466205889
4934.0,480502.0,0.9091602848940286
4935.0,472108.0,0.892735164404465
4936.0,448641.0,0.8478426956212084
4937.0,431356.0,0.8146785622707006
4938.0,426151.0,0.8043539993420677
4939.0,425783.0,0.8031645140313944
4940.0,442368.0,0.8339339522074112
4941.0,467906.0,0.881531157531205
4942.0,499454.0,0.9403836208119951
4943.0,532353.0,1.0017036271366988
4944.0,546514.0,1.0277094478340805
4945.0,541017.0,1.0167380748296133
4946.0,532364.0,0.9998518138064538
4947.0,535993.0,1.0060384761346606
4948.0,542910.0,1.0183841263463844
4949.0,542602.0,1.0171695143934392
4950.0,537570.0,1.0071057042405414
4951.0,533084.0,0.9980763174694446
4952.0,537551.0,1.0058098781185454
4953.0,544013.0,1.0172641308255748
4954.0,541154.0,1.0112853872411383
4955.0,532719.0,0.9949005902296972
4956.0,526844.0,0.9833145906779098
4957.0,531456.0,0.9913044717817867
4958.0,538089.0,1.0030523408664556
4959.0,538802.0,1.003757722059472
4960.0,535860.0,0.9976582724863151
4961.0,534210.0,0.9939713378176681
4962.0,537827.0,1.0000840516125051
4963.0,539921.0,1.003360288081547
4964.0,537483.0,0.9982171006775056
4965.0,531162.0,0.9858746799448227
4966.0,532641.0,0.9880175749572676
4967.0,538636.0,0.9985315571404618
4968.0,542467.0,1.0050256013713068
4969.0,540997.0,1.0016987744386945
4970.0,531764.0,0.9840130663936859
4971.0,531211.0,0.9824034126740165
4972.0,540506.0,0.998999971320103
4973.0,542458.0,1.002015805719032
4974.0,532079.0,0.9822667916923212
4975.0,525447.0,0.9694569846488352
4976.0,532551.0,0.9819932466206747
4977.0,541888.0,0.9986329141170638
4978.0,539276.0,0.9932483397811758
4979.0,530585.0,0.9766826971328231
4980.0,535318.0,0.9848350404866628
4981.0,543329.0,0.9990080586324479
4982.0,538675.0,0.989894056722617
4983.0,528062.0,0.9698485607135899
4984.0,529567.0,0.9720718118711716
4985.0,540025.0,0.9907202304454112
4986.0,538592.0,0.9875477179349509
4987.0,526747.0,0.9653005963215044
4988.0,520398.0,0.9531466205119568
4989.0,528324.0,0.9671398807162022
4990.0,533660.0,0.9763819076210857
4991.0,526461.0,0.9626948450862617
4992.0,519697.0,0.9498199013720937
4993.0,525611.0,0.9601196277996964
4994.0,532395.0,0.9719992804529449
4995.0,531780.0,0.9703675492894259
4996.0,527514.0,0.9620812545300219
4997.0,524652.0,0.9563652621046209
4998.0,528164.0,0.9622704398936746
4999.0,526728.0,0.9591616924234312
5000.0,520586.0,0.947493304807097
5001.0,515199.0,0.9372125330343118
5002.0,514870.0,0.9361409256888755
5003.0,519869.0,0.9447551814598081
5004.0,527412.0,0.9579839338993303
5005.0,521392.0,0.9465783595064787
5006.0,512426.0,0.929840543522634
5007.0,516141.0,0.936120829434078
5008.0,520728.0,0.943977876558808
5009.0,512822.0,0.9291930823367257
5010.0,508811.0,0.9214787755028787
5011.0,516873.0,0.935628190153874
5012.0,523207.0,0.9466396245263043
5013.0,520136.0,0.9406342635467079
5014.0,514495.0,0.9299912115798595
5015.0,516885.0,0.9338700982608965
5016.0,516540.0,0.9328082861500615
5017.0,507309.0,0.9157099514475916
5018.0,504628.0,0.9104469937912919
5019.0,512787.0,0.9247392703594484
5020.0,514248.0,0.9269469662561386
5021.0,507337.0,0.9140707156630978
5022.0,504088.0,0.9078029596749678
5023.0,507271.0,0.9131207918939931
5024.0,508137.0,0.9142668116830781
5025.0,508579.0,0.9146511138379806
5026.0,506842.0,0.9111198529569442
5027.0,503982.0,0.905575705670263
5028.0,508473.0,0.9132410048964389
5029.0,511253.0,0.9178296494885827
5030.0,499480.0,0.8963011501655982
5031.0,495057.0,0.8879767929648616
5032.0,502826.0,0.901520506356637
5033.0,498622.0,0.8935969970105812
5034.0,486687.0,0.8718329716821852
5035.0,494769.0,0.8859316047492664
5036.0,509565.0,0.912036792222655
5037.0,500361.0,0.8951836665792686
5038.0,489612.0,0.8755834596097157
5039.0,499527.0,0.8929396765920243
5040.0,498550.0,0.8908208733714114
5041.0,485713.0,0.8675224997488212
5042.0,489257.0,0.8734906510641083
5043.0,498897.0,0.8903343486595539
5044.0,498802.0,0.8897997258185848
5045.0,493639.0,0.8802300793163085
5046.0,491844.0,0.8766729091414515
5047.0,493695.0,0.8796161689578622
5048.0,495808.0,0.8830251306929332
5049.0,493573.0,0.8786922001205143
5050.0,496412.0,0.8833936405940012
5051.0,504641.0,0.8976807644728033
5052.0,493806.0,0.8780594097436634
5053.0,475756.0,0.8456306574959457
5054.0,483296.0,0.8586957232057048
5055.0,483092.0,0.8579981241417968
5056.0,464215.0,0.8241509967209167
5057.0,470319.0,0.8346645978913818
5058.0,482556.0,0.8560512349290224
5059.0,472960.0,0.838705960426363
5060.0,468769.0,0.8309562957360974
5061.0,473284.0,0.8386404368212353
5062.0,469332.0,0.8313224485997728
5063.0,461715.0,0.8175218565249258
5064.0,461709.0,0.8172039346087407
5065.0,475449.0,0.8412080764584576
5066.0,480440.0,0.84972168087466
5067.0,463772.0,0.819937527038912
5068.0,462582.0,0.8175311526946555
5069.0,464797.0,0.821143155716244
5070.0,454520.0,0.8026924333815354
5071.0,462382.0,0.8162784351902586
5072.0,467927.0,0.825766686244881
5073.0,459527.0,0.8106488003942621
5074.0,460818.0,0.8126325315917121
5075.0,464073.0,0.8180780204316851
5076.0,456083.0,0.8037047740161651
5077.0,447594.0,0.7884637662711631
5078.0,460129.0,0.8102564250585309
5079.0,473275.0,0.8331101033384296
5080.0,467944.0,0.8234348404607522
5081.0,465306.0,0.8185045126226873
5082.0,450796.0,0.7927022555178375
5083.0,437706.0,0.7694150770316099
5084.0,449100.0,0.7891688422688921
5085.0,457074.0,0.8029021100920096
5086.0,453384.0,0.7961446739086601
5087.0,452298.0,0.7939638043970262
5088.0,454910.0,0.7982744979135679
5089.0,447888.0,0.7856831309652184
5090.0,446379.0,0.7827687436721267
5091.0,442072.0,0.7749522253067829
5092.0,431746.0,0.7565940456108069
5093.0,430828.0,0.7547300813750676
5094.0,426959.0,0.7477002320149859
5095.0,413461.0,0.723818953122387
5096.0,402940.0,0.7051642500390712
5097.0,396053.0,0.6928802082994221
5098.0,404926.0,0.708167333597738
5099.0,432613.0,0.7563374341218398
5100.0,441300.0,0.7712695411331454
5101.0,436567.0,0.7627457442811283
5102.0,438281.0,0.7654883296408327
5103.0,433051.0,0.7561055328669837
5104.0,430599.0,0.7515782773306757
5105.0,431722.0,0.7532924246546902
5106.0,424870.0,0.7410953395402154
5107.0,424055.0,0.7394335828796904
5108.0,419612.0,0.7314492760449215
5109.0,411665.0,0.7173646130022364
5110.0,413376.0,0.7201140836322891
5111.0,413535.0,0.7201595171466106
5112.0,420128.0,0.7314064435881786
5113.0,425498.0,0.7405181934626718
5114.0,422304.0,0.7347249425729548
5115.0,419630.0,0.729840255340342
5116.0,408363.0,0.7100185208084049
5117.0,399951.0,0.6951721896236109
5118.0,398136.0,0.6917985702980202
5119.0,395587.0,0.6871524852587023
5120.0,392329.0,0.6812785334845524
5121.0,388405.0,0.6742525010969925
5122.0,390417.0,0.6775326137175595
5123.0,389771.0,0.6761997467900198
5124.0,384098.0,0.6661496113713027
5125.0,370597.0,0.6425340328940499
5126.0,346762.0,0.6010221572288402
5127.0,314245.0,0.544493055396027
5128.0,282057.0,0.488569179599833
5129.0,288913.0,0.500289869134103
5130.0,347948.0,0.6023301836923481
5131.0,410872.0,0.7110378132576891
5132.0,438709.0,0.758977267809188
5133.0,445128.0,0.7698452057899952
5134.0,442168.0,0.7644908076361785
5135.0,437089.0,0.755477410472874
5136.0,433404.0,0.7488784737065514
5137.0,429586.0,0.7420540656684806
5138.0,423770.0,0.7317838161907789
5139.0,421290.0,0.727279027814277
5140.0,422573.0,0.729271315852738
5141.0,421749.0,0.7276274391467722
5142.0,419589.0,0.7236804813551504
5143.0,421684.0,0.7270726012763586
5144.0,423982.0,0.7308127118162779
5145.0,419679.0,0.7231760740958659
5146.0,414307.0,0.7137026878797355
5147.0,410875.0,0.7075760681088977
5148.0,407290.0,0.7011898539416018
5149.0,406910.0,0.7003236465657682
5150.0,411063.0,0.707257325069685
5151.0,413098.0,0.7105438406624051
5152.0,409119.0,0.7034872499237153
5153.0,399791.0,0.6872400450345162
5154.0,394302.0,0.6775999249057737
5155.0,397963.0,0.6836849905095717
5156.0,400558.0,0.6879356069499661
5157.0,397517.0,0.6825070737854058
5158.0,390803.0,0.6707774403223484
5159.0,385769.0,0.6619375565033413
5160.0,372594.0,0.6391381128453963
5161.0,338614.0,0.5806747585591028
5162.0,289838.0,0.4968811851321556
5163.0,234455.0,0.4018147928221591
5164.0,209184.0,0.3583967628001573
5165.0,286196.0,0.49019441534100505
5166.0,432603.0,0.7407360760258911
5167.0,524856.0,0.8984280145280283
5168.0,557392.0,0.9538343817405942
5169.0,573354.0,0.98085357106415
5170.0,577763.0,0.9880981965614178
5171.0,569116.0,0.973016443551857
5172.0,551916.0,0.9433249480785735
5173.0,548971.0,0.9380081940845174
5174.0,566635.0,0.9678976926045897
5175.0,580585.0,0.9914267372786839
5176.0,584521.0,0.9978462169198039
5177.0,585214.0,0.9987270234053083
5178.0,585654.0,0.9991753601165834
5179.0,585718.0,0.9989818199354251
5180.0,584103.0,0.9959252905425756
5181.0,578600.0,0.9862430494158836
5182.0,564352.0,0.9616647171983342
5183.0,542733.0,0.9245444801086222
5184.0,541305.0,0.9218313213968713
5185.0,565241.0,0.9623006634983604
5186.0,582684.0,0.9916942398399677
5187.0,587508.0,0.9995992138898917
5188.0,588447.0,1.0008909131697272
5189.0,588650.0,1.0009298851997657
5190.0,588738.0,1.0007728786610453
5191.0,588710.0,1.0004183599988314
5192.0,588238.0,0.9993092846506157
5193.0,587996.0,0.9985909860222819
5194.0,588143.0,0.9985330362185907
5195.0,588531.0,0.9988836181649653
5196.0,589471.0,1.0001700203828228
5197.0,588961.0,0.9989955672741031
5198.0,587243.0,0.9957728926634862
5199.0,588215.0,0.9971116284934187
5200.0,590696.0,1.0010062259595283
5201.0,591041.0,1.001279369285842
5202.0,589992.0,0.9991911084192432
5203.0,589486.0,0.998023113632938
5204.0,588452.0,0.995961891805432
5205.0,586815.0,0.992881426621658
5206.0,586178.0,0.9914941226983914
5207.0,586095.0,0.9910442877792455
5208.0,584841.0,0.9886151499511397
5209.0,584879.0,0.9883707633193249
5210.0,587047.0,0.9917247987238851
5211.0,589430.0,0.9954398472449651
5212.0,591649.0,0.998875754408915
5213.0,593296.0,1.0013442193642437
5214.0,593617.0,1.0015740141655083
5215.0,591781.0,0.9981656152800591
5216.0,588934.0,0.9930548344787992
5217.0,589263.0,0.9933011873034867
5218.0,592510.0,0.9984649652934517
5219.0,594390.0,1.00132303877919
5220.0,594514.0,1.0012224807791867
5221.0,594696.0,1.0012200977525385
5222.0,595189.0,1.0017416597595472
5223.0,595225.0,1.001494532709146
5224.0,594675.0,1.0002624875720736
5225.0,593664.0,0.9982566624229812
5226.0,590920.0,0.9933395694580673
5227.0,588541.0,0.9890395819944666
5228.0,590826.0,0.9925784250240296
5229.0,594172.0,0.9978978696546599
5230.0,594835.0,0.9987102953250273
5231.0,594246.0,0.9974217076236389
5232.0,593999.0,0.9967087146411255
5233.0,594402.0,0.9970875014230834
5234.0,595529.0,0.9986812332452805
5235.0,596305.0,0.9996866741124736
5236.0,595870.0,0.9986630563525941
5237.0,594769.0,0.9965253528434483
5238.0,594019.0,0.9949780497094455
5239.0,594389.0,0.9953083646409341
5240.0,595577.0,0.9970091521734058
5241.0,596454.0,0.9981898480011895
5242.0,596809.0,0.9984979351676296
5243.0,596654.0,0.9979542804783726
5244.0,596189.0,0.9968940762947089
5245.0,595835.0,0.9960215619637101
5246.0,596170.0,0.9963025571622087
5247.0,596937.0,0.9973067679909537
5248.0,597556.0,0.9980648987795632
5249.0,597567.0,0.9978091007714255
5250.0,596963.0,0.9965285675635908
5251.0,596499.0,0.9954841787724639
5252.0,596334.0,0.9949410618369108
5253.0,596472.0,0.9949055259679267
5254.0,596779.0,0.9951537586200263
5255.0,596762.0,0.9948636986902107
5256.0,596859.0,0.9947658143429
5257.0,596839.0,0.9944750986422106
5258.0,596342.0,0.9933920527509406
5259.0,595741.0,0.9921385128557418
5260.0,595915.0,0.9921781503890583
5261.0,596689.0,0.9932187363869351
5262.0,597336.0,0.9940497442914402
5263.0,597546.0,0.9941556234650528
5264.0,597416.0,0.9936982947438073
5265.0,597098.0,0.9929309741073522
5266.0,596232.0,0.9912554117126524
5267.0,594832.0,0.9886955563842572
5268.0,588612.0,0.9781297679812904
5269.0,575922.0,0.956822317525533
5270.0,573612.0,0.9527682912084273
5271.0,586092.0,0.9732793156927775
5272.0,595416.0,0.9885440983843743
5273.0,597479.0,0.991752423916705
5274.0,598235.0,0.992793149550228
5275.0,599262.0,0.9942859229912586
5276.0,600087.0,0.9954458838599647
5277.0,600274.0,0.9955501933836659
5278.0,599861.0,0.9946625615837126
5279.0,599556.0,0.9939573692403794
5280.0,598698.0,0.9923389403517908
5281.0,598084.0,0.9911286119359102
5282.0,598860.0,0.9922249362842752
5283.0,599619.0,0.9932958873900439
5284.0,599787.0,0.9933908529504551
5285.0,599686.0,0.9930436308783189
5286.0,599054.0,0.9918207233658616
5287.0,598291.0,0.9903847717598739
5288.0,598964.0,0.9913294170653814
5289.0,600385.0,0.9935149934249287
5290.0,601419.0,0.9950630589571201
5291.0,601948.0,0.9957787849860642
5292.0,601731.0,0.9952640091450796
5293.0,600414.0,0.9929339208034846
5294.0,598959.0,0.9903800397266046
5295.0,599032.0,0.9903568160262244
5296.0,599374.0,0.9907820283948438
5297.0,599532.0,0.9909068169431553
5298.0,600322.0,0.9920798562165714
5299.0,600920.0,0.9929392349500805
5300.0,599962.0,0.9912315871332255
5301.0,598515.0,0.9887205420505879
5302.0,599640.0,0.9904624495811949
5303.0,602603.0,0.995243618925195
5304.0,604056.0,0.9975342527212195
5305.0,603344.0,0.9962536918582171
5306.0,601462.0,0.9930458889618062
5307.0,598802.0,0.9885585809451725
5308.0,597436.0,0.9862124612633467
5309.0,599557.0,0.9896267089631933
5310.0,601732.0,0.9931338697803864
5311.0,602466.0,0.9942667703260392
5312.0,602295.0,0.9939105426898724
5313.0,599391.0,0.9890491940672278
5314.0,596894.0,0.9848645912483212
5315.0,599337.0,0.98883550407612
5316.0,603101.0,0.9949899583691166
5317.0,604896.0,0.997900187879803
5318.0,604550.0,0.9972830409186525
5319.0,601960.0,0.9929691399384607
5320.0,598368.0,0.9870076065221699
5321.0,598462.0,0.9871311854045919
5322.0,602328.0,0.9934811891883852
5323.0,604073.0,0.9963375393554001
5324.0,602457.0,0.9936553735056088
5325.0,599021.0,0.9879765759174919
5326.0,593610.0,0.9790455670683368
5327.0,585644.0,0.9659057207722467
5328.0,581896.0,0.9597276802459164
5329.0,589911.0,0.9729556346704888
5330.0,598383.0,0.9869428120975401
5331.0,599752.0,0.9892201839766536
5332.0,598625.0,0.9873860343061577
5333.0,598644.0,0.9874474511721395
5334.0,599698.0,0.9892215546992854
5335.0,601847.0,0.9928075790528123
5336.0,603570.0,0.9956966920336375
5337.0,602418.0,0.9938486115642536
5338.0,600112.0,0.9901020143705537
5339.0,598319.0,0.987207044508491
5340.0,597536.0,0.9859839511402091
5341.0,600490.0,0.9909332236746893
5342.0,603327.0,0.9956959745782706
5343.0,602348.0,0.9941671373961612
5344.0,601401.0,0.992696743884808
5345.0,602270.0,0.9942298631293807
5346.0,600682.0,0.9917128324695142
5347.0,598502.0,0.9882237875678146
5348.0,599066.0,0.9892713078337194
5349.0,598704.0,0.9887958299557009
5350.0,599137.0,0.9896395286107917
5351.0,601079.0,0.9929825060134713
5352.0,600212.0,0.9916915381485649
5353.0,598684.0,0.9893141931072916
5354.0,599300.0,0.9904859145478052
5355.0,599746.0,0.9913833685702034
5356.0,601895.0,0.9951030836723627
5357.0,603933.0,0.998647021141564
5358.0,601419.0,0.9946703550304521
5359.0,595999.0,0.9858917431351623
5360.0,593123.0,0.9813254010383695
5361.0,595669.0,0.9857363699711988
5362.0,599947.0,0.9930225831819257
5363.0,601475.0,0.9957659002319752
5364.0,598551.0,0.9911451339182115
5365.0,592712.0,0.9817010391696912
5366.0,590846.0,0.9788413450606591
5367.0,595106.0,0.9861383923176568
5368.0,600050.0,0.994579699545222
5369.0,601239.0,0.9968068367677498
5370.0,595573.0,0.9876741837518872
5371.0,582956.0,0.967013327777069
5372.0,579165.0,0.9609928160351686
5373.0,591365.0,0.9815169136722375
5374.0,602053.0,0.9995498197633755
5375.0,603485.0,1.0022290428540814
5376.0,597828.0,0.9931407342985084
5377.0,589766.0,0.9800575825171206
5378.0,588796.0,0.9787625217747246
5379.0,594681.0,0.9888729249756201
5380.0,599070.0,0.9965091351428196
5381.0,600451.0,0.999152878603353
5382.0,595698.0,0.9915954944551721
5383.0,590407.0,0.9831442127685238
5384.0,593097.0,0.9879887070209523
5385.0,600316.0,1.000391046291327
5386.0,602756.0,1.0048426182105419
5387.0,598006.0,0.9973132235859258
5388.0,591159.0,0.9862855737181961
5389.0,588010.0,0.9814273017673517
5390.0,590883.0,0.9866260502311199
5391.0,596661.0,0.9966872607259705
5392.0,597786.0,0.99898641707503
5393.0,595555.0,0.9956819249487774
5394.0,594019.0,0.9935419463403593
5395.0,589780.0,0.9868818335560788
5396.0,586555.0,0.9819177664626546
5397.0,588456.0,0.9855384159300182
5398.0,588728.0,0.9864367916784986
5399.0,587805.0,0.9853365179882949
5400.0,591097.0,0.9913075512248752
5401.0,592468.0,0.9940642128314687
5402.0,589540.0,0.9896101119074505
5403.0,585794.0,0.983780926430328
5404.0,585431.0,0.9836329126065168
5405.0,589873.0,0.9915641953447151
5406.0,590043.0,0.9923205557877034
5407.0,585539.0,0.98521515327433
5408.0,581891.0,0.9795455829277774
5409.0,584255.0,0.9839973408305243
5410.0,590631.0,0.9952147923057543
5411.0,593420.0,1.0003970020439723
5412.0,585763.0,0.9879663981594612
5413.0,575631.0,0.9713478091610337
5414.0,580268.0,0.979647374429096
5415.0,592670.0,1.0010707722087988
5416.0,596162.0,1.0074576918769123
5417.0,591323.0,0.9997649238560764
5418.0,584546.0,0.9887857966431857
5419.0,579497.0,0.9807195270107406
5420.0,582548.0,0.9863590853482854
5421.0,589758.0,0.9990480420002454
5422.0,593066.0,1.0051344305006398
5423.0,583318.0,0.9890867405011043
5424.0,570841.0,0.9683920675841626
5425.0,574776.0,0.975530460009015
5426.0,585440.0,0.9940991911028215
5427.0,588239.0,0.9993212765039
5428.0,580177.0,0.9860855287622883
5429.0,567776.0,0.9654560939858123
5430.0,566910.0,0.9644275144556848
5431.0,578532.0,0.9846486475193825
5432.0,583596.0,0.9937176060842723
5433.0,573288.0,0.9766041039941825
5434.0,566635.0,0.965700021804312
5435.0,568928.0,0.9700348404614417
5436.0,572980.0,0.9773690697540653
5437.0,578381.0,0.9870066208793739
5438.0,581400.0,0.9925804255961248
5439.0,580815.0,0.9919978653704942
5440.0,576842.0,0.9856200285084885
5441.0,573763.0,0.9807590129020488
5442.0,576435.0,0.9857221566395487
5443.0,579842.0,0.9919400591567041
5444.0,578059.0,0.9892739665887407
5445.0,570946.0,0.9774736611049106
5446.0,564889.0,0.9674657919576304
5447.0,563271.0,0.9650484356502363
5448.0,570238.0,0.9773356320705
5449.0,581520.0,0.9970217336801309
5450.0,586570.0,1.0060246765900132
5451.0,577581.0,0.9909387661079563
5452.0,569393.0,0.9772088412415318
5453.0,577660.0,0.9917107138853759
5454.0,584652.0,1.0040228301868137
5455.0,578208.0,0.9932522789880918
5456.0,565749.0,0.9721300604266804
5457.0,564012.0,0.9694149121490032
5458.0,573144.0,0.9853747714848577
5459.0,578771.0,0.9953051291124192
5460.0,578784.0,0.9955730579094076
5461.0,573093.0,0.986016312236552
5462.0,566654.0,0.9751568231108911
5463.0,570561.0,0.9820896195570701
5464.0,576802.0,0.9930320028148247
5465.0,570746.0,0.9827920210579274
5466.0,564646.0,0.9724604801070351
5467.0,565013.0,0.9732528841071632
5468.0,565023.0,0.9734181211901393
5469.0,562474.0,0.9691616002301001
5470.0,569536.0,0.9814536498319436
5471.0,581233.0,1.0017242980966394
5472.0,575544.0,0.992019733413882
5473.0,566695.0,0.9768537423172359
5474.0,571099.0,0.9845199849458102
5475.0,577646.0,0.995869684433472
5476.0,576127.0,0.9933018641080457
5477.0,567124.0,0.9778180416345984
5478.0,564226.0,0.9728477382529025
5479.0,575133.0,0.9916687536785074
5480.0,584448.0,1.0077333475284254
5481.0,577069.0,0.9950016511696881
5482.0,562851.0,0.9704669228295086
5483.0,563825.0,0.9721154438914371
5484.0,570160.0,0.9829954387740999
5485.0,570348.0,0.9832659295210379
5486.0,567574.0,0.9784192413649374
5487.0,558737.0,0.9631113608831968
5488.0,554857.0,0.9563391352538373
5489.0,562140.0,0.9687960974219728
5490.0,564883.0,0.9734165406501375
5491.0,559457.0,0.9639501881822488
5492.0,551152.0,0.949516061103646
5493.0,549631.0,0.9467615753577393
5494.0,559971.0,0.964425959133347
5495.0,564279.0,0.9716877230974063
5496.0,548750.0,0.9447837167001373
5497.0,536391.0,0.9233364921664955
5498.0,543366.0,0.9351629405399926
5499.0,551688.0,0.9492932237082493
5500.0,545583.0,0.9385889550353899
5501.0,531268.0,0.9137593453794183
5502.0,538939.0,0.9267384765482681
5503.0,559904.0,0.9625569887307014
5504.0,567015.0,0.9745377481711025
5505.0,561321.0,0.9645008810216176
5506.0,555525.0,0.9542852207223905
5507.0,562883.0,0.9666562232633236
5508.0,568373.0,0.9758044882807925
5509.0,564708.0,0.9692257362122795
5510.0,554138.0,0.9507947471335273
5511.0,550815.0,0.9447974410816554
5512.0,561964.0,0.9636112603289124
5513.0,568754.0,0.9749326532902137
5514.0,558096.0,0.9563398439501932
5515.0,548263.0,0.9391650455231111
5516.0,560613.0,0.9599802309082953
5517.0,569221.0,0.9743673675018717
5518.0,560045.0,0.9583056042351624
5519.0,550355.0,0.9413691243541045
5520.0,554134.0,0.9474677829295723
5521.0,561875.0,0.9603260721494971
5522.0,560287.0,0.9572286718023203
5523.0,546817.0,0.933834972216419
5524.0,539242.0,0.92051673855244
5525.0,550903.0,0.9400260651517683
5526.0,557232.0,0.9504177969137473
5527.0,545720.0,0.9303774072161736
5528.0,541094.0,0.922082639126758
5529.0,552698.0,0.9414342130452942
5530.0,556713.0,0.947841165116045
5531.0,548800.0,0.9339371161423257
5532.0,541990.0,0.9219160841802357
5533.0,547180.0,0.9303025745189524
5534.0,553936.0,0.9413363698717938
5535.0,547584.0,0.9300892737029298
5536.0,534397.0,0.9072437399502098
5537.0,530236.0,0.8997311440574245
5538.0,524738.0,0.8899532061243771
5539.0,508009.0,0.8611419797265975
5540.0,501551.0,0.8497570687234342
5541.0,526756.0,0.8919965731477264
5542.0,557151.0,0.942971016213157
5543.0,563857.0,0.9538144847344727
5544.0,557300.0,0.9422178033344368
5545.0,562080.0,0.9497856125713153
5546.0,566468.0,0.9566783334769255
5547.0,556551.0,0.9394130416073554
5548.0,548059.0,0.9245661660530926
5549.0,557072.0,0.939245511621212
5550.0,565750.0,0.9533394678763446
5551.0,554852.0,0.9344445191281356
5552.0,547351.0,0.9212846276454448
5553.0,559215.0,0.9407115993626924
5554.0,563154.0,0.9467883791473113
5555.0,549227.0,0.9228348978063002
5556.0,546724.0,0.9180895115075685
5557.0,557446.0,0.9355410849662841
5558.0,552397.0,0.9265161832834521
5559.0,542554.0,0.9094625350890002
5560.0,551322.0,0.9236041283925895
5561.0,555602.0,0.9302113641068304
5562.0,542735.0,0.9081165942658418
5563.0,542707.0,0.9075150513630375
5564.0,551892.0,0.9223077906994318
5565.0,540902.0,0.9033842393208352
5566.0,530444.0,0.8853692432994128
5567.0,543429.0,0.9064785589691805
5568.0,547907.0,0.9133775290814443
5569.0,538700.0,0.897466311440403
5570.0,543897.0,0.9055544112619688
5571.0,549015.0,0.9134985255505137
5572.0,536111.0,0.8914627525147962
5573.0,531096.0,0.8825625432978977
5574.0,536117.0,0.8903385855921522
5575.0,526477.0,0.8737705378785717
5576.0,516839.0,0.8572251696089281
5577.0,526642.0,0.8729232885147178
5578.0,534986.0,0.8861827879501243
5579.0,534123.0,0.8841824165198937
5580.0,538788.0,0.8913282042681352
5581.0,533854.0,0.8825937723071742
5582.0,516090.0,0.8526718987122853
5583.0,500548.0,0.8264564130319465
5584.0,480331.0,0.792560034434875
5585.0,481958.0,0.7947265630167972
5586.0,532527.0,0.8775398511966277
5587.0,569652.0,0.9381045923393926
5588.0,575655.0,0.9473710695804916
5589.0,584615.0,0.9614878868323354
5590.0,582547.0,0.9574601894635882
5591.0,579838.0,0.9523843051961198
5592.0,584684.0,0.9597155178104915
5593.0,578801.0,0.9494373757887102
5594.0,579742.0,0.9503587857624869
5595.0,581320.0,0.9523222875522033
5596.0,576005.0,0.9429982965725924
5597.0,578884.0,0.9470923556306527
5598.0,576818.0,0.9430960372108027
5599.0,574970.0,0.9394612528745677
5600.0,578103.0,0.9439647241560233
5601.0,576279.0,0.9403737853714557
5602.0,578766.0,0.9438180370402711
5603.0,577756.0,0.9415592940212576
5604.0,577310.0,0.9402225962336139
5605.0,578551.0,0.9416340033353917
5606.0,577058.0,0.9385974239355538
5607.0,576795.0,0.9375649289010227
5608.0,572471.0,0.9299378835938831
5609.0,571061.0,0.9270521829542604
5610.0,569801.0,0.924414618749358
5611.0,572089.0,0.9275340066372353
5612.0,573727.0,0.9295974990704184
5613.0,572705.0,0.9273525157445738
5614.0,569552.0,0.9216633750117222
5615.0,567719.0,0.9181176438326889
5616.0,566632.0,0.9157836459776435
5617.0,565648.0,0.913620614114822
5618.0,563898.0,0.9102255901417675
5619.0,562969.0,0.9081610357808856
5620.0,561758.0,0.9056463265414658
5621.0,559210.0,0.9009825826055031
5622.0,555510.0,0.8944717141828185
5623.0,549824.0,0.8847750899516813
5624.0,541597.0,0.87100599976011
5625.0,537290.0,0.8635562548160418
5626.0,548396.0,0.8808753377785473
5627.0,564677.0,0.9064835388745548
5628.0,569505.0,0.9136890247086642
5629.0,568100.0,0.9108946072225174
5630.0,564087.0,0.9039270379115555
5631.0,553628.0,0.8866470728784817
5632.0,535777.0,0.8575585907860716
5633.0,507759.0,0.8122429441230521
5634.0,475336.0,0.7599398659302922
5635.0,481326.0,0.7690767907350128
5636.0,546640.0,0.8729419242936775
5637.0,606295.0,0.9676609736378372
5638.0,626609.0,0.9995233310090019
5639.0,629417.0,1.003445188386967
5640.0,629632.0,1.0032350689808691
5641.0,629143.0,1.0019081133820404
5642.0,628684.0,1.0006344874306015
5643.0,629002.0,1.0006024927710546
5644.0,628779.0,0.9997146930642498
5645.0,627608.0,0.9973257773495394
5646.0,626834.0,0.9955743915925651
5647.0,628507.0,0.9977138450717279
5648.0,631326.0,1.001674018113141
5649.0,632468.0,1.002975507249114
5650.0,632855.0,1.0030838615993252
5651.0,633500.0,1.0036057958168363
5652.0,633117.0,1.0025044853420193
5653.0,632557.0,1.001129258594126
5654.0,633610.0,1.0023122013248709
5655.0,634217.0,1.0027941316166888
5656.0,633443.0,1.0010984702951937
5657.0,633390.0,1.0005488300919039
5658.0,634354.0,1.0016110632352695
5659.0,634494.0,1.0013775370004598
5660.0,633762.0,0.9997743815952638
5661.0,633560.0,0.9990142111814202
5662.0,634388.0,0.999884057659582
5663.0,634931.0,1.0003101659674845
5664.0,634621.0,0.9993987231029171
5665.0,634204.0,0.9983258096576898
5666.0,634300.0,0.9980672655312396
5667.0,634826.0,0.9984916284593062
5668.0,635348.0,0.9989157993572513
5669.0,635119.0,0.9981657649631019
5670.0,634494.0,0.9968005529300018
5671.0,634887.0,0.9970413803324689
5672.0,635783.0,0.9980779213282923
5673.0,636215.0,0.9983917836207294
5674.0,635170.0,0.996394620995292
5675.0,634143.0,0.9944332255359091
5676.0,634956.0,0.9953636658258611
5677.0,636217.0,0.997001542235564
5678.0,636565.0,0.9972140383149762
5679.0,635672.0,0.9954888786692235
5680.0,634988.0,0.9940979227763868
5681.0,635785.0,0.9950315159440541
5682.0,636831.0,0.996359893289333
5683.0,636863.0,0.9961072293352968
5684.0,635724.0,0.99402942859965
5685.0,635169.0,0.9928713905451387
5686.0,635948.0,0.9938042805278843
5687.0,637052.0,0.9952499391170996
5688.0,637799.0,0.9961427370568957
5689.0,637138.0,0.9948420460046921
5690.0,636095.0,0.9929511718899863
5691.0,636215.0,0.9928816457453832
5692.0,637168.0,0.9941171400840154
5693.0,637946.0,0.9950843361185271
5694.0,637600.0,0.9943034896955845
5695.0,636494.0,0.9923433203330317
5696.0,636216.0,0.991679833301941
5697.0,637417.0,0.9933265665387324
5698.0,638895.0,0.9954091942932936
5699.0,638929.0,0.9952466484247522
5700.0,637767.0,0.9932265637717379
5701.0,636795.0,0.9915080865254058
5702.0,636965.0,0.9915729536630631
5703.0,638225.0,0.9933391116484622
5704.0,638997.0,0.9943499970631983
5705.0,638616.0,0.9935713951759881
5706.0,638094.0,0.9925784574533147
5707.0,637983.0,0.9922297472890663
5708.0,638562.0,0.9929587163140234
5709.0,639224.0,0.9938210514857753
5710.0,639150.0,0.9935435378808595
5711.0,638584.0,0.9925059192500434
5712.0,638345.0,0.9919812177750931
5713.0,638437.0,0.9919753604629531
5714.0,638805.0,0.9924026262763375
5715.0,639333.0,0.9930826042691697
5716.0,639750.0,0.9935942633234663
5717.0,640060.0,0.9939438473211142
5718.0,639810.0,0.9934280122237465
5719.0,639170.0,0.9923109665083535
5720.0,638697.0,0.9914575153007553
5721.0,638344.0,0.9907945595865456
5722.0,638361.0,0.9907099714306618
5723.0,639026.0,0.9916349101847199
5724.0,639238.0,0.99186067216613
5725.0,639097.0,0.9915425824514317
5726.0,639539.0,0.9921327976179922
5727.0,639986.0,0.9927344358948773
5728.0,639412.0,0.9917560866067372
5729.0,638146.0,0.9897083660185664
5730.0,636850.0,0.9876181011755159
5731.0,635959.0,0.9861597759759971
5732.0,635804.0,0.985846416694906
5733.0,635963.0,0.9860234362836562
5734.0,636284.0,0.9864550385748873
5735.0,636909.0,0.9873612678604489
5736.0,637441.0,0.9881265920319559
5737.0,637322.0,0.9878860688643435
5738.0,637194.0,0.987634908211719
5739.0,637548.0,0.988134065916756
5740.0,637550.0,0.9880908370137033
5741.0,636618.0,0.9866032956673736
5742.0,635191.0,0.9843518898479479
5743.0,634163.0,0.9827220232680213
5744.0,634472.0,0.9831670770977011
5745.0,635537.0,0.9847865190340794
5746.0,635999.0,0.9854744526160432
5747.0,635183.0,0.9841850407724608
5748.0,634603.0,0.9832641964497204
5749.0,634512.0,0.9831038385130009
5750.0,634742.0,0.9834435853938912
5751.0,634763.0,0.9834622227559108
5752.0,634946.0,0.9837345192375638
5753.0,635533.0,0.9846353576342092
5754.0,634633.0,0.983234965186977
5755.0,634170.0,0.982514167196655
5756.0,635766.0,0.9849858563119788
5757.0,636428.0,0.9860129669755452
5758.0,635849.0,0.9851198228258582
5759.0,636231.0,0.9857179284400742
5760.0,636754.0,0.986536829727793
5761.0,635859.0,0.9851610759259533
5762.0,635674.0,0.9848875790110775
5763.0,635920.0,0.9852840602057892
5764.0,635910.0,0.9852860649967845
5765.0,636059.0,0.9855365479023742
5766.0,636410.0,0.9861021098827122
5767.0,637085.0,0.9871717729468426
5768.0,637477.0,0.987804957827001
5769.0,637401.0,0.9877149156135555
5770.0,636409.0,0.9862073014069102
5771.0,635600.0,0.9849850489438527
5772.0,636762.0,0.9868190807718045
5773.0,637393.0,0.9878320719503516
5774.0,636470.0,0.9864383921829805
5775.0,636901.0,0.9871448861323516
5776.0,637879.0,0.9887009246366988
5777.0,636929.0,0.9872702083853936
5778.0,636097.0,0.9860238448481164
5779.0,637645.0,0.988468330094936
5780.0,638559.0,0.9899316553537206
5781.0,636724.0,0.9871346900356482
5782.0,636211.0,0.9863884836650957
5783.0,638194.0,0.9895135719363772
5784.0,638462.0,0.9899810613006796
5785.0,636880.0,0.9875811536209731
5786.0,636581.0,0.987171803637377
5787.0,637896.0,0.9892666190775105
5788.0,638126.0,0.9896800629903189
5789.0,636726.0,0.9875665055587003
5790.0,637222.0,0.9883946300348361
5791.0,638680.0,0.9907161065618907
5792.0,638834.0,0.9910159499263433
5793.0,637982.0,0.9897560576218014
5794.0,637979.0,0.9898140933177904
5795.0,638471.0,0.9906410038375323
5796.0,637475.0,0.9891599061968295
5797.0,636186.0,0.9872246884047041
5798.0,637151.0,0.9887878757883439
5799.0,639606.0,0.9926644028049763
5800.0,640051.0,0.9934223539653336
5801.0,638281.0,0.9907428514064153
5802.0,637404.0,0.9894497275421058
5803.0,638159.0,0.9906904616271385
5804.0,639446.0,0.9927577588861709
5805.0,639194.0,0.9924362406536265
5806.0,637911.0,0.9905141550892843
5807.0,638156.0,0.9909648783939643
5808.0,639395.0,0.9929595880671179
5809.0,640438.0,0.9946504089042504
5810.0,640314.0,0.9945290862518688
5811.0,639157.0,0.9928033294572222
5812.0,638612.0,0.9920281131040146
5813.0,639465.0,0.9934246690958307
5814.0,641320.0,0.9963781830009654
5815.0,641733.0,0.9970915865315935
5816.0,638778.0,0.9925716179787379
5817.0,637084.0,0.9900104410471376
5818.0,639555.0,0.9939214920146245
5819.0,642176.0,0.9980660274127648
5820.0,642167.0,0.9981230842773363
5821.0,640432.0,0.9954969370846604
5822.0,639416.0,0.9939877863364942
5823.0,639671.0,0.9944539842973291
5824.0,640122.0,0.9952245551691589
5825.0,640911.0,0.9965203067803393
5826.0,640636.0,0.9961612535326387
5827.0,639065.0,0.9937862363469839
5828.0,639286.0,0.9941971620577428
5829.0,641174.0,0.9972001427434688
5830.0,642226.0,0.9989025451854553
5831.0,641268.0,0.9974779327664289
5832.0,639417.0,0.994663230664012
5833.0,638887.0,0.9939024026040935
5834.0,639720.0,0.9952611440191654
5835.0,640643.0,0.9967591829638324
5836.0,642492.0,0.9996972873296797
5837.0,643698.0,1.0016342079324374
5838.0,641793.0,0.9987291243787039
5839.0,638894.0,0.9942757120382099
5840.0,638002.0,0.9929442301210909
5841.0,639369.0,0.995127392460002
5842.0,642091.0,0.9994186556840582
5843.0,643120.0,1.0010738215206507
5844.0,641718.0,0.9989436037711126
5845.0,641244.0,0.9982565454997785
5846.0,641486.0,0.9986828364330318
5847.0,641783.0,0.9991935422595901
5848.0,641486.0,0.9987782100636741
5849.0,640098.0,0.9966628720044061
5850.0,640192.0,0.996853777544863
5851.0,642348.0,1.0002544163251594
5852.0,642877.0,1.001120512028643
5853.0,640269.0,0.9971002090908679
5854.0,638751.0,0.9947759642576636
5855.0,640917.0,0.9981879951740759
5856.0,642405.0,1.0005431752011298
5857.0,641247.0,0.9987761268338327
5858.0,640336.0,0.9973925780334573
5859.0,638677.0,0.9948427148320719
5860.0,637060.0,0.9923570329678593
5861.0,638223.0,0.9942007182567701
5862.0,640803.0,0.9982508994564507
5863.0,641444.0,0.9992796082044938
5864.0,639687.0,0.99657150351625
5865.0,638504.0,0.9947565044476883
5866.0,638792.0,0.9952322238922255
5867.0,639030.0,0.9956290947162546
5868.0,638862.0,0.995392450277996
5869.0,638721.0,0.9951969185329342
5870.0,638716.0,0.9952123549053215
5871.0,638450.0,0.9948201905964603
5872.0,636646.0,0.9920305742883112
5873.0,634179.0,0.9882068379336172
5874.0,633707.0,0.9874908410859417
5875.0,636497.0,0.9918571574893461
5876.0,639064.0,0.9958752831235147
5877.0,638617.0,0.9951958174929477
5878.0,636022.0,0.9911680966735604
5879.0,633557.0,0.9873420397214357
5880.0,632335.0,0.9854522159849631
5881.0,632426.0,0.9856078215473134
5882.0,634476.0,0.988815731434117
5883.0,635193.0,0.9899455058366943
5884.0,632851.0,0.9863070833976295
5885.0,633059.0,0.9866421188496478
5886.0,636039.0,0.9912967541711333
5887.0,634941.0,0.9895949767082218
5888.0,628181.0,0.9790678362509477
5889.0,620270.0,0.9667459259635922
5890.0,616821.0,0.9613776654114764
5891.0,623625.0,0.9719891571288676
5892.0,632740.0,0.9862021570666624
5893.0,635217.0,0.9900685376767943
5894.0,632642.0,0.986060128361692
5895.0,626171.0,0.9759786229305559
5896.0,622461.0,0.9701999141462587
5897.0,627371.0,0.9778562487773435
5898.0,632266.0,0.9854887236980843
5899.0,635149.0,0.9899846858046043
5900.0,636634.0,0.992301141985145
5901.0,633430.0,0.9873085067235533
5902.0,631714.0,0.9846346861458353
5903.0,634942.0,0.9896664753702078
5904.0,636883.0,0.9926918044668753
5905.0,637248.0,0.9932602276133526
5906.0,637283.0,0.9933138644576514
5907.0,634539.0,0.989035552744146
5908.0,633175.0,0.9869078174007483
5909.0,636905.0,0.9927195338623848
5910.0,638698.0,0.9955117348582375
5911.0,635076.0,0.9898634568667207
5912.0,632960.0,0.9865621985537149
5913.0,634878.0,0.9895482044722455
5914.0,636402.0,0.991919774274238
5915.0,636094.0,0.9914356159057792
5916.0,636505.0,0.9920718284142982
5917.0,636808.0,0.9925394346003418
5918.0,635505.0,0.9905036545512296
5919.0,633831.0,0.9878894127352312
5920.0,632587.0,0.9859451663235418
5921.0,632735.0,0.9861702768904357
5922.0,632974.0,0.9865370163565821
5923.0,633219.0,0.9869129179240494
5924.0,634955.0,0.989612449690958
5925.0,637922.0,0.9942303592673093
5926.0,638347.0,0.9948862686525234
5927.0,635653.0,0.9906810000314142
5928.0,635305.0,0.9901319465018402
5929.0,637368.0,0.9933403509274182
5930.0,639834.0,0.9971766955581901
5931.0,640144.0,0.9976528252850271
5932.0,636558.0,0.992057085519058
5933.0,631769.0,0.9845865521513318
5934.0,632612.0,0.9858932761351812
5935.0,638757.0,0.9954627985551383
5936.0,642120.0,1.0006966378056013
5937.0,638452.0,0.9949731958650802
5938.0,633152.0,0.9867065447132688
5939.0,633552.0,0.9873228882001656
5940.0,637416.0,0.9933375092724724
5941.0,638605.0,0.9951834696227786
5942.0,636669.0,0.9921596089544165
5943.0,636089.0,0.9912490056748999
5944.0,637348.0,0.9932043081093579
5945.0,636779.0,0.9923110814606665
5946.0,637043.0,0.9927160819121778
5947.0,636624.0,0.992056902125143
5948.0,633438.0,0.9870860798322193
5949.0,634407.0,0.988590190176333
5950.0,637808.0,0.9938842139480638
5951.0,637366.0,0.9931899426602224
5952.0,637032.0,0.9926641915265811
5953.0,637940.0,0.9940740341614627
5954.0,634813.0,0.9891965772971598
5955.0,632052.0,0.984889743843676
5956.0,632403.0,0.9854324495322714
5957.0,631078.0,0.9833638472509731
5958.0,632689.0,0.9858705045174209
5959.0,637476.0,0.9933263590702536
5960.0,637001.0,0.9925831815256309
5961.0,634713.0,0.9890153217745626
5962.0,637506.0,0.9933650785317387
5963.0,641129.0,0.9990084984749407
5964.0,642645.0,1.0013691571517251
5965.0,641471.0,0.999538631277644
5966.0,637840.0,0.9938799762406733
5967.0,636811.0,0.992276089925385
5968.0,637336.0,0.9930939584461077
5969.0,637975.0,0.9940897622920764
5970.0,640280.0,0.9976818053564195
5971.0,642248.0,1.0007490073660423
5972.0,641614.0,0.9997620323377822
5973.0,638110.0,0.994303253179043
5974.0,634254.0,0.9882961872959448
5975.0,637558.0,0.9934460471152595
5976.0,642993.0,1.001916643992604
5977.0,642840.0,1.001680153939249
5978.0,639142.0,0.9959199404599771
5979.0,635746.0,0.9906304116132064
5980.0,636544.0,0.9918761468161322
5981.0,639546.0,0.9965563070453394
5982.0,640088.0,0.9974033231950634
5983.0,637982.0,0.9941242020038776
5984.0,636642.0,0.9920387133221801
5985.0,637053.0,0.9926817154935956
5986.0,636953.0,0.9925284633799022
5987.0,635672.0,0.9905349069546646
5988.0,636711.0,0.9921564564846872
5989.0,638297.0,0.9946303335448969
5990.0,636736.0,0.9922003138245005
5991.0,637016.0,0.9926389644490545
5992.0,639024.0,0.9957702039225195
5993.0,635575.0,0.99039785747831
5994.0,630048.0,0.981787262370091
5995.0,630932.0,0.9831665960087611
5996.0,636552.0,0.9919257780487913
5997.0,637670.0,0.9936694182947162
5998.0,634672.0,0.9889989644810342
5999.0,633768.0,0.9875913289776715
6000.0,631331.0,0.9837946005360542
6001.0,628909.0,0.9800209877765576
6002.0,631064.0,0.9833793858787827
6003.0,630722.0,0.9828464524282002
6004.0,625466.0,0.974655790078387
6005.0,625403.0,0.9745569975235855
6006.0,632829.0,0.9861278642809715
6007.0,636609.0,0.9920168474678874
6008.0,635392.0,0.9901187097916362
6009.0,636001.0,0.9910655990892856
6010.0,638002.0,0.9941811882732245
6011.0,638924.0,0.9956149586907953
6012.0,639337.0,0.9962551158680476
6013.0,637308.0,0.9930895391916278
6014.0,633398.0,0.9869924384710208
6015.0,633109.0,0.9865372936462414
6016.0,637640.0,0.9935923280602811
6017.0,639559.0,0.9965766650832212
6018.0,638262.0,0.9945491932838407
6019.0,635514.0,0.9902602257292119
6020.0,633103.0,0.9864958472499238
6021.0,636374.0,0.9915845011419059
6022.0,639762.0,0.996854752921877
6023.0,637080.0,0.9926662953427804
6024.0,634920.0,0.9892906108287214
6025.0,635969.0,0.990914325222681
6026.0,636379.0,0.9915416885686692
6027.0,636794.0,0.9921761203989851
6028.0,636540.0,0.9917674693080067
6029.0,636901.0,0.9923162809773044
6030.0,637862.0,0.9937991270213613
6031.0,635502.0,0.9901070591002735
6032.0,634233.0,0.9881140564563521
6033.0,634790.0,0.9889651108358058
6034.0,636994.0,0.9923811919865362
6035.0,639321.0,0.9959879221006971
6036.0,636314.0,0.991284056688053
6037.0,631880.0,0.9843564865694711
6038.0,633044.0,0.9861488148710392
6039.0,638004.0,0.9938533898377968
6040.0,638054.0,0.9939082848097099
6041.0,634250.0,0.987958923945589
6042.0,633151.0,0.9862223121771019
6043.0,635598.0,0.9900080629117638
6044.0,636034.0,0.9906603613610304
6045.0,634956.0,0.9889535276604232
6046.0,636661.0,0.9915801958179855
6047.0,637868.0,0.9934300576452869
6048.0,634157.0,0.9876195675196482
6049.0,631036.0,0.9827271838288261
6050.0,633900.0,0.9871542951889709
6051.0,638089.0,0.9936432997718416
6052.0,636316.0,0.9908469064793597
6053.0,631570.0,0.9834202886888708
6054.0,631414.0,0.9831398984844121
6055.0,634307.0,0.9876055905359288
6056.0,632767.0,0.9851678924649029
6057.0,626452.0,0.9752951911762829
6058.0,621184.0,0.9670520606016313
6059.0,619864.0,0.9649543477380663
6060.0,625961.0,0.974401240474568
6061.0,635493.0,0.9891928223552522
6062.0,642722.0,1.0003970663622057
6063.0,644389.0,1.002942045735001
6064.0,640312.0,0.9965457655222557
6065.0,639359.0,0.9950105375876414
6066.0,642132.0,0.9992724081159543
6067.0,643253.0,1.00096173784693
6068.0,643090.0,1.000651537276049
6069.0,642196.0,0.9992025504051855
6070.0,640087.0,0.9958619458580831
6071.0,639177.0,0.9943855856716781
6072.0,642345.0,0.9992517800156592
6073.0,644978.0,1.003283635089577
6074.0,641692.0,0.998106841009389
6075.0,638134.0,0.992506135594746
6076.0,640217.0,0.995677622598695
6077.0,642805.0,0.9996324211994781
6078.0,643552.0,1.0007223040827802
6079.0,643246.0,1.000173113810845
6080.0,640357.0,0.9956064015888545
6081.0,639322.0,0.9939210520138176
6082.0,642830.0,0.9992965165493151
6083.0,644804.0,1.002284996301234
6084.0,642732.0,0.9989827326773555
6085.0,641600.0,0.9971402883158189
6086.0,640477.0,0.9953105528409675
6087.0,640197.0,0.994789500459673
6088.0,642592.0,0.9984232856480397
6089.0,642439.0,0.9980963511631425
6090.0,641864.0,0.9971124568054288
6091.0,641694.0,0.9967564144838738
6092.0,641397.0,0.9962017955274919
6093.0,641863.0,0.9968308850855655
6094.0,641102.0,0.9955531489318589
6095.0,642208.0,0.9971733109329765
6096.0,643369.0,0.9988772871346573
6097.0,642555.0,0.9975136713141367
6098.0,640636.0,0.9944338882773155
6099.0,637951.0,0.9901646650670844
6100.0,638970.0,0.9916435893785801
6101.0,642141.0,0.9964605437829552
6102.0,643942.0,0.9991497117230859
6103.0,641922.0,0.9959091904251796
6104.0,639726.0,0.9923953422195142
6105.0,639767.0,0.9923511347668614
6106.0,640362.0,0.9931652323816333
6107.0,640286.0,0.9929376873833302
6108.0,640547.0,0.9932318822186357
6109.0,641556.0,0.9946848993797226
6110.0,641342.0,0.9942408340975971
6111.0,639531.0,0.9913206345618699
6112.0,638137.0,0.9890466767509356
6113.0,638631.0,0.9896984124303341
6114.0,640569.0,0.992586867197276
6115.0,641802.0,0.9943817187009236
6116.0,640094.0,0.9916194161750419
6117.0,636818.0,0.9864283668143926
6118.0,634274.0,0.9823717373356908
6119.0,631250.0,0.9775722259138645
6120.0,624118.0,0.9664123774170099
6121.0,618832.0,0.9581128494736123
6122.0,625871.0,0.9688949320749359
6123.0,640091.0,0.9907894474853268
6124.0,646535.0,1.000643421047171
6125.0,647496.0,1.0020096798142655
6126.0,648763.0,1.0038488098862492
6127.0,649272.0,1.0045145140900023
6128.0,649235.0,1.0043352054779582
6129.0,650335.0,1.005914427844256
6130.0,651089.0,1.006958000528751
6131.0,649768.0,1.0047924494260465
6132.0,647599.0,1.001316166288284
6133.0,647184.0,1.0005523799055198
6134.0,647582.0,1.0010455130863534
6135.0,647528.0,1.0008399140478152
6136.0,648135.0,1.0016559495676756
6137.0,648823.0,1.0025970307986984
6138.0,648533.0,1.0020269190234001
6139.0,647809.0,1.0007866126581513
6140.0,647536.0,1.0002434401789622
6141.0,647678.0,1.0003415778926767
6142.0,647624.0,1.000137247236625
6143.0,647930.0,1.0004891274080903
6144.0,649241.0,1.0023928950844407
6145.0,649463.0,1.002615390109353
6146.0,647820.0,0.9999594351201184
6147.0,646505.0,0.9978107507308787
6148.0,646716.0,0.9980179498527664
6149.0,646443.0,0.9974787431673302
6150.0,646037.0,0.996734965548825
6151.0,646813.0,0.9978153240287599
6152.0,647541.0,0.9988219560249663
6153.0,647102.0,0.9980290814870659
6154.0,646881.0,0.9975732042463903
6155.0,647142.0,0.9978613144021677
6156.0,646971.0,0.9974840064372499
6157.0,646410.0,0.9965062865500393
6158.0,645371.0,0.9947927431106744
6159.0,645224.0,0.9944551728445449
6160.0,646315.0,0.9960263621339078
6161.0,645737.0,0.9950262713358918
6162.0,645008.0,0.9937946326711173
6163.0,645448.0,0.9943651180814163
6164.0,644961.0,0.9935084648123241
6165.0,644266.0,0.9923326028384021
6166.0,642926.0,0.9901646425807145
6167.0,641216.0,0.9874284030817775
6168.0,642797.0,0.9897611922972359
6169.0,646292.0,0.9950414346806032
6170.0,648281.0,0.9980033241431451
6171.0,648698.0,0.9985460085669563
6172.0,648886.0,0.9987373312381818
6173.0,648234.0,0.9976370950483794
6174.0,648294.0,0.9976340151513715
6175.0,647844.0,0.9968474990302653
6176.0,646600.0,0.9948408429960228
6177.0,647232.0,0.995722023183212
6178.0,648270.0,0.997228992067465
6179.0,647578.0,0.9960761175117533
6180.0,646866.0,0.9948941522135405
6181.0,646637.0,0.9944566895369228
6182.0,645916.0,0.9932642516062031
6183.0,645158.0,0.9920166790297125
6184.0,645406.0,0.9923176337544255
6185.0,645392.0,0.9922173663071177
6186.0,644210.0,0.9903232392856176
6187.0,642211.0,0.9871752331827562
6188.0,640095.0,0.983849575341495
6189.0,636597.0,0.9784021091683744
6190.0,630618.0,0.9691443369185784
6191.0,630030.0,0.9681740365367796
6192.0,638769.0,0.9815376123660955
6193.0,647524.0,0.9949258650315567
6194.0,650899.0,1.000048424277011
6195.0,650617.0,0.9995539920472335
6196.0,650212.0,0.998872651699881
6197.0,651313.0,1.0005068339415546
6198.0,653040.0,1.0031044569028236
6199.0,653383.0,1.0035781058267463
6200.0,652278.0,1.0018298567550772
