wave,flux,norm
3800.0,223365.0,0.9658272925984266
3801.0,226425.0,0.9766442993068651
3802.0,227164.0,0.9774180764953263
3803.0,226946.0,0.974077119049064
3804.0,228368.0,0.9777709969200515
3805.0,230546.0,0.9846723416893841
3806.0,231423.0,0.9859935488161785
3807.0,231617.0,0.9844021720645018
3808.0,232493.0,0.9857068365480127
3809.0,232479.0,0.9832377856716982
3810.0,229927.0,0.9700697112675635
3811.0,225622.0,0.9495848177956003
3812.0,221357.0,0.9293646248729441
3813.0,219205.0,0.918089699720908
3814.0,217495.0,0.9087134334811764
3815.0,212752.0,0.8867385160922135
3816.0,209948.0,0.8729294795805592
3817.0,214074.0,0.8879287007761484
3818.0,215475.0,0.891577445667061
3819.0,208519.0,0.8607105019632822
3820.0,200112.0,0.8240150870995543
3821.0,199528.0,0.8196297775242962
3822.0,202613.0,0.8302986403748085
3823.0,199486.0,0.8155186238549955
3824.0,191218.0,0.7798408521329433
3825.0,182280.0,0.7416061025857272
3826.0,176723.0,0.7172750708591094
3827.0,175759.0,0.711655730151607
3828.0,175278.0,0.7080123593641456
3829.0,173307.0,0.6983802190628652
3830.0,170538.0,0.6855840989760112
3831.0,167053.0,0.6699755474931217
3832.0,162748.0,0.6511586271070414
3833.0,162431.0,0.6483475769728314
3834.0,165770.0,0.6601066736733496
3835.0,171425.0,0.6810091371211259
3836.0,178294.0,0.7066225506040558
3837.0,177404.0,0.7014351927257471
3838.0,169547.0,0.6687888660263517
3839.0,168432.0,0.6628262792761085
3840.0,172050.0,0.6754720637154005
3841.0,174817.0,0.6847237626442965
3842.0,179066.0,0.6997216574110648
3843.0,181528.0,0.7076812429380721
3844.0,179518.0,0.6982088965454456
3845.0,173229.0,0.6721755839134186
3846.0,165845.0,0.642023201912873
3847.0,163274.0,0.6305986438362859
3848.0,162238.0,0.6251405955342226
3849.0,157795.0,0.6066091246470415
3850.0,159458.0,0.6115811144327561
3851.0,171595.0,0.6566076065749923
3852.0,179573.0,0.6855471439478407
3853.0,174169.0,0.6633819311879865
3854.0,171128.0,0.6502971295341559
3855.0,180462.0,0.6841888712376538
3856.0,182748.0,0.6912638560105869
3857.0,174148.0,0.6572221472727121
3858.0,165260.0,0.6222507642003705
3859.0,155376.0,0.5836965583033193
3860.0,147594.0,0.5531958621471067
3861.0,150734.0,0.5636765812619579
3862.0,174559.0,0.651285018908616
3863.0,199354.0,0.7421050809103537
3864.0,198644.0,0.737783684843723
3865.0,182836.0,0.6775322811536975
3866.0,165240.0,0.6109415994069622
3867.0,145019.0,0.5349672517236758
3868.0,122068.0,0.44928658748473776
3869.0,99217.6,0.36436045323442345
3870.0,78168.9,0.28641711742876746
3871.0,69578.3,0.25436819082333706
3872.0,89079.7,0.3249326269212663
3873.0,126406.0,0.4600546516652281
3874.0,156423.0,0.568029756992275
3875.0,173230.0,0.6276592043368336
3876.0,174091.0,0.6293743237467988
3877.0,158427.0,0.5714725743385947
3878.0,144045.0,0.5184411527605837
3879.0,132092.0,0.4743670078631736
3880.0,110819.0,0.3970913869352388
3881.0,86489.2,0.3092274240310837
3882.0,81455.5,0.2905882334188995
3883.0,119392.0,0.42498728402933605
3884.0,188051.0,0.6679147983097375
3885.0,239094.0,0.8473452950001842
3886.0,254515.0,0.9000218903130573
3887.0,256301.0,0.9043562775487093
3888.0,241530.0,0.8503770499623445
3889.0,206369.0,0.7249995388210885
3890.0,194347.0,0.6812798814957199
3891.0,213932.0,0.7483065753008726
3892.0,228378.0,0.7971054888880752
3893.0,232180.0,0.808622284695012
3894.0,229726.0,0.7983476612583964
3895.0,212742.0,0.7377306006107467
3896.0,214235.0,0.7413090235332501
3897.0,224955.0,0.7767306932797943
3898.0,230093.0,0.7927674878968825
3899.0,245109.0,0.8426960288181772
3900.0,246817.0,0.8467548299360425
3901.0,217892.0,0.7459272699298727
3902.0,197201.0,0.6736565902563656
3903.0,226372.0,0.7716637074817646
3904.0,260799.0,0.8871332888529929
3905.0,257981.0,0.8756890816135651
3906.0,248915.0,0.8431293632532044
3907.0,251841.0,0.8512403282220142
3908.0,252560.0,0.8518725272278992
3909.0,243376.0,0.8191694776220781
3910.0,217476.0,0.73045758366543
3911.0,221906.0,0.7437758092690456
3912.0,261112.0,0.8733551014054114
3913.0,272291.0,0.9088454405197743
3914.0,252728.0,0.8417914573655528
3915.0,241856.0,0.8039038734130369
3916.0,258640.0,0.8579080532413328
3917.0,287346.0,0.9511515163026687
3918.0,294445.0,0.9726350777932307
3919.0,265823.0,0.8762765643286566
3920.0,210465.0,0.6923618453219077
3921.0,185143.0,0.6078086082832238
3922.0,223902.0,0.733542932810581
3923.0,274685.0,0.898074224993423
3924.0,300146.0,0.9793124658499798
3925.0,307044.0,0.999775489799765
3926.0,298614.0,0.9703466199314924
3927.0,269117.0,0.8727190247989167
3928.0,244661.0,0.7918015603231459
3929.0,253698.0,0.81938623873785
3930.0,260263.0,0.8388914934220647
3931.0,236726.0,0.7614874992230642
3932.0,191681.0,0.6153483897118001
3933.0,153694.0,0.49240882173268824
3934.0,151983.0,0.48595109013667753
3935.0,180496.0,0.5759642067191321
3936.0,227062.0,0.7231101664079526
3937.0,277709.0,0.882640375940971
3938.0,303886.0,0.9639179952024812
3939.0,309791.0,0.9806984440933565
3940.0,310107.0,0.9797545505398729
3941.0,307142.0,0.9684689345675469
3942.0,291729.0,0.918054777699313
3943.0,257084.0,0.8074363277162676
3944.0,237794.0,0.7453840827566417
3945.0,254499.0,0.796183237466756
3946.0,271206.0,0.8467899867643228
3947.0,280762.0,0.8749152031109827
3948.0,294155.0,0.9148646173123618
3949.0,306678.0,0.9519583037330739
3950.0,310613.0,0.9623019984304378
3951.0,296649.0,0.9172608392762328
3952.0,267843.0,0.8265901369259948
3953.0,263919.0,0.8129096527766648
3954.0,295247.0,0.9076545195626862
3955.0,319904.0,0.9815670293723557
3956.0,327807.0,1.0038885010431242
3957.0,330076.0,1.0089041859102574
3958.0,329556.0,1.0053925783835334
3959.0,325935.0,0.9924523945042475
3960.0,315517.0,0.9589046830060021
3961.0,289413.0,0.877902852862897
3962.0,260806.0,0.7896297690721983
3963.0,265010.0,0.8008431522713861
3964.0,296188.0,0.893374793560913
3965.0,316998.0,0.9543453268540472
3966.0,312449.0,0.9388857004077864
3967.0,278069.0,0.834012348806538
3968.0,230680.0,0.6905862607736551
3969.0,227275.0,0.6791246714982362
3970.0,262989.0,0.7843809577772746
3971.0,276770.0,0.8239518922111774
3972.0,269317.0,0.8002796267954605
3973.0,267158.0,0.7923974986005698
3974.0,270456.0,0.8007007244068718
3975.0,290159.0,0.8574525669629809
3976.0,319660.0,0.9428977136837335
3977.0,336971.0,0.9921396674905003
3978.0,342283.0,1.005938402643554
3979.0,344378.0,1.0102503305774695
3980.0,345716.0,1.0123306767377027
3981.0,336200.0,0.9826790942906278
3982.0,313321.0,0.9141477097624449
3983.0,304531.0,0.886896658386838
3984.0,319905.0,0.9299914408207874
3985.0,318235.0,0.9234726871085946
3986.0,283924.0,0.8224285595023534
3987.0,267343.0,0.7730127153896003
3988.0,299083.0,0.8632430058740244
3989.0,335502.0,0.9666332966319103
3990.0,349405.0,1.0048999585043878
3991.0,351043.0,1.007819795375114
3992.0,346055.0,0.9917411393710358
3993.0,330725.0,0.9461339763439796
3994.0,315228.0,0.9002115755730717
3995.0,323426.0,0.9219995514152748
3996.0,343970.0,0.9788453928167993
3997.0,351606.0,0.9988248713129487
3998.0,343596.0,0.9743668218352097
3999.0,313062.0,0.8862328483351406
4000.0,261887.0,0.7400759829850059
4001.0,237446.0,0.6698443413770493
4002.0,274899.0,0.7741598491461241
4003.0,327717.0,0.9213119110440705
4004.0,349061.0,0.9796277067740741
4005.0,338952.0,0.9496241096671353
4006.0,318166.0,0.8898624565990931
4007.0,318371.0,0.8889144938869122
4008.0,341319.0,0.9513626681008336
4009.0,358209.0,0.9967427256365277
4010.0,362365.0,1.0065968139878219
4011.0,362848.0,1.00623299529876
4012.0,361744.0,1.0014780984609795
4013.0,355265.0,0.9818850081206977
4014.0,337671.0,0.9316908749948364
4015.0,301793.0,0.8313021433778639
4016.0,253093.0,0.6959905120831809
4017.0,224241.0,0.6156210231103292
4018.0,241466.0,0.6618071151799535
4019.0,275363.0,0.7534593736178288
4020.0,303643.0,0.8294651222921813
4021.0,335086.0,0.913847078435308
4022.0,359049.0,0.9775863832609949
4023.0,364298.0,0.9902484607530387
4024.0,348553.0,0.9458972663031653
4025.0,314489.0,0.8520599466915691
4026.0,290908.0,0.7868857692526823
4027.0,296861.0,0.8016823058886372
4028.0,315079.0,0.8495002800674863
4029.0,327954.0,0.8827824818588349
4030.0,325298.0,0.8742198510142104
4031.0,318789.0,0.8553480811611549
4032.0,312573.0,0.8373231475859869
4033.0,285227.0,0.7628447113786159
4034.0,247337.0,0.6604504722684634
4035.0,235010.0,0.6265344572648639
4036.0,252299.0,0.6715577895350284
4037.0,276168.0,0.7339259638347919
4038.0,295202.0,0.7832691464925549
4039.0,293806.0,0.7783357953783548
4040.0,284012.0,0.7512066864569162
4041.0,306566.0,0.8095896470642281
4042.0,334787.0,0.8827333615197072
4043.0,333958.0,0.8791735117930971
4044.0,327124.0,0.8598421546586648
4045.0,322384.0,0.8460678236895044
4046.0,305149.0,0.7995963776065956
4047.0,283598.0,0.7419779365473739
4048.0,281676.0,0.7358146430383746
4049.0,295674.0,0.7711951069247895
4050.0,310671.0,0.8090701619724306
4051.0,326296.0,0.8484638708950408
4052.0,331666.0,0.8611136737642773
4053.0,331322.0,0.8589136980341467
4054.0,333684.0,0.8637263199938208
4055.0,329171.0,0.8507572293629411
4056.0,322333.0,0.8318288070843785
4057.0,317700.0,0.8186406388661135
4058.0,313149.0,0.8057045347997316
4059.0,322562.0,0.8286830776835973
4060.0,349733.0,0.8971481447771983
4061.0,373570.0,0.9568715019857367
4062.0,378428.0,0.9678783230826663
4063.0,365824.0,0.9342591564270084
4064.0,336777.0,0.858809927329672
4065.0,289598.0,0.737414119321177
4066.0,252329.0,0.6415730477672315
4067.0,275154.0,0.6985855928365013
4068.0,332730.0,0.843533625473989
4069.0,367913.0,0.9313737940988873
4070.0,378873.0,0.9577293004073372
4071.0,379118.0,0.9569639002585274
4072.0,373829.0,0.9422539542971123
4073.0,358117.0,0.9013543165769796
4074.0,329048.0,0.8270033762950947
4075.0,318291.0,0.7988249194826347
4076.0,347695.0,0.8713782311585384
4077.0,379869.0,0.9506593548880681
4078.0,391960.0,0.979529298361536
4079.0,394825.0,0.9852960268380818
4080.0,393625.0,0.9809185877991548
4081.0,386475.0,0.9617488968987029
4082.0,364294.0,0.905282462785506
4083.0,317340.0,0.7874998899288794
4084.0,261604.0,0.6482842308408836
4085.0,260432.0,0.6444847045787285
4086.0,325291.0,0.8038764488831328
4087.0,381802.0,0.942228516653545
4088.0,404625.0,0.9971795030722492
4089.0,410412.0,1.0100550987175856
4090.0,408220.0,1.003287671811662
4091.0,406314.0,0.9972429288501473
4092.0,403181.0,0.9882094826291927
4093.0,390514.0,0.9558662921297485
4094.0,363903.0,0.8895278574655191
4095.0,328114.0,0.8009655834598179
4096.0,306301.0,0.7467143101872327
4097.0,325968.0,0.7935965513058596
4098.0,372465.0,0.9055882646376865
4099.0,400058.0,0.9713831097440783
4100.0,401820.0,0.9743683246873107
4101.0,391090.0,0.9470961629337926
4102.0,372539.0,0.9009829991305617
4103.0,345739.0,0.8350691265579546
4104.0,312564.0,0.7539523945676317
4105.0,299983.0,0.7226603449631024
4106.0,317064.0,0.7628142796471542
4107.0,339974.0,0.8168711613717173
4108.0,347666.0,0.8342721161685608
4109.0,333379.0,0.7989563544226771
4110.0,333414.0,0.7980123377641543
4111.0,362271.0,0.8659681975910918
4112.0,388454.0,0.9273682033676066
4113.0,402470.0,0.9596038222146929
4114.0,412567.0,0.9824272656070722
4115.0,418952.0,0.9963668176901118
4116.0,419812.0,0.9971500093253391
4117.0,412665.0,0.9789387763166498
4118.0,392907.0,0.9308966847470738
4119.0,366132.0,0.8663727692446871
4120.0,360055.0,0.8509281628591294
4121.0,377054.0,0.8899919895592037
4122.0,384301.0,0.9059705769189641
4123.0,371418.0,0.8745146512840682
4124.0,350195.0,0.8235257238116803
4125.0,334670.0,0.7860471737361157
4126.0,331188.0,0.7769132384347975
4127.0,338358.0,0.7927604514223323
4128.0,349591.0,0.8180782662338386
4129.0,359388.0,0.8399796136438404
4130.0,368676.0,0.860641081597678
4131.0,375282.0,0.8750007655840206
4132.0,365890.0,0.8520717834739305
4133.0,341355.0,0.7939776935425013
4134.0,325084.0,0.7552234250066088
4135.0,338027.0,0.784351081981082
4136.0,362664.0,0.8405125969336318
4137.0,367758.0,0.8513026578129661
4138.0,358731.0,0.8294195195354579
4139.0,358285.0,0.827406345642903
4140.0,366154.0,0.8445789774510591
4141.0,362709.0,0.8356462281900439
4142.0,351844.0,0.8096611209733939
4143.0,357120.0,0.820838430680625
4144.0,365776.0,0.8397508283122185
4145.0,358196.0,0.8213892943812041
4146.0,356120.0,0.8156786232158493
4147.0,369787.0,0.8459994776554615
4148.0,360872.0,0.824648177936613
4149.0,321456.0,0.7337285690064844
4150.0,308410.0,0.7031403597620159
4151.0,344434.0,0.7843692725692171
4152.0,372943.0,0.8483191853817211
4153.0,365328.0,0.8300482609995802
4154.0,352431.0,0.7998329997903452
4155.0,365447.0,0.8284298082572427
4156.0,383614.0,0.8686266005918108
4157.0,378577.0,0.8562518358699654
4158.0,363597.0,0.8214430149082803
4159.0,366272.0,0.8265553996363966
4160.0,385348.0,0.8686277214863278
4161.0,396373.0,0.8924793821740203
4162.0,385188.0,0.8663265922040436
4163.0,370971.0,0.8334217585802256
4164.0,366517.0,0.8225005100587589
4165.0,367370.0,0.8235009687618964
4166.0,358512.0,0.80275622782446
4167.0,333547.0,0.7460325323261476
4168.0,332750.0,0.7434310658915741
4169.0,358344.0,0.7997345477901742
4170.0,382096.0,0.8518094421766786
4171.0,399753.0,0.8901989551675592
4172.0,394941.0,0.8785249598408054
4173.0,386045.0,0.8578028557781744
4174.0,391288.0,0.8685101303246207
4175.0,393324.0,0.8720848336840492
4176.0,396747.0,0.8787250004637195
4177.0,393969.0,0.8716327424312442
4178.0,379520.0,0.8387632838764403
4179.0,372136.0,0.8215628334358489
4180.0,357810.0,0.7890908683693625
4181.0,336857.0,0.7420901176841964
4182.0,328599.0,0.7231275596618818
4183.0,322914.0,0.709862484640349
4184.0,327620.0,0.7194448267575231
4185.0,338765.0,0.7431327763622588
4186.0,324394.0,0.710857483159941
4187.0,310530.0,0.6797608962232128
4188.0,312689.0,0.6837685838143995
4189.0,318511.0,0.6957703706352317
4190.0,343952.0,0.7505598233320707
4191.0,367690.0,0.8015235552914831
4192.0,360286.0,0.7845666915401398
4193.0,353248.0,0.7684421964382031
4194.0,340959.0,0.740941061889798
4195.0,316918.0,0.6879857062466109
4196.0,319527.0,0.6929343021119699
4197.0,339064.0,0.7345462560099368
4198.0,349175.0,0.7556741273097848
4199.0,358361.0,0.7747597696588255
4200.0,367564.0,0.7938439912587391
4201.0,364856.0,0.7871917093598878
4202.0,377252.0,0.8131082071747882
4203.0,397783.0,0.8564888826068985
4204.0,392235.0,0.843687295638072
4205.0,363388.0,0.7808476931681074
4206.0,346143.0,0.7430410583301819
4207.0,352197.0,0.7552753985990602
4208.0,373835.0,0.8008717706326904
4209.0,381328.0,0.8161048682051492
4210.0,363032.0,0.7761708498596805
4211.0,341578.0,0.7295723276340536
4212.0,331304.0,0.7069229345832754
4213.0,331859.0,0.7074028512709899
4214.0,334259.0,0.7118115094968922
4215.0,334694.0,0.7120317920584827
4216.0,338213.0,0.7188068091084394
4217.0,349134.0,0.7412851789450622
4218.0,369152.0,0.7830158257473858
4219.0,406963.0,0.8623691853623167
4220.0,444044.0,0.9400222683432513
4221.0,443151.0,0.9372135054663182
4222.0,418187.0,0.8835534618155967
4223.0,390501.0,0.8242534642219271
4224.0,382505.0,0.8065901110453458
4225.0,395468.0,0.8331152507168296
4226.0,396580.0,0.8346479187078597
4227.0,398013.0,0.8368533062580745
4228.0,416514.0,0.8749073259094035
4229.0,417077.0,0.8752454329037945
4230.0,383939.0,0.8049294019270395
4231.0,359185.0,0.7523093937715043
4232.0,375628.0,0.7859949540939134
4233.0,423996.0,0.8863552821388765
4234.0,462113.0,0.9651155357845919
4235.0,437669.0,0.9131932862414419
4236.0,346621.0,0.7225341045434054
4237.0,281051.0,0.5852964923823407
4238.0,292189.0,0.6079147749231363
4239.0,330636.0,0.6872547711218989
4240.0,364230.0,0.7563675024817235
4241.0,370714.0,0.7691063278809063
4242.0,320745.0,0.6648111043365807
4243.0,274511.0,0.5684467817003788
4244.0,313302.0,0.648165080811696
4245.0,395304.0,0.8170465148138967
4246.0,431491.0,0.8910070218850893
4247.0,386647.0,0.7976613310134718
4248.0,306567.0,0.6318652897095202
4249.0,282174.0,0.5810479552231853
4250.0,342740.0,0.7051091400699684
4251.0,408235.0,0.8390716237246781
4252.0,407359.0,0.8364963134990899
4253.0,357809.0,0.7340684520531899
4254.0,318221.0,0.6522489393843323
4255.0,310910.0,0.6366769667330859
4256.0,356287.0,0.7289285794211074
4257.0,422048.0,0.8626766617261825
4258.0,412945.0,0.8432964206683173
4259.0,372115.0,0.7592201068294021
4260.0,379583.0,0.77374951468971
4261.0,375360.0,0.7644434514513734
4262.0,352591.0,0.7174191375803926
4263.0,342044.0,0.6953263533006946
4264.0,310247.0,0.6301151108224391
4265.0,303389.0,0.6156279557087204
4266.0,331451.0,0.6719618818803088
4267.0,325803.0,0.6599146699913743
4268.0,317097.0,0.6417011691089768
4269.0,312749.0,0.6323320709211001
4270.0,280414.0,0.56644550924857
4271.0,276230.0,0.5574925069182048
4272.0,305877.0,0.6167729711640834
4273.0,303659.0,0.6117522270576861
4274.0,270316.0,0.5440923371924384
4275.0,264317.0,0.5315424696476048
4276.0,290595.0,0.5838665343901052
4277.0,333520.0,0.6695152164840193
4278.0,355589.0,0.7131823037623483
4279.0,301641.0,0.6044450505977395
4280.0,229386.0,0.45924888779143896
4281.0,259668.0,0.5194155200676202
4282.0,347788.0,0.6950673609632803
4283.0,390525.0,0.7797896751060223
4284.0,355853.0,0.7099309794247506
4285.0,268695.0,0.5355776604253539
4286.0,228463.0,0.4549845267238499
4287.0,284534.0,0.5661523452684438
4288.0,347091.0,0.6900195340712943
4289.0,348638.0,0.6924878268757049
4290.0,345908.0,0.6864642271203619
4291.0,351901.0,0.6977473180620081
4292.0,366258.0,0.7255805788222027
4293.0,385506.0,0.7630465045741587
4294.0,366489.0,0.724774025181596
4295.0,324293.0,0.640769059741946
4296.0,274945.0,0.5427908706455475
4297.0,216131.0,0.4263114364082534
4298.0,193673.0,0.3816828716493529
4299.0,171256.0,0.3372123813965247
4300.0,142629.0,0.2806015904952571
4301.0,150499.0,0.2958291229466706
4302.0,162865.0,0.3198604452939671
4303.0,154029.0,0.30224642260533535
4304.0,145820.0,0.2858920638846733
4305.0,152882.0,0.29948020590580504
4306.0,175814.0,0.34410612947599883
4307.0,179701.0,0.3514123778697605
4308.0,143409.0,0.2802018456981397
4309.0,106987.0,0.20885940176874182
4310.0,89461.4,0.17449683503752997
4311.0,84283.8,0.16425750435504627
4312.0,100711.0,0.19610454931888086
4313.0,156111.0,0.3037206428364409
4314.0,249796.0,0.4855754492126029
4315.0,363684.0,0.7063602636911688
4316.0,457411.0,0.8876461575423628
4317.0,493499.0,0.9568660319951482
4318.0,496017.0,0.9609336145201739
4319.0,509070.0,0.9853866276811125
4320.0,509158.0,0.9847238014200583
4321.0,460193.0,0.889272656960193
4322.0,360919.0,0.6968480728783524
4323.0,243656.0,0.47004479894032547
4324.0,190017.0,0.366259361382833
4325.0,221557.0,0.4266937054491246
4326.0,277239.0,0.5334821734741712
4327.0,307907.0,0.591998108118382
4328.0,307377.0,0.59048331285903
4329.0,311466.0,0.5978369372150598
4330.0,341807.0,0.6555249374010647
4331.0,370649.0,0.7102440255529072
4332.0,362651.0,0.6943372231943102
4333.0,335924.0,0.6426281293368425
4334.0,327922.0,0.626796692556481
4335.0,358946.0,0.6855245513249544
4336.0,391966.0,0.747963407106105
4337.0,366011.0,0.6978538090318377
4338.0,317641.0,0.6051256050834712
4339.0,320583.0,0.6102227833785558
4340.0,366262.0,0.6965928907973242
4341.0,371473.0,0.7059175208975375
4342.0,341444.0,0.6483149104459565
4343.0,333944.0,0.6335490814043033
4344.0,376857.0,0.7143706113704589
4345.0,419020.0,0.7936378842931249
4346.0,397524.0,0.752301461991408
4347.0,358878.0,0.6786042373491386
4348.0,358676.0,0.6776625563460239
4349.0,399786.0,0.7547106043748437
4350.0,390983.0,0.7374841627219615
4351.0,317252.0,0.5979176812431268
4352.0,245622.0,0.46253727992317745
4353.0,216514.0,0.4073879293109878
4354.0,220246.0,0.41406940083522864
4355.0,224031.0,0.4208394040178218
4356.0,236264.0,0.44345467334528815
4357.0,264304.0,0.4956773259277765
4358.0,273282.0,0.5120946094493443
4359.0,264228.0,0.4947229941726709
4360.0,288328.0,0.5394042689191839
4361.0,330763.0,0.618285409942624
4362.0,316849.0,0.5917920750620196
4363.0,277711.0,0.5182685116118309
4364.0,302780.0,0.5645911514172446
4365.0,345341.0,0.643428610668447
4366.0,317017.0,0.5901743350644263
4367.0,288170.0,0.5360339172528777
4368.0,326103.0,0.6060999183474668
4369.0,342043.0,0.6352084310022269
4370.0,295936.0,0.549135659096393
4371.0,254494.0,0.47185208225453873
4372.0,249057.0,0.46139590917339585
4373.0,270758.0,0.5011908319408565
4374.0,296528.0,0.5484468336974707
4375.0,311919.0,0.5764449346995372
4376.0,306477.0,0.5659280525818507
4377.0,297422.0,0.5487618630230338
4378.0,307699.0,0.5672631505730318
4379.0,321943.0,0.5930417720470653
4380.0,314590.0,0.5790274769580599
4381.0,307069.0,0.5647267290909305
4382.0,313345.0,0.5758022962690728
4383.0,325243.0,0.5971823690816157
4384.0,330782.0,0.6068612701262265
4385.0,314039.0,0.5756782316911963
4386.0,304347.0,0.5574604329808672
4387.0,313926.0,0.5745412807861301
4388.0,334689.0,0.6120465375485031
4389.0,329775.0,0.6025733389955034
4390.0,310345.0,0.5666126052605983
4391.0,311438.0,0.5681493216641756
4392.0,315773.0,0.5755928734450857
4393.0,319110.0,0.5812065002666728
4394.0,329596.0,0.5998210759534206
4395.0,336176.0,0.6113027337775825
4396.0,332709.0,0.6045108847894596
4397.0,333517.0,0.6054908609196518
4398.0,328615.0,0.5961109984055053
4399.0,315941.0,0.5726588346413332
4400.0,329037.0,0.5959159733224764
4401.0,363923.0,0.6585673437402602
4402.0,373510.0,0.6753725433592924
4403.0,348603.0,0.6298292782362641
4404.0,336078.0,0.6067118015120132
4405.0,342576.0,0.6179452508687088
4406.0,350436.0,0.6316151736622008
4407.0,369195.0,0.6648910591912935
4408.0,384904.0,0.692624759106382
4409.0,386075.0,0.6941738249061263
4410.0,399500.0,0.7177353897258542
4411.0,434499.0,0.7799871290967363
4412.0,453270.0,0.8130303547417919
4413.0,438505.0,0.7859148814494223
4414.0,425503.0,0.7619997217067427
4415.0,415654.0,0.7437644510768749
4416.0,408792.0,0.7308986288038494
4417.0,419615.0,0.7496475166675337
4418.0,440392.0,0.7861345802750022
4419.0,469653.0,0.8376951251871543
4420.0,480853.0,0.8569838814123586
4421.0,458333.0,0.8161930885211588
4422.0,465331.0,0.8279903117971604
4423.0,508781.0,0.9045772425600954
4424.0,519479.0,0.9228567415478593
4425.0,494268.0,0.8773650327729846
4426.0,474818.0,0.8421637565239537
4427.0,471572.0,0.8357356664028391
4428.0,478676.0,0.847645261057853
4429.0,478030.0,0.845822432883264
4430.0,474038.0,0.8380863455248677
4431.0,501926.0,0.8866798907062954
4432.0,531496.0,0.9381639033605191
4433.0,531095.0,0.9367042171033325
4434.0,516354.0,0.9099747487642176
4435.0,496132.0,0.8736360639905937
4436.0,498594.0,0.8772671434981765
4437.0,530655.0,0.9329289262943163
4438.0,545724.0,0.95865162370128
4439.0,522635.0,0.9173555314092408
4440.0,491423.0,0.8618785651923605
4441.0,485968.0,0.8516274495538573
4442.0,514752.0,0.9013456458671734
4443.0,557236.0,0.9749532625146828
4444.0,580341.0,1.0145633143323134
4445.0,572294.0,0.999692246917903
4446.0,550808.0,0.9613877097463486
4447.0,522642.0,0.9114939694296524
4448.0,504693.0,0.8794839463445516
4449.0,515401.0,0.8974226313358159
4450.0,537341.0,0.9348735088652386
4451.0,550273.0,0.9566039862873091
4452.0,544622.0,0.9460198977062576
4453.0,530409.0,0.9205917718607938
4454.0,523440.0,0.9077666789802747
4455.0,526305.0,0.9120023741831198
4456.0,541785.0,0.9380729568057176
4457.0,560552.0,0.9697878545980176
4458.0,579241.0,1.001316467981028
4459.0,583396.0,1.0076896114407943
4460.0,575009.0,0.992405797228701
4461.0,561594.0,0.9684751399981579
4462.0,544377.0,0.9380310426605263
4463.0,544378.0,0.9372803163446414
4464.0,555810.0,0.9561958258489424
4465.0,561933.0,0.9659544663686191
4466.0,573568.0,0.9851644719119744
4467.0,575078.0,0.9869664203869973
4468.0,549927.0,0.9430452940608092
4469.0,516533.0,0.8850698858395795
4470.0,503471.0,0.8619975585982307
4471.0,515669.0,0.8821750910735655
4472.0,528193.0,0.9028772540423569
4473.0,524267.0,0.895449327637697
4474.0,520203.0,0.8877974449380299
4475.0,538438.0,0.9181833545035641
4476.0,557055.0,0.9491713008831714
4477.0,554646.0,0.9443116672270855
4478.0,560227.0,0.9530520054731886
4479.0,577747.0,0.9820724023051282
4480.0,588232.0,0.9990974582701937
4481.0,590965.0,1.0029390213773233
4482.0,580008.0,0.9835591412041126
4483.0,570640.0,0.9669023257825412
4484.0,576508.0,0.9760673991679857
4485.0,575538.0,0.9736496902248001
4486.0,560391.0,0.947271177448157
4487.0,550027.0,0.9290130561698995
4488.0,557757.0,0.9413208384996169
4489.0,571797.0,0.9642497914448875
4490.0,581143.0,0.9792327679341007
4491.0,587889.0,0.9898142905552657
4492.0,583729.0,0.9820313049183962
4493.0,572117.0,0.9617336580137335
4494.0,553254.0,0.9292886951307864
4495.0,531404.0,0.8918817404528063
4496.0,529910.0,0.8886713302022563
4497.0,543930.0,0.9114627219007398
4498.0,546272.0,0.9146647281527179
4499.0,551520.0,0.9227235472688741
4500.0,569534.0,0.9521110339106938
4501.0,570845.0,0.9535511898575392
4502.0,560815.0,0.9360597451497349
4503.0,565632.0,0.9433575497183578
4504.0,576117.0,0.9600895385361595
4505.0,575378.0,0.9581053631921459
4506.0,566939.0,0.9433125498948486
4507.0,578468.0,0.9617410901268965
4508.0,604347.0,1.0039799821699844
4509.0,613544.0,1.0184613448418753
4510.0,596308.0,0.9890766152042589
4511.0,562837.0,0.9328304437909101
4512.0,546478.0,0.905010973995843
4513.0,549670.0,0.9095877647501631
4514.0,551013.0,0.911100237649945
4515.0,556373.0,0.9192474455499792
4516.0,565704.0,0.9339379912757001
4517.0,565367.0,0.932657090254537
4518.0,570847.0,0.9409669231003854
4519.0,592402.0,0.9757410903725551
4520.0,604361.0,0.994668371371863
4521.0,598065.0,0.9835454264666533
4522.0,587899.0,0.9660804203168523
4523.0,584947.0,0.9604880560810789
4524.0,581905.0,0.9547568985149741
4525.0,584969.0,0.959045498745622
4526.0,590667.0,0.967642854701646
4527.0,579320.0,0.9483252666543053
4528.0,575918.0,0.942033306083182
4529.0,595578.0,0.9734450799984777
4530.0,603839.0,0.9861922145699517
4531.0,590887.0,0.9643015263494585
4532.0,580213.0,0.9461593656459043
4533.0,574137.0,0.9355375123034544
4534.0,580468.0,0.9451336055256986
4535.0,600489.0,0.9769889550982594
4536.0,610493.0,0.9925111393170184
4537.0,612193.0,0.9945201713426502
4538.0,609387.0,0.9892120413757418
4539.0,607832.0,0.9859415808113624
4540.0,601633.0,0.9751493400888236
4541.0,585578.0,0.9484109130603369
4542.0,590788.0,0.9561284021942253
4543.0,614532.0,0.9938075191487791
4544.0,623174.0,1.0070262380902628
4545.0,623333.0,1.0065277031132267
4546.0,626981.0,1.011660089606687
4547.0,622586.0,1.0038173262732994
4548.0,608670.0,0.9806472481843548
4549.0,591991.0,0.9530640455353976
4550.0,576804.0,0.9279226992659007
4551.0,573554.0,0.9220084361499916
4552.0,584950.0,0.9396299929807985
4553.0,601938.0,0.966201999742208
4554.0,615268.0,0.9868679622671169
4555.0,628752.0,1.0077508258476788
4556.0,636125.0,1.0188161537963631
4557.0,629348.0,1.0072199246126565
4558.0,619463.0,0.9906709756358085
4559.0,609985.0,0.9747974087711591
4560.0,601478.0,0.9604983672810267
4561.0,609033.0,0.9718515184185049
4562.0,617990.0,0.9854243450172224
4563.0,618448.0,0.9854357635766229
4564.0,617356.0,0.9829799090842327
4565.0,619618.0,0.9858648506755138
4566.0,631979.0,1.0048030605166873
4567.0,641320.0,1.018916487464181
4568.0,637652.0,1.0123567890124472
4569.0,629510.0,0.9987094103361384
4570.0,619616.0,0.9823049649327359
4571.0,600327.0,0.9510412936122494
4572.0,588988.0,0.9324086768383809
4573.0,602411.0,0.9529754195209487
4574.0,617394.0,0.9759796069960633
4575.0,615626.0,0.9724906103338111
4576.0,608457.0,0.9604816580280947
4577.0,611532.0,0.9646498283767052
4578.0,625620.0,0.9861728708471871
4579.0,635549.0,1.0011150670883602
4580.0,635054.0,0.9996287906714165
4581.0,637670.0,1.0030390540134921
4582.0,644434.0,1.0129655585343427
4583.0,644505.0,1.012365937364869
4584.0,636693.0,0.9993944534397784
4585.0,624843.0,0.9801082068312963
4586.0,621097.0,0.9735526431887136
4587.0,629259.0,0.9856596422799959
4588.0,633413.0,0.9914770915994365
4589.0,629362.0,0.984453138312198
4590.0,630231.0,0.985130490364735
4591.0,634481.0,0.9910891995193974
4592.0,635252.0,0.9916101040594897
4593.0,637342.0,0.9941888380644748
4594.0,641180.0,0.9994899191310019
4595.0,644456.0,1.0039093482648436
4596.0,645714.0,1.0051824056647356
4597.0,643042.0,1.0003411641523126
4598.0,642404.0,0.9986696295492192
4599.0,643839.0,1.0002219385486544
4600.0,640699.0,0.9946706864951298
4601.0,634518.0,0.984410162519768
4602.0,625392.0,0.9695987059208508
4603.0,618171.0,0.9577597810671653
4604.0,624358.0,0.966697542970829
4605.0,633376.0,0.9800048131889126
4606.0,636163.0,0.9836608661877989
4607.0,639303.0,0.9878586912974078
4608.0,644456.0,0.995160585259187
4609.0,646701.0,0.9979664967227403
4610.0,648160.0,0.9995578016465063
4611.0,651862.0,1.004605007811784
4612.0,652783.0,1.0053637645328373
4613.0,649678.0,0.9999263360400232
4614.0,649350.0,0.9987686117333084
4615.0,649613.0,0.9985221191468435
4616.0,644776.0,0.9904431313342937
4617.0,639036.0,0.980989749327243
4618.0,629048.0,0.9650330076694398
4619.0,622986.0,0.9551172514969883
4620.0,629866.0,0.9650445878920654
4621.0,638314.0,0.9773614258512361
4622.0,642310.0,0.982851551323643
4623.0,645771.0,0.98751799480449
4624.0,648250.0,0.9906792512401127
4625.0,648274.0,0.9900885572046372
4626.0,648131.0,0.989245240542754
4627.0,645485.0,0.9845865948820756
4628.0,643275.0,0.9805999930132148
4629.0,642678.0,0.9790772556733873
4630.0,643843.0,0.9802406284167579
4631.0,645503.0,0.9821573306716838
4632.0,645517.0,0.981570395649261
4633.0,644583.0,0.9795452119529423
4634.0,635101.0,0.9645421622196615
4635.0,621972.0,0.9440238205004434
4636.0,619004.0,0.9389451002171431
4637.0,625733.0,0.9485743224814634
4638.0,635056.0,0.9621235205104612
4639.0,641936.0,0.9719591096101374
4640.0,645507.0,0.9767774684937467
4641.0,648549.0,0.9807918601529086
4642.0,646820.0,0.9775924905174085
4643.0,646204.0,0.9760799703634093
4644.0,647138.0,0.9769109913547901
4645.0,646405.0,0.9752279414352478
4646.0,645900.0,0.9738925806106631
4647.0,644129.0,0.9706529662153317
4648.0,643103.0,0.9685411008620226
4649.0,643699.0,0.9688750519265052
4650.0,642602.0,0.966663837397813
4651.0,640102.0,0.9623478783537761
4652.0,637079.0,0.9572530660549534
4653.0,631477.0,0.948293221793174
4654.0,627057.0,0.9411196387299667
4655.0,625762.0,0.938643745382334
4656.0,629213.0,0.9432876939040342
4657.0,636704.0,0.953981682071247
4658.0,638122.0,0.9555716496255552
4659.0,639728.0,0.9574433638842517
4660.0,643875.0,0.9631160347985677
4661.0,643516.0,0.9620482333885617
4662.0,641668.0,0.9587590197646141
4663.0,641108.0,0.9573990828916057
4664.0,642814.0,0.9594249784004114
4665.0,643895.0,0.9605186277899722
4666.0,640482.0,0.9549131680496583
4667.0,639453.0,0.9528685084346026
4668.0,639688.0,0.9527108813402978
4669.0,640248.0,0.9530395466649071
4670.0,638425.0,0.949824894050859
4671.0,634304.0,0.9431989155343221
4672.0,631402.0,0.9383939357374752
4673.0,628385.0,0.9334255196951308
4674.0,626495.0,0.9301378636464206
4675.0,620460.0,0.9207052026432102
4676.0,611808.0,0.9074031919163789
4677.0,604351.0,0.8958885675025653
4678.0,598455.0,0.8867008229734594
4679.0,600464.0,0.8892312583252969
4680.0,608617.0,0.9008557149790427
4681.0,615897.0,0.9111795169886087
4682.0,614951.0,0.9093317761025121
4683.0,610316.0,0.9020360813580858
4684.0,606420.0,0.8958417106661053
4685.0,613211.0,0.9054357287968132
4686.0,627118.0,0.9255251219032488
4687.0,634772.0,0.9363738887819844
4688.0,637471.0,0.9399091886163162
4689.0,636273.0,0.9377006921716807
4690.0,631776.0,0.9306374015737882
4691.0,626575.0,0.9225468771069638
4692.0,621617.0,0.9148241857628867
4693.0,614379.0,0.9037574127657159
4694.0,606185.0,0.8912978084263118
4695.0,600238.0,0.8821545507070537
4696.0,591263.0,0.8685740265094204
4697.0,588113.0,0.8635614955406975
4698.0,608050.0,0.8924410884064106
4699.0,631641.0,0.9266586367367137
4700.0,639520.0,0.9378086455462724
4701.0,637642.0,0.9346501818470323
4702.0,632630.0,0.9269055675819057
4703.0,628524.0,0.9204973875272092
4704.0,627402.0,0.9184659183336152
4705.0,628616.0,0.9198573929562867
4706.0,631452.0,0.9236231768026887
4707.0,633847.0,0.9267440662757438
4708.0,634432.0,0.9272201209987789
4709.0,632838.0,0.9245155353092687
4710.0,627700.0,0.916640837096246
4711.0,619512.0,0.9043233085062298
4712.0,607934.0,0.8870720402406832
4713.0,590194.0,0.8608495162668749
4714.0,571561.0,0.8333483347094894
4715.0,579239.0,0.8442185006547599
4716.0,615278.0,0.8964025867948024
4717.0,640692.0,0.9330764456935672
4718.0,647577.0,0.9427512686006418
4719.0,647818.0,0.9427533572458454
4720.0,645662.0,0.939271749234822
4721.0,638761.0,0.928895756833036
4722.0,633130.0,0.9203767483088412
4723.0,638981.0,0.9285524981795381
4724.0,649845.0,0.9440080391580216
4725.0,654695.0,0.9507229039835314
4726.0,651636.0,0.9459553975237317
4727.0,648369.0,0.9408927771917179
4728.0,648474.0,0.9407287457254184
4729.0,650081.0,0.942746511221129
4730.0,653332.0,0.9471498022937567
4731.0,652995.0,0.9463538555151705
4732.0,645561.0,0.9352799542927367
4733.0,636798.0,0.9222918337742123
4734.0,626544.0,0.9071566300113474
4735.0,608253.0,0.8804013528714013
4736.0,590375.0,0.8542635046895235
4737.0,603580.0,0.8731078861282645
4738.0,642637.0,0.9293294566221653
4739.0,667567.0,0.9650981460237912
4740.0,671982.0,0.9711999531492198
4741.0,669018.0,0.9666404424517178
4742.0,664971.0,0.9605230086508595
4743.0,662339.0,0.9564561706411098
4744.0,666941.0,0.9628388790140191
4745.0,679875.0,0.9812473958842822
4746.0,689941.0,0.9955118560498546
4747.0,692593.0,0.9990780565783669
4748.0,690143.0,0.9952886693015723
4749.0,681838.0,0.9830636606162401
4750.0,673457.0,0.9707392886595355
4751.0,669395.0,0.9646490237274546
4752.0,673796.0,0.9707586415403721
4753.0,686805.0,0.9892683332629375
4754.0,696017.0,1.0023056710947225
4755.0,696519.0,1.0028012259486039
4756.0,694379.0,0.9994979080536146
4757.0,694262.0,0.9991116261380486
4758.0,696091.0,1.0015297024999554
4759.0,694092.0,0.9984445504769003
4760.0,683037.0,0.9823407201119185
4761.0,669720.0,0.9629951639168758
4762.0,668452.0,0.9609834525730632
4763.0,679450.0,0.9766072922501573
4764.0,689573.0,0.9909720976192531
4765.0,693241.0,0.9960613420548372
4766.0,694983.0,0.9983863874379649
4767.0,696362.0,1.00019372063666
4768.0,697084.0,1.0010614332506742
4769.0,695910.0,0.9992109403163407
4770.0,686352.0,0.985329270574133
4771.0,671339.0,0.9636261641473073
4772.0,662286.0,0.9504872852557859
4773.0,666727.0,0.9567193869795481
4774.0,682928.0,0.9798260183647204
4775.0,695657.0,0.9979491316966975
4776.0,696733.0,0.9993565443665174
4777.0,695858.0,0.9979691946318346
4778.0,694582.0,0.996010740095683
4779.0,685334.0,0.9826260514356299
4780.0,673893.0,0.9661040690553624
4781.0,674616.0,0.9670256709116953
4782.0,679369.0,0.9737262537580716
4783.0,674949.0,0.9672823124911412
4784.0,673779.0,0.9654998231539962
4785.0,686587.0,0.9837483264896814
4786.0,698793.0,1.0011332859824016
4787.0,693654.0,0.9936704061439718
4788.0,676341.0,0.9687738791976189
4789.0,668600.0,0.9575940077850469
4790.0,679807.0,0.9735540737926857
4791.0,691491.0,0.9901965112699216
4792.0,689742.0,0.9876041797106645
4793.0,678849.0,0.9719227540236245
4794.0,669551.0,0.958529406455429
4795.0,668622.0,0.9571202418471689
4796.0,670653.0,0.9599499268141489
4797.0,672388.0,0.9623571981418853
4798.0,674467.0,0.9652580085432307
4799.0,679436.0,0.9722955772700275
4800.0,686879.0,0.9828736374918703
4801.0,691240.0,0.9890417023690493
4802.0,688162.0,0.9845670233306034
4803.0,675660.0,0.96661200231012
4804.0,659516.0,0.9434506027470836
4805.0,656729.0,0.9393994863109816
4806.0,662105.0,0.9470255200850435
4807.0,665411.0,0.9516907268709562
4808.0,676027.0,0.966810292296376
4809.0,686915.0,0.9823174503028206
4810.0,688506.0,0.9845288722448193
4811.0,681772.0,0.9748368748184694
4812.0,673290.0,0.962647224202851
4813.0,663362.0,0.9483920596473545
4814.0,643869.0,0.9204648841611276
4815.0,639824.0,0.9146241253410597
4816.0,662640.0,0.9471792569390738
4817.0,675975.0,0.966178823387991
4818.0,674680.0,0.9642662599364965
4819.0,673579.0,0.96263088621939
4820.0,677170.0,0.9677003640391822
4821.0,673214.0,0.9619844614360307
4822.0,656738.0,0.9383795375266386
4823.0,644068.0,0.9202149186421408
4824.0,640688.0,0.9153242357056117
4825.0,648589.0,0.9265490033510881
4826.0,657246.0,0.9388512443673394
4827.0,658941.0,0.9412065092467982
4828.0,661339.0,0.9445644111692255
4829.0,666724.0,0.9521865452008385
4830.0,666994.0,0.952501790757673
4831.0,655325.0,0.9357673866773818
4832.0,641382.0,0.9157871900766779
4833.0,634581.0,0.9060053897992473
4834.0,635385.0,0.907080530223841
4835.0,642176.0,0.916700227554562
4836.0,653791.0,0.9332022066789532
4837.0,662202.0,0.9451266014642717
4838.0,655774.0,0.9358698593328582
4839.0,636372.0,0.9080988900642548
4840.0,629266.0,0.8978756036583959
4841.0,633725.0,0.9041521788034902
4842.0,628809.0,0.8970510449963139
4843.0,626516.0,0.8936905657811444
4844.0,643715.0,0.9181297924786732
4845.0,654492.0,0.9334026751393536
4846.0,646763.0,0.9222801832074662
4847.0,650257.0,0.927159560572157
4848.0,663423.0,0.9458241221001569
4849.0,669979.0,0.9550588026911906
4850.0,668296.0,0.9525448744316488
4851.0,649514.0,0.9256596265021431
4852.0,632221.0,0.9008997505636072
4853.0,640489.0,0.9125621451926101
4854.0,660353.0,0.9407377994727297
4855.0,668369.0,0.9520259878737442
4856.0,658426.0,0.9377302010257186
4857.0,648538.0,0.9235131961797575
4858.0,650468.0,0.9261229363017086
4859.0,649829.0,0.9250709840225321
4860.0,624029.0,0.8882029461928477
4861.0,588897.0,0.8380624940721474
4862.0,595134.0,0.8467975095188836
4863.0,639730.0,0.910096311590195
4864.0,679876.0,0.9670395031962702
4865.0,694242.0,0.9872957261729606
4866.0,683837.0,0.9723190575072593
4867.0,669628.0,0.9519355790660302
4868.0,673537.0,0.9573065831216053
4869.0,682965.0,0.9705133435381855
4870.0,679464.0,0.9653410916727106
4871.0,670338.0,0.9521759841314651
4872.0,673999.0,0.9571707159546452
4873.0,686943.0,0.9753383600989874
4874.0,685998.0,0.9737770850195214
4875.0,672161.0,0.9539150838065592
4876.0,672127.0,0.9536412325587904
4877.0,678431.0,0.962352468258818
4878.0,674527.0,0.9565773877255334
4879.0,675397.0,0.957568040136373
4880.0,682337.0,0.9671561391597682
4881.0,676171.0,0.9581615556403774
4882.0,670630.0,0.9500512721283988
4883.0,675920.0,0.9572789876453575
4884.0,673406.0,0.953447165785676
4885.0,669637.0,0.9478349847569804
4886.0,666168.0,0.942644382996412
4887.0,664622.0,0.9401708867425114
4888.0,673825.0,0.952893316960538
4889.0,686174.0,0.9700487563164804
4890.0,692721.0,0.9789867946381982
4891.0,696449.0,0.9839294682422571
4892.0,705337.0,0.9961493115626823
4893.0,712364.0,1.00572623592101
4894.0,711415.0,1.0040324694198008
4895.0,708764.0,0.9999312897195756
4896.0,708005.0,0.9984939217612447
4897.0,705909.0,0.9951654431337884
4898.0,703615.0,0.9915533037866309
4899.0,705997.0,0.9945239575672356
4900.0,706925.0,0.9954380277198481
4901.0,700775.0,0.9863819657222848
4902.0,696154.0,0.9794780145581947
4903.0,696484.0,0.9795365290170025
4904.0,696096.0,0.9785794635212578
4905.0,693871.0,0.9750358264176409
4906.0,689423.0,0.9683669525245865
4907.0,682336.0,0.9579930899834784
4908.0,676273.0,0.9490599577182982
4909.0,670138.0,0.9400285295453804
4910.0,662779.0,0.9292840016534349
4911.0,657873.0,0.9219821775217648
4912.0,661599.0,0.9267741724727474
4913.0,670990.0,0.9394889834768824
4914.0,687125.0,0.9616254866288052
4915.0,706168.0,0.9878042610531433
4916.0,714282.0,0.9986731072904869
4917.0,713046.0,0.9964607385097525
4918.0,712385.0,0.9950494813246314
4919.0,711333.0,0.9930896921530954
4920.0,711609.0,0.9929810475043918
4921.0,712244.0,0.9933694650726199
4922.0,710569.0,0.9905337502134204
4923.0,707246.0,0.9854013102215967
4924.0,707420.0,0.9851406707451225
4925.0,711288.0,0.9900187197384447
4926.0,709483.0,0.9869967508897194
4927.0,700986.0,0.9746703122905278
4928.0,700354.0,0.973284026275496
4929.0,707109.0,0.9821570190992821
4930.0,704010.0,0.9773385257257157
4931.0,694760.0,0.963988260708547
4932.0,692218.0,0.9599525279175233
4933.0,690050.0,0.9564375181663979
4934.0,686711.0,0.9513022685780568
4935.0,680585.0,0.942312081045195
4936.0,665535.0,0.920980807826572
4937.0,652598.0,0.9025935247288778
4938.0,643930.0,0.8901260108968877
4939.0,639940.0,0.8841339650588639
4940.0,652578.0,0.9011081567208576
4941.0,675354.0,0.932054689464632
4942.0,702532.0,0.9690390375396698
4943.0,726074.0,1.000970245309964
4944.0,735459.0,1.013360123834042
4945.0,733824.0,1.0105605009471146
4946.0,730176.0,1.0049931261731124
4947.0,731375.0,1.0060994348000454
4948.0,733768.0,1.0088463055416406
4949.0,733659.0,1.008152395852834
4950.0,732252.0,1.00567699004793
4951.0,730596.0,1.0028630299507406
4952.0,732620.0,1.0051015023399483
4953.0,735955.0,1.0091360694301843
4954.0,735122.0,1.007455251700138
4955.0,730702.0,1.000864156549595
4956.0,726312.0,0.9943224279482761
4957.0,727225.0,0.99504502574935
4958.0,731250.0,1.0000242472931058
4959.0,733434.0,1.0024835871009592
4960.0,732556.0,1.0007591410343366
4961.0,731769.0,0.9991627397046298
4962.0,734097.0,1.0018211636607166
4963.0,735504.0,1.0032228724537013
4964.0,733469.0,0.9999331026866107
4965.0,729297.0,0.9937373872617535
4966.0,730341.0,0.9946543511253438
4967.0,734593.0,0.9999399860526248
4968.0,736870.0,1.0025362207561315
4969.0,735661.0,1.00039252483632
4970.0,731357.0,0.9940475422291355
4971.0,731831.0,0.9942031704350506
4972.0,736310.0,0.9998003571951398
4973.0,736782.0,0.9999574973052329
4974.0,731686.0,0.9925650270296681
4975.0,728596.0,0.9879033107718984
4976.0,732044.0,0.9921104224585021
4977.0,736781.0,0.9980634117330948
4978.0,735457.0,0.995807984531968
4979.0,730751.0,0.988981202441959
4980.0,733183.0,0.9918203015432302
4981.0,737625.0,0.9973782644142529
4982.0,735363.0,0.9938741075422349
4983.0,729656.0,0.9857226691027972
4984.0,730496.0,0.9864226947204631
4985.0,736762.0,0.9944494004338416
4986.0,737171.0,0.9945705454814165
4987.0,730982.0,0.9857970699365559
4988.0,726561.0,0.9794178380900022
4989.0,730918.0,0.9848753297543139
4990.0,734925.0,0.9898602249580208
4991.0,731522.0,0.9848680765231156
4992.0,727804.0,0.9794594878470989
4993.0,731131.0,0.9835357535610397
4994.0,735509.0,0.9890252785687046
4995.0,735521.0,0.9886451639317266
4996.0,732518.0,0.9842176530790464
4997.0,730519.0,0.9811453401415895
4998.0,732853.0,0.9838959422191601
4999.0,732854.0,0.9835166370302977
5000.0,729204.0,0.9782429064348267
5001.0,725852.0,0.9733759630568216
5002.0,726926.0,0.9744488863236371
5003.0,730547.0,0.978937083514617
5004.0,733153.0,0.9820654185009937
5005.0,728996.0,0.9761387350533257
5006.0,725773.0,0.971469595337083
5007.0,729536.0,0.9761544327818897
5008.0,731557.0,0.9785088441001881
5009.0,726602.0,0.9715369651786852
5010.0,725139.0,0.9692404312670246
5011.0,730209.0,0.9756775483784341
5012.0,732599.0,0.9785334250649831
5013.0,728788.0,0.9731103733231812
5014.0,725651.0,0.9685935094752124
5015.0,729401.0,0.973272135198424
5016.0,730529.0,0.9744529537310331
5017.0,724965.0,0.96671226083024
5018.0,723429.0,0.9643488192075447
5019.0,728887.0,0.9713097899529102
5020.0,729902.0,0.97235017937072
5021.0,724823.0,0.9652769700017173
5022.0,722097.0,0.9613434990356454
5023.0,725286.0,0.9652874328351719
5024.0,726899.0,0.9671346735524207
5025.0,725666.0,0.9651979543381136
5026.0,724519.0,0.9633793471656946
5027.0,725640.0,0.9645792004122226
5028.0,728428.0,0.967996117026739
5029.0,727763.0,0.9668262471450433
5030.0,721918.0,0.9587800019630539
5031.0,722381.0,0.959116137641775
5032.0,726339.0,0.9640935449256299
5033.0,722154.0,0.958265142931176
5034.0,717035.0,0.951203422371803
5035.0,723239.0,0.9591646770420917
5036.0,729547.0,0.9672617351709144
5037.0,723208.0,0.9585934043638767
5038.0,718553.0,0.9521636264232437
5039.0,724881.0,0.9602893972422685
5040.0,723703.0,0.9584721309891415
5041.0,715680.0,0.9475949762173792
5042.0,718185.0,0.9506616921556219
5043.0,724722.0,0.9590647678466148
5044.0,723886.0,0.9577111001886935
5045.0,719214.0,0.9512865183221917
5046.0,718768.0,0.9504555544901556
5047.0,721049.0,0.9532322405230337
5048.0,720100.0,0.951740618437803
5049.0,716793.0,0.9471360658522915
5050.0,719829.0,0.9509151121155893
5051.0,725388.0,0.9580265050161322
5052.0,719854.0,0.9504893924600425
5053.0,712910.0,0.9410965703702094
5054.0,718448.0,0.9481834790632356
5055.0,716741.0,0.945709540442533
5056.0,705884.0,0.9311684378560945
5057.0,709728.0,0.9360243241914185
5058.0,716502.0,0.9447432095123351
5059.0,710902.0,0.93714796224521
5060.0,708827.0,0.9342037566476045
5061.0,713405.0,0.9400290961568989
5062.0,711508.0,0.9373236550845284
5063.0,706152.0,0.9300653583615894
5064.0,707801.0,0.932036169220032
5065.0,715243.0,0.941634482185546
5066.0,714939.0,0.9410348006691961
5067.0,706711.0,0.9300093419816903
5068.0,707890.0,0.931366895808177
5069.0,707431.0,0.9305708716586084
5070.0,701563.0,0.9226631354111625
5071.0,708393.0,0.9314566483386206
5072.0,712825.0,0.9370957347671274
5073.0,706208.0,0.9282117760894757
5074.0,705001.0,0.9264421743665875
5075.0,707107.0,0.9290275550704133
5076.0,702856.0,0.9232629593650582
5077.0,700323.0,0.9197583840770724
5078.0,707639.0,0.9291891703909436
5079.0,709956.0,0.93205495932433
5080.0,704379.0,0.9245595336314163
5081.0,706154.0,0.9267166696813074
5082.0,701425.0,0.9203404912366385
5083.0,694189.0,0.9106791879022514
5084.0,700218.0,0.9184214084470783
5085.0,703528.0,0.9225964907603431
5086.0,699262.0,0.91683810284793
5087.0,700001.0,0.9176441956748091
5088.0,701397.0,0.9193123903797615
5089.0,694680.0,0.9103494966775474
5090.0,695509.0,0.9112779470741874
5091.0,697564.0,0.9138133452663824
5092.0,693221.0,0.9079690686308625
5093.0,693648.0,0.9083745442555412
5094.0,691601.0,0.9055417137836048
5095.0,682894.0,0.8939921916748221
5096.0,680246.0,0.8903782558728112
5097.0,679347.0,0.8890554765804632
5098.0,681206.0,0.8913429562971364
5099.0,691572.0,0.9047601403523037
5100.0,692533.0,0.9058717576809949
5101.0,688644.0,0.9006409697392381
5102.0,692474.0,0.9055065007887
5103.0,691863.0,0.9045651525044482
5104.0,690427.0,0.9025465870552521
5105.0,691354.0,0.9036180858570724
5106.0,687096.0,0.8979142793778753
5107.0,686283.0,0.8967144390845045
5108.0,684335.0,0.8940330425472137
5109.0,680539.0,0.8889393995229933
5110.0,682365.0,0.8911906321497717
5111.0,681666.0,0.8901447629219233
5112.0,684119.0,0.8932153850699326
5113.0,687622.0,0.8976565986518825
5114.0,686156.0,0.8956114353771025
5115.0,685305.0,0.8943702303477493
5116.0,679266.0,0.8863603941347146
5117.0,674869.0,0.8804958765732273
5118.0,676196.0,0.8821007056502496
5119.0,676305.0,0.8821170761215374
5120.0,674747.0,0.879960093940994
5121.0,671213.0,0.8752277412946189
5122.0,670794.0,0.8745585547837758
5123.0,670767.0,0.8744011445522105
5124.0,668825.0,0.8717483280963834
5125.0,662347.0,0.8631853782247517
5126.0,649536.0,0.846373148106017
5127.0,631968.0,0.8233683140589186
5128.0,612684.0,0.7981348360812681
5129.0,613653.0,0.799288383110587
5130.0,645121.0,0.8401618682544209
5131.0,679160.0,0.8843725682530109
5132.0,693309.0,0.9026753776003328
5133.0,695669.0,0.9056266929501152
5134.0,693533.0,0.902725480389487
5135.0,691939.0,0.9005308168247309
5136.0,691635.0,0.9000157621809495
5137.0,690215.0,0.8980491465097978
5138.0,686265.0,0.8927919913397037
5139.0,683783.0,0.8894460629105425
5140.0,684327.0,0.8900369236060744
5141.0,684612.0,0.8902910892727393
5142.0,684096.0,0.8895039325211319
5143.0,685163.0,0.8907752631156477
5144.0,685986.0,0.8917292996526908
5145.0,684125.0,0.8891947469872744
5146.0,682620.0,0.8871236862918063
5147.0,681926.0,0.8861071538069888
5148.0,680013.0,0.8835072435552629
5149.0,679360.0,0.8825449766331259
5150.0,680301.0,0.8836535390763656
5151.0,679502.0,0.8825020862327649
5152.0,677040.0,0.8791914635839797
5153.0,673625.0,0.8746443600727487
5154.0,672357.0,0.8728858014937315
5155.0,674571.0,0.8756476331912758
5156.0,675380.0,0.8765851900838204
5157.0,673481.0,0.8740081926077765
5158.0,669124.0,0.8682423725836611
5159.0,664528.0,0.8621679036123143
5160.0,655441.0,0.8502689935057981
5161.0,635116.0,0.8237964730745971
5162.0,602653.0,0.7815887349288491
5163.0,555896.0,0.7208560698013606
5164.0,516418.0,0.6695767482180428
5165.0,552293.0,0.7159990468538717
5166.0,655718.0,0.849970486765783
5167.0,724502.0,0.9390096990540691
5168.0,748636.0,0.9701633200545696
5169.0,761322.0,0.9864749774730757
5170.0,765038.0,0.9911608497318632
5171.0,757701.0,0.9815271331322215
5172.0,742400.0,0.9615803951280933
5173.0,739550.0,0.9577633808994981
5174.0,755067.0,0.9777303125743527
5175.0,767094.0,0.9931730433142935
5176.0,770304.0,0.9971972552935973
5177.0,770836.0,0.9977536422549078
5178.0,771197.0,0.9980881385042216
5179.0,771351.0,0.9981542270057928
5180.0,770469.0,0.9968793848712031
5181.0,766564.0,0.9916935773999198
5182.0,754183.0,0.9755448475822851
5183.0,733815.0,0.9490700785234728
5184.0,731786.0,0.9463172493768512
5185.0,753140.0,0.9737984881008536
5186.0,768360.0,0.9933415509989747
5187.0,772287.0,0.99828097109482
5188.0,772893.0,0.9989261671375503
5189.0,772991.0,0.9989140581421236
5190.0,773007.0,0.9987953288424937
5191.0,772872.0,0.9984808624488661
5192.0,772597.0,0.9979849310762149
5193.0,772671.0,0.9979391580044213
5194.0,772923.0,0.9981225095064693
5195.0,773187.0,0.9983205322241582
5196.0,773764.0,0.9989217875946322
5197.0,773491.0,0.9984248758060615
5198.0,772497.0,0.9969967442306126
5199.0,773093.0,0.9976199594625188
5200.0,774657.0,0.9994910800092185
5201.0,775085.0,0.9998953119843522
5202.0,774650.0,0.9991854618703804
5203.0,774273.0,0.9985498327141817
5204.0,773471.0,0.997365606184028
5205.0,772430.0,0.9958728631411538
5206.0,772156.0,0.9953685842340725
5207.0,772252.0,0.995340661265009
5208.0,771534.0,0.9942631014909981
5209.0,771847.0,0.994513670515141
5210.0,773544.0,0.9965465472844062
5211.0,774915.0,0.9981583004196355
5212.0,775931.0,0.9993118000400907
5213.0,776678.0,1.00011802493507
5214.0,776763.0,1.0000711804720988
5215.0,775694.0,0.9985383490914532
5216.0,774147.0,0.9963903247001273
5217.0,774455.0,0.9966297144020108
5218.0,776360.0,0.998923453611397
5219.0,777452.0,1.000170195391322
5220.0,777590.0,1.000189097758423
5221.0,777810.0,1.0003131327544394
5222.0,778198.0,1.0006528602109035
5223.0,778320.0,1.000650229225505
5224.0,778079.0,1.0001807410945736
5225.0,777278.0,0.9989914528139979
5226.0,774994.0,0.9958966462285262
5227.0,773017.0,0.9931971127444955
5228.0,774745.0,0.9952578501537067
5229.0,777428.0,0.9985444402782067
5230.0,778242.0,0.9994296970679378
5231.0,778063.0,0.9990395927323245
5232.0,777672.0,0.9983774167505391
5233.0,777677.0,0.9982237529948792
5234.0,778500.0,0.999119974022906
5235.0,779158.0,0.9998042299161103
5236.0,779008.0,0.9994516926068922
5237.0,778508.0,0.9986503968593811
5238.0,778317.0,0.9982457972573914
5239.0,778685.0,0.9985583207253605
5240.0,779315.0,0.9992068483925926
5241.0,779745.0,0.9995989821901705
5242.0,779955.0,0.9997092358443044
5243.0,779929.0,0.9995172651290852
5244.0,779841.0,0.9992461940229147
5245.0,779887.0,0.9991471900502698
5246.0,780055.0,0.9992048262908393
5247.0,780304.0,0.9993665444154493
5248.0,780650.0,0.9996528101592932
5249.0,780766.0,0.9996449205406129
5250.0,780516.0,0.999168940734928
5251.0,780393.0,0.9988561255104894
5252.0,780531.0,0.9988779096890701
5253.0,780722.0,0.9989680186407767
5254.0,780789.0,0.9989000024555683
5255.0,780684.0,0.9986125607700135
5256.0,780699.0,0.9984792749720972
5257.0,780726.0,0.9983619940138981
5258.0,780645.0,0.9981073082528784
5259.0,780552.0,0.9978380295202403
5260.0,780666.0,0.9978341119199537
5261.0,780913.0,0.9980008906023466
5262.0,781166.0,0.9981760345464011
5263.0,781306.0,0.9982075303032677
5264.0,781254.0,0.9979945508133596
5265.0,781128.0,0.9976879434765771
5266.0,780811.0,0.9971383590417922
5267.0,779888.0,0.9958160302026846
5268.0,774640.0,0.9889733307653081
5269.0,764081.0,0.9753540260349378
5270.0,762139.0,0.9727376798619777
5271.0,772311.0,0.9855823575933835
5272.0,780085.0,0.9953647804715856
5273.0,782116.0,0.9978187761014146
5274.0,782582.0,0.9982769688351294
5275.0,782950.0,0.9986113070183673
5276.0,783296.0,0.9989188116065671
5277.0,783404.0,0.9989241198753156
5278.0,783257.0,0.998605726430175
5279.0,783242.0,0.998457143451194
5280.0,783050.0,0.9980844977095975
5281.0,782795.0,0.997633209288052
5282.0,782910.0,0.997655122227731
5283.0,783084.0,0.997753852036414
5284.0,783265.0,0.9978631722381981
5285.0,783450.0,0.9979793063922129
5286.0,783409.0,0.9978093554878693
5287.0,783234.0,0.9974706327443414
5288.0,783476.0,0.9976648772769368
5289.0,784047.0,0.9982799108396987
5290.0,784587.0,0.9988573278854721
5291.0,784928.0,0.9991833351010154
5292.0,784913.0,0.9990582306478776
5293.0,784473.0,0.9983943897251271
5294.0,784006.0,0.997698505155584
5295.0,784010.0,0.9976043046483637
5296.0,783900.0,0.9973673522495281
5297.0,783804.0,0.9971505770110618
5298.0,784247.0,0.9976218598507512
5299.0,784770.0,0.9981972311643088
5300.0,784768.0,0.9981072460181283
5301.0,784433.0,0.9975963012585369
5302.0,784902.0,0.9981103998789155
5303.0,786045.0,0.999484040903151
5304.0,786568.0,1.000071837817234
5305.0,786236.0,0.9995752601634444
5306.0,785545.0,0.9986251215548804
5307.0,784713.0,0.9974986059661669
5308.0,784337.0,0.9969545420849248
5309.0,785068.0,0.9978201966595404
5310.0,785761.0,0.9986400699706127
5311.0,786005.0,0.9988918258220192
5312.0,785967.0,0.9987877522267135
5313.0,784956.0,0.9974498157942003
5314.0,784247.0,0.9964982410957711
5315.0,785328.0,0.9978235550632776
5316.0,786744.0,0.9995767922971097
5317.0,787433.0,1.000408636189859
5318.0,787377.0,1.0002963124627346
5319.0,786561.0,0.9992208483692194
5320.0,785474.0,0.997803502211268
5321.0,785640.0,0.9979801704258802
5322.0,786986.0,0.9996579300398468
5323.0,787357.0,1.0000993379922336
5324.0,786355.0,0.9987989500122351
5325.0,784946.0,0.9969838153999462
5326.0,782242.0,0.9935260797453018
5327.0,776063.0,0.9856570439857679
5328.0,771637.0,0.9800167259660789
5329.0,776831.0,0.9865962308658134
5330.0,783660.0,0.9952539201340725
5331.0,785677.0,0.9978020887350006
5332.0,785647.0,0.9977524476439418
5333.0,785779.0,0.9979104025086919
5334.0,786382.0,0.9986683307068079
5335.0,787354.0,0.9998966547415639
5336.0,788113.0,1.0008562344766916
5337.0,787757.0,1.0004015624124798
5338.0,786835.0,0.9992298087571668
5339.0,785924.0,0.9980736898899402
5340.0,785389.0,0.9973966951136949
5341.0,786566.0,0.9988954379503222
5342.0,788084.0,1.0008288146206568
5343.0,788163.0,1.0009362777562114
5344.0,787929.0,1.0006477441996369
5345.0,788165.0,1.0009575674359088
5346.0,787453.0,1.0000648746247893
5347.0,786488.0,0.9988522483499519
5348.0,786638.0,0.999057044700834
5349.0,786539.0,0.998946938733124
5350.0,786717.0,0.9991899418973883
5351.0,787544.0,1.0002585167152753
5352.0,787335.0,1.0000125215019888
5353.0,786867.0,0.9994387517913046
5354.0,787354.0,1.0000791473752582
5355.0,787774.0,1.000635605920169
5356.0,788647.0,1.0017686136899178
5357.0,789376.0,1.0027198323328963
5358.0,788314.0,1.0013970302423858
5359.0,785995.0,0.998478351479007
5360.0,784705.0,0.9968676958280981
5361.0,785804.0,0.9982928931348074
5362.0,787592.0,1.000594418338194
5363.0,788263.0,1.0014778240558115
5364.0,787061.0,0.999982429492633
5365.0,784751.0,0.99707995642783
5366.0,784412.0,0.9966824385927002
5367.0,786493.0,0.9993606161318253
5368.0,788395.0,1.0018122310060773
5369.0,788297.0,1.0017232078557339
5370.0,784616.0,0.9970815838851884
5371.0,777645.0,0.9882591794714192
5372.0,776422.0,0.9867417288855118
5373.0,783431.0,0.9956870070641204
5374.0,788904.0,1.0026812490336572
5375.0,790057.0,1.0041856619738903
5376.0,788133.0,1.0017795272528316
5377.0,784688.0,0.9974402259757181
5378.0,783999.0,0.99660432940296
5379.0,786311.0,0.9995836762963567
5380.0,787993.0,1.001762667647009
5381.0,788665.0,1.002658066933363
5382.0,787453.0,1.0011584905575492
5383.0,786027.0,0.9993869144998139
5384.0,787145.0,1.0008500509202924
5385.0,789665.0,1.0040961646632414
5386.0,790291.0,1.004934252731933
5387.0,788408.0,1.0025819125389417
5388.0,785988.0,0.999546515117105
5389.0,784473.0,0.9976618196757749
5390.0,785243.0,0.9986830415897319
5391.0,787866.0,1.0020610672622554
5392.0,788990.0,1.003532681521502
5393.0,788541.0,1.0030034851337448
5394.0,787727.0,1.0020098027088669
5395.0,785336.0,0.9990097832792381
5396.0,782841.0,0.9958769964249907
5397.0,782647.0,0.9956709974436434
5398.0,783747.0,0.9971109717800587
5399.0,784829.0,0.9985278452896608
5400.0,786556.0,1.000765140847397
5401.0,787210.0,1.0016369579161242
5402.0,786225.0,1.0004228997768836
5403.0,784912.0,0.9987909208937736
5404.0,784184.0,0.997902767658959
5405.0,784202.0,0.9979633798948945
5406.0,783632.0,0.9972751409096123
5407.0,783521.0,0.9971704297103277
5408.0,783565.0,0.9972623693536972
5409.0,784555.0,0.9985577085925998
5410.0,786391.0,1.0009292581517
5411.0,787025.0,1.0017702808459004
5412.0,784495.0,0.9985831571050772
5413.0,781457.0,0.994748389775742
5414.0,783193.0,0.9969897773733898
5415.0,787523.0,1.002532674218441
5416.0,789296.0,1.0048198146465086
5417.0,788284.0,1.003560601269217
5418.0,785853.0,1.0004937926016966
5419.0,783415.0,0.99741692176112
5420.0,784361.0,0.998647380709742
5421.0,787435.0,1.002586291883032
5422.0,788677.0,1.004191699152999
5423.0,784454.0,0.9988375333265835
5424.0,779566.0,0.9926352278657972
5425.0,781406.0,0.9949985475245703
5426.0,785358.0,1.0000501090348677
5427.0,786027.0,1.000920069387275
5428.0,782614.0,0.9965907088412628
5429.0,777096.0,0.9895793256316576
5430.0,776413.0,0.9887235369930664
5431.0,781738.0,0.9955173507787222
5432.0,784098.0,0.9985340512645652
5433.0,779417.0,0.9925827034930429
5434.0,775855.0,0.9880548314288604
5435.0,777154.0,0.9897159451451096
5436.0,780293.0,0.993718827944746
5437.0,783083.0,0.9972757197125589
5438.0,784245.0,0.9987577234796775
5439.0,784328.0,0.9988639525562348
5440.0,783283.0,0.9975319683554918
5441.0,782429.0,0.9964415267358255
5442.0,783507.0,0.9978097919959519
5443.0,784560.0,0.9991444321862711
5444.0,783673.0,0.998006657393438
5445.0,780430.0,0.9938667313602059
5446.0,776599.0,0.9889762311603915
5447.0,775494.0,0.9875554028008884
5448.0,780019.0,0.9933021279683286
5449.0,786061.0,1.0009784629582155
5450.0,788034.0,1.0034710945697232
5451.0,783983.0,0.998290867071645
5452.0,780842.0,0.9942675332071521
5453.0,784457.0,0.9988446812524555
5454.0,786877.0,1.0018978998925452
5455.0,783329.0,0.9973501854485105
5456.0,778436.0,0.9910881302972481
5457.0,778822.0,0.9915451532298789
5458.0,782926.0,0.9967332288816909
5459.0,785442.0,0.999897027222963
5460.0,785770.0,1.0002729411719826
5461.0,783493.0,0.9973304720518721
5462.0,780618.0,0.9936246946639776
5463.0,781970.0,0.9952970036999949
5464.0,784474.0,0.998432884637225
5465.0,782530.0,0.9959050849262174
5466.0,780656.0,0.9934641193076151
5467.0,780994.0,0.9938357110251582
5468.0,781280.0,0.9941385039511037
5469.0,780754.0,0.9934054859339537
5470.0,783544.0,0.996888854941591
5471.0,787574.0,1.0019466881321017
5472.0,785021.0,0.9986269856423411
5473.0,781405.0,0.9939530837357652
5474.0,782843.0,0.9957056144653889
5475.0,785050.0,0.9984334038327274
5476.0,784095.0,0.9971371512117337
5477.0,780547.0,0.992541416143813
5478.0,779988.0,0.9917445294753454
5479.0,784872.0,0.9978654813066326
5480.0,788768.0,1.0027269451842502
5481.0,786066.0,0.9991981721342638
5482.0,780428.0,0.9919360313480131
5483.0,780347.0,0.9917353440066877
5484.0,783020.0,0.9950321007408034
5485.0,783815.0,0.9959396806829298
5486.0,782578.0,0.9942631823149761
5487.0,778670.0,0.9891916952531062
5488.0,777274.0,0.9873099271824425
5489.0,779973.0,0.9906273981932167
5490.0,780722.0,0.991465611512819
5491.0,778674.0,0.9887499227657096
5492.0,775577.0,0.9847009345433254
5493.0,775007.0,0.9838588416474552
5494.0,779049.0,0.9888690639382376
5495.0,781238.0,0.9915242570383666
5496.0,775743.0,0.9844257079431417
5497.0,770642.0,0.9778269274263445
5498.0,773288.0,0.9810564016357292
5499.0,777055.0,0.9857051175724334
5500.0,774517.0,0.982353786646442
5501.0,768036.0,0.9740010905758659
5502.0,770524.0,0.9770215072261627
5503.0,778840.0,0.9874281166261724
5504.0,781927.0,0.9912014971772317
5505.0,779806.0,0.9883710844049426
5506.0,777156.0,0.9848693297040162
5507.0,779965.0,0.9882838861394996
5508.0,782366.0,0.9911788129444162
5509.0,780277.0,0.9883836441971612
5510.0,775325.0,0.9819616040859251
5511.0,774431.0,0.9806786120244093
5512.0,779901.0,0.987452011631968
5513.0,783152.0,0.9914125947316047
5514.0,779250.0,0.9863165985119899
5515.0,775756.0,0.9817369938145921
5516.0,780828.0,0.9879960441040558
5517.0,784427.0,0.9923880294239732
5518.0,781097.0,0.9880125502646263
5519.0,777150.0,0.9828567239485384
5520.0,778569.0,0.9844863792639281
5521.0,782222.0,0.9889384337274308
5522.0,782354.0,0.9889368357755592
5523.0,777542.0,0.9826854446117809
5524.0,774359.0,0.9784932825946173
5525.0,778417.0,0.9834495025967723
5526.0,781071.0,0.986629175532421
5527.0,776951.0,0.9812511991361695
5528.0,775157.0,0.9788109666119288
5529.0,779915.0,0.9846422614594429
5530.0,781855.0,0.9869131486284731
5531.0,778556.0,0.9825701683760464
5532.0,775446.0,0.9784660752444931
5533.0,777599.0,0.9810020229934349
5534.0,780442.0,0.9844062278994344
5535.0,777392.0,0.9803763347281147
5536.0,771732.0,0.9730559814271791
5537.0,770814.0,0.971715254322099
5538.0,769806.0,0.9702605635534237
5539.0,763672.0,0.9623458546400486
5540.0,760416.0,0.9580592227800112
5541.0,769554.0,0.9693856570404332
5542.0,781403.0,0.984121085305899
5543.0,783851.0,0.9870122777479667
5544.0,781229.0,0.9835186123538731
5545.0,783442.0,0.9861111919644775
5546.0,785242.0,0.9881821434678624
5547.0,781383.0,0.983131306616301
5548.0,778437.0,0.979230149433464
5549.0,782234.0,0.9838103699753513
5550.0,785146.0,0.9872751436607204
5551.0,780346.0,0.9810423253537655
5552.0,777687.0,0.9775023789024383
5553.0,782941.0,0.9839072700923406
5554.0,784697.0,0.985913894396752
5555.0,779039.0,0.9786057830163952
5556.0,777586.0,0.9765811241880836
5557.0,781555.0,0.9813648423698993
5558.0,780036.0,0.97925636637676
5559.0,776597.0,0.9747383079658515
5560.0,779888.0,0.9786669085543438
5561.0,781439.0,0.9804103081179035
5562.0,776441.0,0.9739376577282292
5563.0,776143.0,0.9733614790591432
5564.0,779444.0,0.9772976411404256
5565.0,775060.0,0.9715979696352552
5566.0,771226.0,0.9665895801337223
5567.0,777080.0,0.9737224658135529
5568.0,779721.0,0.9768267659268114
5569.0,776489.0,0.9725733126249395
5570.0,778626.0,0.9750447131412199
5571.0,780862.0,0.9776387053100789
5572.0,775830.0,0.9711336979332679
5573.0,773633.0,0.9681790856144565
5574.0,775840.0,0.9707357854759286
5575.0,772771.0,0.9666912096985734
5576.0,769490.0,0.9623829979613973
5577.0,773432.0,0.9671081501463314
5578.0,776241.0,0.9704147214463106
5579.0,775410.0,0.9691701825768719
5580.0,776903.0,0.9708301594496526
5581.0,774866.0,0.9680791270290909
5582.0,768629.0,0.9600830292212702
5583.0,763605.0,0.9536050912189332
5584.0,754768.0,0.9423691323509334
5585.0,752583.0,0.939441555511419
5586.0,770897.0,0.962098489183307
5587.0,785677.0,0.9803362557790303
5588.0,788529.0,0.9836862158268299
5589.0,792129.0,0.9879677598344923
5590.0,791634.0,0.9871412587310715
5591.0,790722.0,0.9857953519903251
5592.0,792716.0,0.9880723081362269
5593.0,790958.0,0.9856728132431244
5594.0,791485.0,0.9861214272916594
5595.0,792329.0,0.9869649299517769
5596.0,790420.0,0.9843797521954523
5597.0,791466.0,0.9854752602264897
5598.0,790762.0,0.9843920658974529
5599.0,789963.0,0.9831913815710615
5600.0,791044.0,0.984330881190238
5601.0,790324.0,0.983229645492269
5602.0,791238.0,0.984161637102678
5603.0,790813.0,0.9834284852579025
5604.0,790625.0,0.9829907033091451
5605.0,791303.0,0.9836300077239299
5606.0,790968.0,0.9830105418082653
5607.0,791095.0,0.9829658500971385
5608.0,789682.0,0.9810085484900196
5609.0,789446.0,0.9805144256902039
5610.0,789211.0,0.9800222763004816
5611.0,789689.0,0.9804160834303182
5612.0,789662.0,0.9801834616653039
5613.0,789396.0,0.9796549246610554
5614.0,788771.0,0.9786817805680321
5615.0,788117.0,0.9776736892660339
5616.0,787593.0,0.9768278943138609
5617.0,787736.0,0.9768102099644891
5618.0,787593.0,0.9764386556352403
5619.0,786987.0,0.9754940662907268
5620.0,786511.0,0.9747116981048812
5621.0,786204.0,0.9741397973878031
5622.0,785256.0,0.9727748325165102
5623.0,783191.0,0.9700277331899343
5624.0,780267.0,0.9662188074392982
5625.0,778420.0,0.9637456055960582
5626.0,781574.0,0.9674646588831307
5627.0,786978.0,0.9739677806216239
5628.0,788698.0,0.9759108636050576
5629.0,788146.0,0.9750433706395878
5630.0,786726.0,0.973103526576262
5631.0,783480.0,0.9689072210928196
5632.0,777789.0,0.9616903719905663
5633.0,767852.0,0.9492282449256532
5634.0,754579.0,0.9326484780266386
5635.0,754301.0,0.9321344948426777
5636.0,777739.0,0.960923677679901
5637.0,800584.0,0.988970984078577
5638.0,808497.0,0.9985669701631144
5639.0,809605.0,0.9997574052124767
5640.0,809681.0,0.9996744517208539
5641.0,809368.0,0.9991125486901656
5642.0,809125.0,0.9986384753101243
5643.0,809290.0,0.9986693000667035
5644.0,809129.0,0.9982991775543872
5645.0,808493.0,0.9973445306195959
5646.0,808115.0,0.9967097407723614
5647.0,809020.0,0.9976586637469868
5648.0,810570.0,0.9994038976748875
5649.0,811327.0,1.000172364123175
5650.0,811592.0,1.0003355715967648
5651.0,811871.0,1.0005174135296417
5652.0,811726.0,1.000178216461321
5653.0,811531.0,0.9997790070293993
5654.0,812012.0,1.0002141008366998
5655.0,812290.0,1.0004005685012523
5656.0,811977.0,0.9998607695014573
5657.0,811947.0,0.9996711302936945
5658.0,812322.0,0.9999816954566042
5659.0,812386.0,0.9999109856542966
5660.0,812124.0,0.9994407336137477
5661.0,812074.0,0.9992331291990163
5662.0,812465.0,0.9995698151289817
5663.0,812756.0,0.999785085729818
5664.0,812649.0,0.9995124927327732
5665.0,812465.0,0.9991470198689352
5666.0,812517.0,0.9990735916967192
5667.0,812782.0,0.9992638321896948
5668.0,813026.0,0.9994300072725284
5669.0,812913.0,0.9991591628815961
5670.0,812668.0,0.9987279779026939
5671.0,812901.0,0.998886063604326
5672.0,813318.0,0.9992719628430468
5673.0,813488.0,0.9993561030408618
5674.0,813038.0,0.9986804178462627
5675.0,812635.0,0.9980643700466438
5676.0,813027.0,0.9984264937295164
5677.0,813571.0,0.9989768939336423
5678.0,813694.0,0.9990119948226318
5679.0,813331.0,0.9984521693789317
5680.0,813096.0,0.9980512736076739
5681.0,813471.0,0.9984008149199708
5682.0,813914.0,0.998835390892558
5683.0,813913.0,0.998726704952977
5684.0,813450.0,0.9980528350211044
5685.0,813257.0,0.9977119704728146
5686.0,813612.0,0.998045011711626
5687.0,814080.0,0.9985181871080065
5688.0,814408.0,0.998821155589272
5689.0,814171.0,0.9984327721340415
5690.0,813764.0,0.9978375749698742
5691.0,813815.0,0.9978055898594845
5692.0,814210.0,0.9981968840978009
5693.0,814560.0,0.998534470661745
5694.0,814456.0,0.9983170233558575
5695.0,814008.0,0.997679499477247
5696.0,813896.0,0.9974553573938673
5697.0,814415.0,0.9980059770665786
5698.0,815052.0,0.9987025589649485
5699.0,815088.0,0.9986641224077011
5700.0,814611.0,0.9979986483297372
5701.0,814192.0,0.9974057640576555
5702.0,814266.0,0.997418281977683
5703.0,814822.0,0.998022574750332
5704.0,815176.0,0.9983807724892765
5705.0,815041.0,0.9981414454098049
5706.0,814850.0,0.9978349490951152
5707.0,814822.0,0.9977294450942701
5708.0,815054.0,0.9979436437870289
5709.0,815315.0,0.9981946523608832
5710.0,815304.0,0.9981139611435087
5711.0,815100.0,0.9977983321186246
5712.0,815025.0,0.9976419469262954
5713.0,815095.0,0.9976643458622061
5714.0,815258.0,0.9978018397681702
5715.0,815481.0,0.9980140092208848
5716.0,815690.0,0.9982102710667885
5717.0,815862.0,0.9983624720629743
5718.0,815785.0,0.9982112010111946
5719.0,815540.0,0.9978556051515823
5720.0,815353.0,0.9975722131560573
5721.0,815196.0,0.9973267444678537
5722.0,815198.0,0.9972769930559966
5723.0,815492.0,0.9975856140458026
5724.0,815608.0,0.9976776226361204
5725.0,815562.0,0.9975726104609508
5726.0,815744.0,0.9977476084263913
5727.0,815945.0,0.9979469462632115
5728.0,815740.0,0.9976508338769273
5729.0,815266.0,0.9970268696715142
5730.0,814756.0,0.9963600175849069
5731.0,814313.0,0.9957762218488685
5732.0,814124.0,0.9955041202205985
5733.0,814130.0,0.9954715196166237
5734.0,814318.0,0.9956624841717742
5735.0,814675.0,0.9960610819321534
5736.0,814929.0,0.9963347304586899
5737.0,814920.0,0.9962878231041831
5738.0,814943.0,0.9962810247561169
5739.0,815110.0,0.9964512364171754
5740.0,815095.0,0.9963999150658447
5741.0,814719.0,0.9959082619773134
5742.0,814137.0,0.9951657715990938
5743.0,813703.0,0.994605154585496
5744.0,813872.0,0.9947825200775433
5745.0,814370.0,0.9953628954465155
5746.0,814579.0,0.9955909069119214
5747.0,814266.0,0.9951818037538921
5748.0,814062.0,0.994906801367832
5749.0,814041.0,0.9948563136936444
5750.0,814123.0,0.994932544610165
5751.0,814125.0,0.9949118357716659
5752.0,814227.0,0.9950141483622991
5753.0,814480.0,0.9953017849081497
5754.0,814122.0,0.9948435708252517
5755.0,813975.0,0.994643989988167
5756.0,814665.0,0.9954679459960663
5757.0,814942.0,0.9957879787609613
5758.0,814723.0,0.9955026881645438
5759.0,814883.0,0.9956812303520728
5760.0,815064.0,0.9958861477243256
5761.0,814699.0,0.9954246492496781
5762.0,814691.0,0.9954000503706233
5763.0,814857.0,0.9955887310156015
5764.0,814864.0,0.995583818141654
5765.0,814919.0,0.9956382127260373
5766.0,815049.0,0.9957848879018839
5767.0,815312.0,0.9960946892711123
5768.0,815509.0,0.9963244773843152
5769.0,815538.0,0.996349629137658
5770.0,815164.0,0.9958830403217356
5771.0,814816.0,0.9954488155650714
5772.0,815239.0,0.9959570891814372
5773.0,815466.0,0.9962264757155188
5774.0,815057.0,0.9957194407033584
5775.0,815228.0,0.9959215124195466
5776.0,815677.0,0.9964637293849888
5777.0,815336.0,0.9960413700469385
5778.0,815042.0,0.9956769400690431
5779.0,815694.0,0.9964686630784196
5780.0,816073.0,0.9969273625022917
5781.0,815392.0,0.9960916237511847
5782.0,815230.0,0.9958903655029366
5783.0,815979.0,0.9968024375560093
5784.0,816025.0,0.9968561570223363
5785.0,815432.0,0.9961297007056835
5786.0,815420.0,0.9961134071219763
5787.0,816005.0,0.9968268063511577
5788.0,816067.0,0.9969017005063987
5789.0,815433.0,0.9961267439133857
5790.0,815638.0,0.9963770691270165
5791.0,816337.0,0.9972312147551862
5792.0,816452.0,0.9973722926588352
5793.0,816087.0,0.9969273356205185
5794.0,816054.0,0.9968882655863737
5795.0,816164.0,0.9970241901291549
5796.0,815709.0,0.9964702053963832
5797.0,815277.0,0.9959445975787492
5798.0,815759.0,0.9965358051552652
5799.0,816817.0,0.99783092092443
5800.0,817044.0,0.9981111308413951
5801.0,816366.0,0.9972860147319478
5802.0,816004.0,0.9968471482225782
5803.0,816168.0,0.9970510642215089
5804.0,816590.0,0.997570361159608
5805.0,816540.0,0.9975132379880918
5806.0,816120.0,0.9970042831142351
5807.0,816351.0,0.9972907778735642
5808.0,816912.0,0.9979805710991556
5809.0,817347.0,0.9985165815883253
5810.0,817310.0,0.9984761006567533
5811.0,816828.0,0.9978920932096774
5812.0,816586.0,0.997601385508689
5813.0,816830.0,0.9979045030663274
5814.0,817515.0,0.9987464671510156
5815.0,817759.0,0.9990497418269186
5816.0,816689.0,0.9977477640075831
5817.0,816064.0,0.9969894754393005
5818.0,817022.0,0.9981651804363131
5819.0,818087.0,0.9994716422052005
5820.0,818150.0,0.9995539584131528
5821.0,817472.0,0.9987309693029163
5822.0,817035.0,0.9982023947902532
5823.0,817129.0,0.9983225334739346
5824.0,817328.0,0.9985709180039886
5825.0,817628.0,0.9989426514140235
5826.0,817528.0,0.9988256202750897
5827.0,816943.0,0.9981159547318512
5828.0,817024.0,0.998219897599123
5829.0,817759.0,0.9991227877105122
5830.0,818241.0,0.9997164634765615
5831.0,817985.0,0.9994083387187318
5832.0,817333.0,0.9986162441202887
5833.0,817123.0,0.9983640331539294
5834.0,817403.0,0.9987103479151735
5835.0,817737.0,0.9991224729818727
5836.0,818426.0,0.9999681644166605
5837.0,818844.0,1.0004825535253512
5838.0,818135.0,0.9996197401726433
5839.0,817094.0,0.9983510545912857
5840.0,816742.0,0.9979239753087683
5841.0,817247.0,0.9985437671467446
5842.0,818335.0,0.9998756418367595
5843.0,818789.0,1.0004326073470384
5844.0,818266.0,0.9997955526609121
5845.0,818062.0,0.9995479778461432
5846.0,818170.0,0.9996813333264475
5847.0,818333.0,0.999881608510058
5848.0,818328.0,0.9998763341097848
5849.0,817867.0,0.999313619645142
5850.0,817762.0,0.9991856137551379
5851.0,818433.0,1.0000054993555636
5852.0,818635.0,1.0002520720275618
5853.0,817716.0,0.9991286877099166
5854.0,817213.0,0.9985133396777136
5855.0,818049.0,0.9995337993287008
5856.0,818568.0,1.0001666824453548
5857.0,818039.0,0.9995188233984684
5858.0,817640.0,0.9990295659763043
5859.0,817072.0,0.9983335825116018
5860.0,816610.0,0.9977668845831482
5861.0,817130.0,0.9983998049040258
5862.0,818053.0,0.9995248962493524
5863.0,818222.0,0.9997285000002526
5864.0,817610.0,0.998977638506865
5865.0,817256.0,0.9985417985792228
5866.0,817279.0,0.9985663775498552
5867.0,817270.0,0.9985516525645081
5868.0,817236.0,0.9985061805549444
5869.0,817261.0,0.9985325972513441
5870.0,817228.0,0.9984879551411651
5871.0,817034.0,0.9982464143151587
5872.0,816415.0,0.9974854295676858
5873.0,815627.0,0.996517788475579
5874.0,815528.0,0.9963917814222969
5875.0,816538.0,0.9976205423313403
5876.0,817384.0,0.9986487499809484
5877.0,817161.0,0.9983707224445683
5878.0,816191.0,0.9971798884781404
5879.0,815380.0,0.996183165547346
5880.0,814997.0,0.9957092008314533
5881.0,815000.0,0.9957066763612427
5882.0,815713.0,0.9965714238563831
5883.0,815922.0,0.9968202739419435
5884.0,815101.0,0.995810627030024
5885.0,815282.0,0.9960249943334499
5886.0,816374.0,0.9973521812857864
5887.0,815856.0,0.9967123209446075
5888.0,812510.0,0.9926174673420289
5889.0,806929.0,0.9857921440071861
5890.0,803768.0,0.9819231978183848
5891.0,808314.0,0.9874693831776777
5892.0,814242.0,0.9947036701416581
5893.0,815931.0,0.9967592840352028
5894.0,814575.0,0.9950949536089005
5895.0,810661.0,0.9903056912888315
5896.0,808316.0,0.9874330906855748
5897.0,811425.0,0.9912229599755298
5898.0,814677.0,0.9951873655663224
5899.0,816115.0,0.9969357075773088
5900.0,816664.0,0.99759798069256
5901.0,815602.0,0.9962922624184006
5902.0,815143.0,0.9957230781592404
5903.0,816296.0,0.9971229279568613
5904.0,816823.0,0.9977580236282013
5905.0,816903.0,0.9978470372520668
5906.0,817094.0,0.9980715779518508
5907.0,816275.0,0.9970623685309091
5908.0,815710.0,0.9963633807730152
5909.0,816923.0,0.9978361104052806
5910.0,817616.0,0.9986736204553637
5911.0,816347.0,0.9971146227751718
5912.0,815515.0,0.9960893816619378
5913.0,816286.0,0.9970220537085567
5914.0,816971.0,0.9978496421553923
5915.0,816730.0,0.9975461856847152
5916.0,816699.0,0.9974992058946857
5917.0,816976.0,0.9978283936418665
5918.0,816758.0,0.9975529928354698
5919.0,816086.0,0.9967230990916247
5920.0,815430.0,0.995912758688078
5921.0,815582.0,0.9960892629184136
5922.0,815855.0,0.996413547054001
5923.0,815893.0,0.9964508277380035
5924.0,816250.0,0.9968777111589121
5925.0,817287.0,0.998135072005955
5926.0,817704.0,0.9986352437798852
5927.0,816850.0,0.9975832131758402
5928.0,816572.0,0.997234666207477
5929.0,817121.0,0.9978961173213543
5930.0,818087.0,0.9990668415162502
5931.0,818353.0,0.9993827348781589
5932.0,817053.0,0.9977862638263042
5933.0,815378.0,0.9957319210667525
5934.0,815736.0,0.9961603232449908
5935.0,817915.0,0.9988125207213572
5936.0,819003.0,1.0001324458511265
5937.0,817554.0,0.9983543576062824
5938.0,815749.0,0.9961416405346786
5939.0,816073.0,0.9965288098883431
5940.0,817509.0,0.9982739274784467
5941.0,817913.0,0.9987589107389968
5942.0,817130.0,0.9977945252489067
5943.0,816781.0,0.9973601916661662
5944.0,817264.0,0.997941889126208
5945.0,817271.0,0.997942441598932
5946.0,817486.0,0.9981970699098213
5947.0,817353.0,0.9980268694860667
5948.0,816078.0,0.9964623497807137
5949.0,816215.0,0.9966220540166184
5950.0,817482.0,0.9981616191797013
5951.0,817647.0,0.9983557227519263
5952.0,817739.0,0.9984608092638205
5953.0,817906.0,0.9986575914892752
5954.0,816553.0,0.9969986009932258
5955.0,815574.0,0.9957964088004309
5956.0,815946.0,0.9962438944828335
5957.0,815791.0,0.9960480660490802
5958.0,816306.0,0.9966704194783161
5959.0,817547.0,0.9981793158683596
5960.0,817146.0,0.997683564730408
5961.0,816614.0,0.9970280310378653
5962.0,817842.0,0.9985214851325516
5963.0,819047.0,0.9999870018449303
5964.0,819355.0,1.0003575108708245
5965.0,818802.0,0.9996769805599617
5966.0,817518.0,0.9981041402188846
5967.0,817236.0,0.9977548007363427
5968.0,817659.0,0.9982663372741628
5969.0,818058.0,0.9987487138617729
5970.0,818775.0,0.9996194656193591
5971.0,819265.0,1.0002132115468754
5972.0,818891.0,0.9997522632848717
5973.0,817703.0,0.9982976734729211
5974.0,816635.0,0.9969897252946625
5975.0,817896.0,0.9985252620945446
5976.0,819651.0,1.0006640026442966
5977.0,819490.0,1.0004637198276312
5978.0,818205.0,0.9988913354097264
5979.0,817063.0,0.997493649494435
5980.0,817350.0,0.9978406359535615
5981.0,818546.0,0.9992974469006062
5982.0,818902.0,0.9997288604589637
5983.0,818089.0,0.9987332355719208
5984.0,817416.0,0.9979086202115274
5985.0,817514.0,0.9980253369626747
5986.0,817527.0,0.9980383675852227
5987.0,817167.0,0.9975961193201739
5988.0,817627.0,0.9981550006246999
5989.0,818269.0,0.9989361346054639
5990.0,817800.0,0.9983610361039884
5991.0,817763.0,0.9983133840140681
5992.0,818189.0,0.9988310149285314
5993.0,816850.0,0.9971940235798995
5994.0,815112.0,0.9950700027173153
5995.0,815611.0,0.9956769126259774
5996.0,817522.0,0.9980075945647424
5997.0,817823.0,0.9983728700570845
5998.0,816714.0,0.9970169015376151
5999.0,816434.0,0.996672986115598
6000.0,815758.0,0.9958456812142495
6001.0,815092.0,0.9950306140723909
6002.0,815897.0,0.996011305618532
6003.0,815848.0,0.9959494888502676
6004.0,814084.0,0.9937940994633212
6005.0,813768.0,0.9934063748840709
6006.0,815902.0,0.9960094888508658
6007.0,817037.0,0.9973930736943193
6008.0,816604.0,0.996862530898006
6009.0,816889.0,0.9972084780048063
6010.0,817795.0,0.9983124946312231
6011.0,818203.0,0.998808570703081
6012.0,818178.0,0.9987760536804003
6013.0,817392.0,0.9978145437299346
6014.0,816118.0,0.9962573012923236
6015.0,815970.0,0.9960745757595727
6016.0,817349.0,0.9977558644059553
6017.0,818029.0,0.9985838303552691
6018.0,817785.0,0.9982838139872835
6019.0,816975.0,0.997292834557668
6020.0,816159.0,0.9962944913535694
6021.0,817154.0,0.9975068081299873
6022.0,818172.0,0.9987471441292427
6023.0,817271.0,0.9976448906478927
6024.0,816698.0,0.9969429731909246
6025.0,817195.0,0.9975471420684761
6026.0,817198.0,0.9975482190389345
6027.0,817182.0,0.9975260329000136
6028.0,817138.0,0.9974695939381353
6029.0,817280.0,0.997640124971262
6030.0,817531.0,0.9979436279702559
6031.0,816804.0,0.9970532229244303
6032.0,816578.0,0.9967742916164232
6033.0,816871.0,0.9971287968059769
6034.0,817416.0,0.9977908112029893
6035.0,818080.0,0.9985979800314566
6036.0,817257.0,0.9975899238038517
6037.0,815867.0,0.9958896577776151
6038.0,816171.0,0.996257070144113
6039.0,817722.0,0.9981465068784687
6040.0,817681.0,0.9980925547949856
6041.0,816498.0,0.9966445179232486
6042.0,816362.0,0.9964743647886458
6043.0,817184.0,0.9974734403472915
6044.0,817100.0,0.9973664945538625
6045.0,816653.0,0.9968163306521519
6046.0,817360.0,0.9976746106891425
6047.0,817859.0,0.9982788532337534
6048.0,816534.0,0.9966565779359746
6049.0,815470.0,0.9953527407717319
6050.0,816551.0,0.9966669089405632
6051.0,817930.0,0.9983446350244455
6052.0,817212.0,0.9974626486580882
6053.0,815634.0,0.9955308233949994
6054.0,815704.0,0.9956103227782707
6055.0,816734.0,0.9968613714357986
6056.0,816285.0,0.9963070506536662
6057.0,814242.0,0.9938070302593209
6058.0,812653.0,0.9918609752075838
6059.0,812296.0,0.9914184314669525
6060.0,814058.0,0.9935619526068724
6061.0,816865.0,0.9969806658449373
6062.0,819040.0,0.9996277807039843
6063.0,819552.0,1.00024499655795
6064.0,818348.0,0.9987676712067163
6065.0,818053.0,0.9983995543482436
6066.0,818851.0,0.9993651780201969
6067.0,819350.0,0.9999656552993811
6068.0,819453.0,1.0000826099747688
6069.0,819078.0,0.9996159768097655
6070.0,818226.0,0.9985669885164583
6071.0,817953.0,0.9982243935526811
6072.0,819035.0,0.9995351844917414
6073.0,819849.0,1.0005186490785274
6074.0,818819.0,0.9992515099520018
6075.0,817555.0,0.9976985872986132
6076.0,818164.0,0.9984311255110733
6077.0,819254.0,0.9997503645624737
6078.0,819646.0,1.0002175416970795
6079.0,819536.0,1.0000718583155461
6080.0,818569.0,0.9988801338622801
6081.0,818030.0,0.9982104382519642
6082.0,819117.0,0.9995246047700707
6083.0,820005.0,1.000595633779195
6084.0,819487.0,0.999950729701114
6085.0,819019.0,0.999366565837132
6086.0,818432.0,0.9986369279822168
6087.0,818142.0,0.9982694199162719
6088.0,819072.0,0.9993902354337869
6089.0,819387.0,0.9997603794137133
6090.0,819209.0,0.9995287479568876
6091.0,818927.0,0.999169995307348
6092.0,818680.0,0.9988537286365365
6093.0,818764.0,0.9989410944013565
6094.0,818710.0,0.9988598853511704
6095.0,819285.0,0.9995458767351861
6096.0,819631.0,0.9999522802575128
6097.0,819177.0,0.9993825086807224
6098.0,818398.0,0.9984161021836532
6099.0,817534.0,0.9973458773779195
6100.0,817952.0,0.9978394866681009
6101.0,819112.0,0.9992381152802986
6102.0,819739.0,0.9999863763969236
6103.0,819088.0,0.9991755143316917
6104.0,818265.0,0.9981547642839146
6105.0,818109.0,0.9979475784550317
6106.0,818257.0,0.9981111380607504
6107.0,818464.0,0.9983465882972725
6108.0,818822.0,0.9987661537536713
6109.0,819138.0,0.9991344257225966
6110.0,818828.0,0.9987391020162828
6111.0,818030.0,0.9977485507063515
6112.0,817571.0,0.9971714848926896
6113.0,817802.0,0.9974359923578363
6114.0,818647.0,0.9984493477335656
6115.0,819263.0,0.9991833893131795
6116.0,818757.0,0.99854904684638
6117.0,817512.0,0.9970134969634049
6118.0,816530.0,0.9957987850528829
6119.0,815665.0,0.9947268536274573
6120.0,813603.0,0.9921952721934393
6121.0,812044.0,0.9902772534303528
6122.0,814054.0,0.992711660570721
6123.0,818225.0,0.9977813040580669
6124.0,820058.0,0.9999998665316393
6125.0,820256.0,1.0002247439309113
6126.0,820657.0,1.0006972764410735
6127.0,820820.0,1.0008797222201349
6128.0,820940.0,1.0010098784312638
6129.0,821456.0,1.0016230424277135
6130.0,821672.0,1.001870563994983
6131.0,821085.0,1.001139169150396
6132.0,820270.0,1.0001299936885144
6133.0,820048.0,0.9998440651229212
6134.0,820066.0,0.9998509716120826
6135.0,820030.0,0.9997922613886013
6136.0,820258.0,1.0000556522329926
6137.0,820429.0,1.0002497842180944
6138.0,820338.0,1.0001247427331181
6139.0,820228.0,0.9999768038221264
6140.0,820180.0,0.9999047281463853
6141.0,820107.0,0.9998024602272819
6142.0,820080.0,0.999756567449789
6143.0,820329.0,1.0000474466208304
6144.0,820893.0,1.0007226392056277
6145.0,820968.0,1.0008020248754734
6146.0,820269.0,0.999938210122856
6147.0,819644.0,0.9991649691770009
6148.0,819659.0,0.9991722680507791
6149.0,819584.0,0.9990702238133995
6150.0,819432.0,0.9988746970506149
6151.0,819738.0,0.9992378509679435
6152.0,820087.0,0.9996538112036023
6153.0,819941.0,0.9994667922749005
6154.0,819789.0,0.9992728819768761
6155.0,819892.0,0.999390231161971
6156.0,819845.0,0.9993251802863389
6157.0,819575.0,0.9989887634486344
6158.0,819158.0,0.9984736331415873
6159.0,819123.0,0.998424597973897
6160.0,819492.0,0.9988684748886251
6161.0,819094.0,0.9983779567990968
6162.0,818625.0,0.9978014054207808
6163.0,818911.0,0.9981456177319911
6164.0,819002.0,0.998252671030251
6165.0,818856.0,0.9980713864964991
6166.0,818503.0,0.9976383428475808
6167.0,817981.0,0.996999868354186
6168.0,818462.0,0.9975844688702483
6169.0,819516.0,0.9988680436634996
6170.0,820026.0,0.9994891470137756
6171.0,820188.0,0.9996866861797536
6172.0,820279.0,0.9997982936949908
6173.0,819975.0,0.9994290716049853
6174.0,819972.0,0.9994273511513925
6175.0,819761.0,0.9991727458639722
6176.0,819198.0,0.9984897475106033
6177.0,819466.0,0.9988202809919975
6178.0,819920.0,0.9993781962333956
6179.0,819659.0,0.9990652977400182
6180.0,819441.0,0.9988054975079691
6181.0,819417.0,0.9987828594225133
6182.0,819113.0,0.9984196383440107
6183.0,818774.0,0.9980144701516434
6184.0,818870.0,0.9981402576151669
6185.0,818882.0,0.9981643978638396
6186.0,818484.0,0.997689521370848
6187.0,817906.0,0.9969959832236999
6188.0,817543.0,0.9965652804874444
6189.0,816918.0,0.9958159730019706
6190.0,815129.0,0.9936485124010818
6191.0,814290.0,0.9926398656773512
6192.0,816271.0,0.9950697011220679
6193.0,818843.0,0.9982208994741718
6194.0,819895.0,0.9995200291459011
6195.0,819615.0,0.9991962027297936
6196.0,819358.0,0.9989012612008988
6197.0,819831.0,0.9994971550248751
6198.0,820628.0,1.0004889626973203
6199.0,820796.0,1.00071482320269
6200.0,820302.0,1.0001344647676063
