wave,flux,norm
3800.0,465798.0,0.9736960508856198
3801.0,471176.0,0.9837394875202299
3802.0,472853.0,0.9860355234676551
3803.0,472696.0,0.9845009647613951
3804.0,474631.0,0.9873167032407365
3805.0,477400.0,0.9918530778553354
3806.0,478172.0,0.9922292426004017
3807.0,478013.0,0.9906698892230549
3808.0,479083.0,0.991653245352803
3809.0,479283.0,0.9908305591255285
3810.0,476208.0,0.9832429372777624
3811.0,470587.0,0.9704191696370859
3812.0,464405.0,0.9564673614154359
3813.0,460831.0,0.9479105032515596
3814.0,458008.0,0.940913437189181
3815.0,450211.0,0.9237240778162449
3816.0,445842.0,0.9135983669557172
3817.0,453264.0,0.9276248567776084
3818.0,456957.0,0.9339894275257155
3819.0,447095.0,0.9126633184163842
3820.0,433316.0,0.8834019797996553
3821.0,432781.0,0.8811775267660856
3822.0,440714.0,0.8961741268149632
3823.0,438723.0,0.8909740404741012
3824.0,425770.0,0.8635501899733584
3825.0,411557.0,0.8336412655291954
3826.0,404989.0,0.8192716940330478
3827.0,406437.0,0.8211307537721168
3828.0,406910.0,0.8210142010628869
3829.0,404500.0,0.8150850819568508
3830.0,402221.0,0.8094316457892892
3831.0,396070.0,0.796007818676074
3832.0,385827.0,0.7744027656610653
3833.0,385502.0,0.7727317834630804
3834.0,393156.0,0.7870347272736173
3835.0,403629.0,0.8069324929763428
3836.0,414051.0,0.826672630797572
3837.0,408255.0,0.814020156699629
3838.0,390816.0,0.7782138789122488
3839.0,389542.0,0.7746454958054729
3840.0,397597.0,0.7896106298301652
3841.0,402619.0,0.7985175261788997
3842.0,412203.0,0.8164334237612798
3843.0,420441.0,0.8316360159345196
3844.0,419299.0,0.8282660034164466
3845.0,411367.0,0.8115073117181659
3846.0,402244.0,0.792444321306797
3847.0,398179.0,0.7833808752513083
3848.0,396181.0,0.77840020475081
3849.0,390620.0,0.7664392371454876
3850.0,391780.0,0.7676774141875099
3851.0,406640.0,0.7957179487555551
3852.0,418980.0,0.8187555057366593
3853.0,415596.0,0.8110423428556857
3854.0,412213.0,0.8033493473983975
3855.0,419485.0,0.8164116058380017
3856.0,418664.0,0.8137063857558874
3857.0,409331.0,0.7944846865485594
3858.0,399261.0,0.7738842487354012
3859.0,382987.0,0.7413287184408892
3860.0,368393.0,0.7121070832450981
3861.0,371586.0,0.7172984798496166
3862.0,403640.0,0.7781098271639073
3863.0,439760.0,0.8465801544210053
3864.0,444207.0,0.8539706661156852
3865.0,425526.0,0.8169367002259187
3866.0,400351.0,0.7675515393868667
3867.0,370172.0,0.7087190522358582
3868.0,334712.0,0.639948970491255
3869.0,293154.0,0.5597228395756438
3870.0,241184.0,0.4598630125597627
3871.0,200180.0,0.3811563063729961
3872.0,217220.0,0.4130326133703219
3873.0,281409.0,0.5343481608071634
3874.0,336685.0,0.6384275351033218
3875.0,368649.0,0.698075070533308
3876.0,374739.0,0.7086290092250096
3877.0,351545.0,0.6638526261706373
3878.0,328858.0,0.6201541466334449
3879.0,310658.0,0.5850245035314968
3880.0,278556.0,0.5238465737499881
3881.0,239627.0,0.45001525239466095
3882.0,222970.0,0.41815533516682374
3883.0,272189.0,0.5097548332182795
3884.0,380452.0,0.7115248808714849
3885.0,466725.0,0.8716669927297099
3886.0,494423.0,0.9221199398925196
3887.0,497210.0,0.9260356869444161
3888.0,470563.0,0.8751947235728561
3889.0,411130.0,0.7635985038572526
3890.0,392351.0,0.7277121149557976
3891.0,425059.0,0.7872867964095244
3892.0,448171.0,0.8289463010371542
3893.0,453827.0,0.8382467372875849
3894.0,449181.0,0.8285177701396325
3895.0,421017.0,0.7754950310572958
3896.0,424684.0,0.7811676801656696
3897.0,442625.0,0.8130426814877018
3898.0,450059.0,0.8255549118090405
3899.0,477439.0,0.8745680397028162
3900.0,485217.0,0.8875871681854011
3901.0,437648.0,0.799464834229756
3902.0,400263.0,0.73016229459418
3903.0,446662.0,0.8136781311943555
3904.0,501690.0,0.9126597963743569
3905.0,494196.0,0.8977857525481304
3906.0,478796.0,0.8686087266980509
3907.0,485807.0,0.8801117763891748
3908.0,488149.0,0.8831349412494006
3909.0,473713.0,0.8558364750515199
3910.0,432243.0,0.7798382269741249
3911.0,439970.0,0.7926855286935296
3912.0,502515.0,0.9041249908856649
3913.0,518212.0,0.9310837898694037
3914.0,484322.0,0.8689957339043758
3915.0,464512.0,0.8323056377976809
3916.0,490925.0,0.8784232366762124
3917.0,538961.0,0.9630505971759282
3918.0,554584.0,0.9896065047045666
3919.0,515225.0,0.9181125616968558
3920.0,429123.0,0.7636334752214236
3921.0,382977.0,0.6805819138946176
3922.0,440218.0,0.7812327583756272
3923.0,520840.0,0.9230438301431145
3924.0,560848.0,0.9925877964145193
3925.0,570809.0,1.008836439827541
3926.0,556722.0,0.98259594649575
3927.0,508605.0,0.8964463445348365
3928.0,469119.0,0.8257227610175808
3929.0,488823.0,0.8592329091012482
3930.0,509077.0,0.893616696931815
3931.0,479549.0,0.8406395524256411
3932.0,404133.0,0.707474337983976
3933.0,325181.0,0.5684884064198792
3934.0,310777.0,0.5425701935502298
3935.0,359818.0,0.6273372980428132
3936.0,438847.0,0.7640874762490386
3937.0,522343.0,0.9082345604354702
3938.0,565571.0,0.9820695811842632
3939.0,575618.0,0.998166455878165
3940.0,576658.0,0.998621729486386
3941.0,572341.0,0.989810947504115
3942.0,547237.0,0.945122675150067
3943.0,491184.0,0.8471745810028886
3944.0,463465.0,0.798292916302561
3945.0,499112.0,0.8585402009481896
3946.0,533568.0,0.9165799755398729
3947.0,548266.0,0.9405687699407892
3948.0,562368.0,0.9634721977207169
3949.0,574825.0,0.9834998271714406
3950.0,576980.0,0.9858711778228952
3951.0,553161.0,0.943914076516634
3952.0,504247.0,0.8593032817769551
3953.0,493795.0,0.8403744158844454
3954.0,543071.0,0.9230101845862004
3955.0,583405.0,0.9902493016520294
3956.0,595490.0,1.0094252596280344
3957.0,598219.0,1.0127120702468835
3958.0,597848.0,1.0107493108828138
3959.0,593671.0,1.0023657268126043
3960.0,578514.0,0.9754898827262263
3961.0,537501.0,0.9051436864885695
3962.0,491297.0,0.8262520641412004
3963.0,496919.0,0.8346129031921451
3964.0,546308.0,0.9163659862825901
3965.0,579558.0,0.9708700078604621
3966.0,572203.0,0.9572998066663128
3967.0,514778.0,0.8601067790882952
3968.0,431914.0,0.7207175972898194
3969.0,420500.0,0.7007614575050048
3970.0,479248.0,0.7976305850020818
3971.0,510666.0,0.8488220342363889
3972.0,505828.0,0.8396952909169682
3973.0,504799.0,0.8369074550079626
3974.0,511645.0,0.8471664370037224
3975.0,541012.0,0.8946412712998197
3976.0,582534.0,0.9620691956371781
3977.0,605052.0,0.9979797230790064
3978.0,611222.0,1.0068690111797807
3979.0,613385.0,1.0091439774773134
3980.0,613956.0,1.0087980329152757
3981.0,599784.0,0.9842600875250366
3982.0,566137.0,0.9278666986869282
3983.0,551416.0,0.9025962047199138
3984.0,574587.0,0.9393362336433299
3985.0,577938.0,0.9436234548310765
3986.0,535318.0,0.8729363679929782
3987.0,512867.0,0.8352756782160026
3988.0,554342.0,0.9016921483754997
3989.0,601742.0,0.9775688291915546
3990.0,618981.0,1.004319641240669
3991.0,620748.0,1.0059321642258716
3992.0,613650.0,0.9931936879393426
3993.0,590661.0,0.9548001579307763
3994.0,565260.0,0.9126085834334778
3995.0,575049.0,0.927266138432213
3996.0,606511.0,0.9767932177167077
3997.0,620467.0,0.9980405984606353
3998.0,613169.0,0.9850912126965994
3999.0,577925.0,0.9273328595473607
4000.0,512530.0,0.8213959484594762
4001.0,477104.0,0.7636891394102807
4002.0,525231.0,0.8397024126944311
4003.0,593103.0,0.947060828357838
4004.0,617515.0,0.9848479512642416
4005.0,601332.0,0.9578800691794894
4006.0,570756.0,0.9080791161722699
4007.0,569169.0,0.9044656196075733
4008.0,601811.0,0.9551901147538829
4009.0,626852.0,0.9937447420069009
4010.0,633381.0,1.0028968217551786
4011.0,634374.0,1.0032733300337524
4012.0,633717.0,1.0010440765855513
4013.0,627896.0,0.9906740740900074
4014.0,610467.0,0.9620370738349695
4015.0,571295.0,0.8992446832686023
4016.0,511307.0,0.8038746713129997
4017.0,471445.0,0.7403347091564941
4018.0,491608.0,0.7710948729329038
4019.0,529165.0,0.8290354787797003
4020.0,557093.0,0.8717745373392217
4021.0,595907.0,0.9314312146557082
4022.0,628219.0,0.980800204190122
4023.0,635645.0,0.9912487644239909
4024.0,616470.0,0.9602402044020926
4025.0,572977.0,0.8914693611264021
4026.0,542006.0,0.8423178540590641
4027.0,550289.0,0.8542142591345548
4028.0,574537.0,0.8908394910778705
4029.0,592479.0,0.9176166854501716
4030.0,590839.0,0.9140412406057694
4031.0,583478.0,0.9016351637948481
4032.0,577164.0,0.8908749298364455
4033.0,542537.0,0.8364874869111834
4034.0,493358.0,0.7598122470409939
4035.0,482135.0,0.741699954249408
4036.0,509267.0,0.782567960219253
4037.0,537490.0,0.8250215947635486
4038.0,557894.0,0.8553945709040748
4039.0,554514.0,0.8492756328946781
4040.0,539640.0,0.8255875146758889
4041.0,565677.0,0.8644737904610975
4042.0,599752.0,0.9155474138507128
4043.0,596133.0,0.9090329602642446
4044.0,585742.0,0.8922194297292408
4045.0,581429.0,0.8846925366316708
4046.0,564984.0,0.8587439941813977
4047.0,541365.0,0.8219609031291821
4048.0,534759.0,0.8110619929252253
4049.0,545788.0,0.8269065631582191
4050.0,562465.0,0.8512674360017988
4051.0,584173.0,0.8831848654862011
4052.0,592168.0,0.8943268296456299
4053.0,592462.0,0.8938292955039038
4054.0,601510.0,0.90652810953984
4055.0,604784.0,0.9105098353705395
4056.0,599241.0,0.9012253223308784
4057.0,588526.0,0.8841921119992573
4058.0,574808.0,0.8626894918926595
4059.0,580305.0,0.870042265715953
4060.0,612862.0,0.9179112331918916
4061.0,644194.0,0.9638517570300523
4062.0,650991.0,0.9730289482445128
4063.0,635929.0,0.9495509078599379
4064.0,601951.0,0.8979067859820249
4065.0,541196.0,0.8064674299580427
4066.0,487203.0,0.7252805088139569
4067.0,516784.0,0.768547249904697
4068.0,595643.0,0.8849417540096953
4069.0,640857.0,0.9511709623489127
4070.0,652125.0,0.9669383597817093
4071.0,649960.0,0.9627793064323166
4072.0,643274.0,0.9519409018670304
4073.0,625589.0,0.9248656840772221
4074.0,588396.0,0.8690335714980897
4075.0,572020.0,0.8440283795126248
4076.0,608309.0,0.8967074771636534
4077.0,648892.0,0.9556115896530557
4078.0,664015.0,0.9769471036060978
4079.0,668323.0,0.9823482512774593
4080.0,668113.0,0.9811076115775375
4081.0,661378.0,0.9702996431930713
4082.0,637521.0,0.9344192640230391
4083.0,579816.0,0.8490444113302428
4084.0,504715.0,0.7383820271068876
4085.0,500525.0,0.7315721214894791
4086.0,583134.0,0.8515261429043525
4087.0,652310.0,0.9516641175245806
4088.0,677394.0,0.9873538714085344
4089.0,682942.0,0.9945324061364146
4090.0,680912.0,0.9906757658124871
4091.0,679242.0,0.9873527255371869
4092.0,676323.0,0.982225076846699
4093.0,662727.0,0.9616176200474001
4094.0,632418.0,0.9168212847550633
4095.0,594310.0,0.8608114898236376
4096.0,574426.0,0.8312764946157094
4097.0,597886.0,0.8644662401900576
4098.0,647040.0,0.9347185864487066
4099.0,673137.0,0.9715723956366439
4100.0,666632.0,0.961350335690142
4101.0,640133.0,0.9223408301139019
4102.0,617719.0,0.8892825041795205
4103.0,605653.0,0.8711684027138492
4104.0,582205.0,0.8367303343395189
4105.0,570577.0,0.8193266144513355
4106.0,586853.0,0.8419905429119791
4107.0,611931.0,0.8772376764901806
4108.0,626113.0,0.8968221373258211
4109.0,616089.0,0.8817341474392316
4110.0,616566.0,0.8816905820412555
4111.0,643840.0,0.9199385398567984
4112.0,667715.0,0.953274584288974
4113.0,679683.0,0.9695742963549843
4114.0,688687.0,0.9816262096954562
4115.0,694780.0,0.989516183911269
4116.0,695878.0,0.990288599672497
4117.0,689382.0,0.9802648431135108
4118.0,668974.0,0.9504937483021553
4119.0,639690.0,0.9081714348991843
4120.0,634177.0,0.8996399121294294
4121.0,655868.0,0.9296860403311114
4122.0,667022.0,0.9447640183665433
4123.0,656554.0,0.9292201598852845
4124.0,637307.0,0.9012878190387307
4125.0,623034.0,0.8804300272761395
4126.0,620016.0,0.8754995235796474
4127.0,626539.0,0.884041530359451
4128.0,635517.0,0.8960348116887908
4129.0,641835.0,0.9042652854924405
4130.0,648600.0,0.9131155711167491
4131.0,653482.0,0.9193065491290737
4132.0,641826.0,0.9022429936421001
4133.0,614120.0,0.8626616618778192
4134.0,595405.0,0.8357614287713713
4135.0,609120.0,0.8543913283093211
4136.0,636892.0,0.8926997563586405
4137.0,642415.0,0.8997926877316932
4138.0,632512.0,0.8852872783281902
4139.0,633931.0,0.886640579640551
4140.0,643738.0,0.8997179877768626
4141.0,638418.0,0.891652218778566
4142.0,625645.0,0.8731983878758546
4143.0,635191.0,0.8859012406052903
4144.0,646275.0,0.900732426582983
4145.0,633352.0,0.8821094720598545
4146.0,630158.0,0.8770555705093399
4147.0,651736.0,0.9064651164746674
4148.0,644143.0,0.8952922065860616
4149.0,595097.0,0.8265607723115825
4150.0,580246.0,0.8053878637217923
4151.0,627602.0,0.8705315394474271
4152.0,659750.0,0.9145094870568011
4153.0,642631.0,0.8901853898952274
4154.0,622530.0,0.8617680507620378
4155.0,641972.0,0.8880937896736398
4156.0,668268.0,0.9238625745102542
4157.0,660162.0,0.9120580956973297
4158.0,634987.0,0.8767048038162051
4159.0,632920.0,0.873283456462763
4160.0,657907.0,0.9071728880641377
4161.0,674404.0,0.9293217565281464
4162.0,659016.0,0.9075354505914237
4163.0,640126.0,0.8809596779925838
4164.0,637721.0,0.8770926009111698
4165.0,647122.0,0.8894597305999596
4166.0,645384.0,0.8865126553131317
4167.0,617936.0,0.8482777477108233
4168.0,612458.0,0.8402333676164894
4169.0,634908.0,0.8704917126700574
4170.0,657392.0,0.9007611973053646
4171.0,675265.0,0.9246813174483217
4172.0,666452.0,0.9120538315167398
4173.0,656589.0,0.8980077999576512
4174.0,664469.0,0.9082330198065348
4175.0,665187.0,0.9086643927025216
4176.0,669665.0,0.9142304462799361
4177.0,666766.0,0.9097267529393562
4178.0,651998.0,0.8890462104152548
4179.0,652798.0,0.8896077105569994
4180.0,641428.0,0.8735954843752626
4181.0,609542.0,0.8296786747825498
4182.0,588692.0,0.8008281388022009
4183.0,576596.0,0.7839146462792539
4184.0,583743.0,0.793169228465531
4185.0,598815.0,0.8131766622000226
4186.0,579976.0,0.7871388699759921
4187.0,566142.0,0.767921524188369
4188.0,573369.0,0.7772788003735643
4189.0,580893.0,0.7870293278065581
4190.0,613383.0,0.8305765560906502
4191.0,640603.0,0.8669440176296349
4192.0,627324.0,0.848494683098573
4193.0,621071.0,0.8395655010187026
4194.0,609218.0,0.8230820628716218
4195.0,584577.0,0.7893510111519771
4196.0,601780.0,0.8121292988826665
4197.0,625110.0,0.8431479689732991
4198.0,615151.0,0.8292585163229343
4199.0,610263.0,0.8222180800259271
4200.0,617922.0,0.8320823905793122
4201.0,615130.0,0.8278719676767615
4202.0,633714.0,0.8524208487797837
4203.0,661539.0,0.8893681952691415
4204.0,654432.0,0.8793402026765031
4205.0,617774.0,0.8296390002724133
4206.0,597202.0,0.8015835203717326
4207.0,608651.0,0.8165160271891326
4208.0,641308.0,0.8598698559654558
4209.0,651970.0,0.8737037689108637
4210.0,628932.0,0.8423869833272614
4211.0,600686.0,0.8041325540130284
4212.0,585874.0,0.7838940173883076
4213.0,593898.0,0.7942162735932564
4214.0,617703.0,0.8256219272560709
4215.0,634530.0,0.8476743541905559
4216.0,622242.0,0.8308303645075176
4217.0,599439.0,0.7999723171306864
4218.0,603184.0,0.8045581958339514
4219.0,647022.0,0.8625914290940997
4220.0,697006.0,0.9287563444065783
4221.0,699342.0,0.9313969499511072
4222.0,667339.0,0.888325970248724
4223.0,628002.0,0.835541937708244
4224.0,616216.0,0.8194496667860407
4225.0,634542.0,0.8433978246270859
4226.0,637738.0,0.8472232909649863
4227.0,640468.0,0.8504273187337028
4228.0,663363.0,0.8803915550542536
4229.0,660935.0,0.8767361281170541
4230.0,616896.0,0.8179152392283568
4231.0,588100.0,0.7793532928339333
4232.0,613616.0,0.8127694449331212
4233.0,674832.0,0.8934175919862933
4234.0,719972.0,0.9527154518769577
4235.0,687549.0,0.9093700611533712
4236.0,569513.0,0.7528884779442614
4237.0,484562.0,0.6402756449857753
4238.0,505638.0,0.6678032909439088
4239.0,563710.0,0.7441430037637753
4240.0,606642.0,0.8004340176521055
4241.0,607197.0,0.8007844951978804
4242.0,534536.0,0.7046225588918441
4243.0,473977.0,0.6244978655109316
4244.0,529225.0,0.6969613621586297
4245.0,636312.0,0.8375942182477547
4246.0,680053.0,0.8947507325370817
4247.0,619533.0,0.8147418431134112
4248.0,514437.0,0.676214643588509
4249.0,482429.0,0.6338450358568736
4250.0,562192.0,0.738298809449646
4251.0,648537.0,0.8512959838224634
4252.0,649718.0,0.8524512194664922
4253.0,589785.0,0.773459639174792
4254.0,539883.0,0.707690487436304
4255.0,524320.0,0.6869741110962295
4256.0,576942.0,0.7555736522223486
4257.0,660370.0,0.8644365896993073
4258.0,649792.0,0.8502013079464403
4259.0,599587.0,0.7841545342093227
4260.0,608097.0,0.7949224881958425
4261.0,599248.0,0.7829993683124117
4262.0,570091.0,0.7445644823745784
4263.0,559549.0,0.7304659476941469
4264.0,523553.0,0.6831665997612335
4265.0,520828.0,0.6793050017404861
4266.0,555106.0,0.7236878997732991
4267.0,538170.0,0.7012940501707032
4268.0,520353.0,0.6777731867749676
4269.0,514538.0,0.6698997107911328
4270.0,476709.0,0.6203718156677627
4271.0,474704.0,0.6174877119877817
4272.0,510448.0,0.6636880484749278
4273.0,501970.0,0.6523755101654036
4274.0,457932.0,0.5948789522157448
4275.0,454423.0,0.590059704928396
4276.0,494739.0,0.6421258525803408
4277.0,552877.0,0.71726756434285
4278.0,576107.0,0.7470759890965002
4279.0,498751.0,0.6464793451797719
4280.0,398307.0,0.5160577974694321
4281.0,436292.0,0.5650247375037337
4282.0,554169.0,0.7173688521946022
4283.0,611584.0,0.7913465984973517
4284.0,565813.0,0.7318029187607624
4285.0,451106.0,0.5831907905262902
4286.0,399722.0,0.5165366991479489
4287.0,477376.0,0.6166163304183121
4288.0,561041.0,0.724370201826894
4289.0,561571.0,0.724740285157589
4290.0,555206.0,0.7162157143561513
4291.0,558223.0,0.7197962664086313
4292.0,574910.0,0.7409929761562476
4293.0,603334.0,0.7772926900490538
4294.0,584910.0,0.7532316621462671
4295.0,530692.0,0.6831168135290572
4296.0,461716.0,0.5940738553053783
4297.0,379725.0,0.4883688427965559
4298.0,344734.0,0.44317604115851805
4299.0,308522.0,0.3964531176403851
4300.0,268202.0,0.3444937888227133
4301.0,283523.0,0.3640168584693182
4302.0,306128.0,0.39287120590822255
4303.0,294850.0,0.37823554631712464
4304.0,281287.0,0.36068247882818144
4305.0,290412.0,0.3722238724967828
4306.0,321380.0,0.411739839554242
4307.0,323657.0,0.4144799428741121
4308.0,270654.0,0.3464555478074131
4309.0,219024.0,0.2802459912278358
4310.0,193218.0,0.24712119107219416
4311.0,184943.0,0.23643679913959229
4312.0,213856.0,0.27328351596607775
4313.0,305828.0,0.39064666014092814
4314.0,446029.0,0.5694884032836901
4315.0,597106.0,0.7620582634035064
4316.0,711877.0,0.9081481153006347
4317.0,752940.0,0.9601235000225485
4318.0,754244.0,0.961376751020583
4319.0,769145.0,0.9799524496650464
4320.0,771644.0,0.9827177445777422
4321.0,716776.0,0.9124525680525306
4322.0,588807.0,0.7492294222795319
4323.0,422761.0,0.537714533244827
4324.0,348272.0,0.44278244296462343
4325.0,403578.0,0.5128782221371209
4326.0,492344.0,0.6254179311513424
4327.0,545039.0,0.6920605878315476
4328.0,551403.0,0.6998427541346336
4329.0,553500.0,0.7022046812772548
4330.0,583825.0,0.7403608877233696
4331.0,618612.0,0.7841402241023109
4332.0,612752.0,0.7763805805904783
4333.0,579510.0,0.7339480322237801
4334.0,565558.0,0.7159717450187862
4335.0,599060.0,0.7580595363393615
4336.0,639943.0,0.8094470433811755
4337.0,611050.0,0.7725701782135159
4338.0,544228.0,0.6877902247667763
4339.0,522163.0,0.6596218190273224
4340.0,549681.0,0.6940860460567997
4341.0,559777.0,0.7065309160460317
4342.0,550305.0,0.6942773013706238
4343.0,556957.0,0.7023675068107635
4344.0,611029.0,0.7702250658792873
4345.0,663256.0,0.8356990895363995
4346.0,640880.0,0.8071573511713698
4347.0,596881.0,0.751418376312819
4348.0,597833.0,0.7522917992390435
4349.0,646392.0,0.813045055322631
4350.0,635722.0,0.7992780414505152
4351.0,546713.0,0.6870713505905113
4352.0,457439.0,0.574628572429771
4353.0,423486.0,0.5317462791703899
4354.0,428873.0,0.5382763019827717
4355.0,426089.0,0.5345493440637971
4356.0,437155.0,0.5481931673044135
4357.0,478124.0,0.5993067389426405
4358.0,492893.0,0.6175490658506292
4359.0,477298.0,0.5977483437696145
4360.0,504603.0,0.6316671376871054
4361.0,560084.0,0.7008112159090529
4362.0,542838.0,0.6789335480634596
4363.0,490831.0,0.6136177055410424
4364.0,525453.0,0.6566113116117249
4365.0,585236.0,0.7309939999839347
4366.0,549052.0,0.6854949409987383
4367.0,507110.0,0.6328497957970112
4368.0,552545.0,0.6892448127368433
4369.0,573822.0,0.7154678363866381
4370.0,517283.0,0.6446854532839341
4371.0,468304.0,0.5833832402689402
4372.0,464560.0,0.5784608552833721
4373.0,490304.0,0.6102437484067733
4374.0,518168.0,0.6446350052784778
4375.0,534448.0,0.664589984443026
4376.0,528047.0,0.6563350479660468
4377.0,516901.0,0.6421917229411096
4378.0,530433.0,0.6587062890167545
4379.0,552021.0,0.6852048682555457
4380.0,545967.0,0.6773831909647267
4381.0,538054.0,0.6672624389440225
4382.0,542132.0,0.6720138951070748
4383.0,551150.0,0.6828809788717043
4384.0,558347.0,0.691482155653184
4385.0,538957.0,0.6671631938871645
4386.0,525206.0,0.6498429218870335
4387.0,534855.0,0.6614775360996464
4388.0,561651.0,0.6942972902975831
4389.0,558074.0,0.6895570125234334
4390.0,533940.0,0.6594317580178872
4391.0,534460.0,0.6597678836434208
4392.0,540431.0,0.6668287605307001
4393.0,545714.0,0.6730336988553376
4394.0,559666.0,0.6899185393381468
4395.0,569437.0,0.7016350520814986
4396.0,565159.0,0.6960372244837593
4397.0,566856.0,0.6977989395116618
4398.0,564232.0,0.6942414150157379
4399.0,549400.0,0.6756724487048137
4400.0,561836.0,0.6906394254857198
4401.0,602981.0,0.7408651566022298
4402.0,618664.0,0.7597725739244326
4403.0,594369.0,0.7295878990001189
4404.0,583383.0,0.7157599930633729
4405.0,592491.0,0.7265860500551555
4406.0,599445.0,0.7347604126414302
4407.0,621296.0,0.7611767796867425
4408.0,641744.0,0.7858484632368022
4409.0,639663.0,0.7829205361710964
4410.0,649070.0,0.7940482510289789
4411.0,687631.0,0.8408124645420236
4412.0,712084.0,0.8702873813200438
4413.0,697817.0,0.8524328786290462
4414.0,682794.0,0.8336714868404786
4415.0,673759.0,0.822234789024196
4416.0,667895.0,0.8146759265426465
4417.0,678900.0,0.8276892648433509
4418.0,701441.0,0.8547456092951916
4419.0,732721.0,0.8924172918034895
4420.0,744442.0,0.9062399337903758
4421.0,717798.0,0.873367327071502
4422.0,720930.0,0.876737406016008
4423.0,767203.0,0.9325407928072608
4424.0,780528.0,0.9482579734401158
4425.0,754370.0,0.9160142943302562
4426.0,734419.0,0.8913349223686087
4427.0,732722.0,0.8888219513737878
4428.0,742964.0,0.9007850565582352
4429.0,744266.0,0.9019008122814135
4430.0,738697.0,0.894691803623714
4431.0,764601.0,0.9255882525205716
4432.0,794992.0,0.9618800066569034
4433.0,795195.0,0.9616261393305389
4434.0,779110.0,0.9416839872116105
4435.0,757360.0,0.9149173447638018
4436.0,759514.0,0.9170387073078647
4437.0,792857.0,0.9567939643578023
4438.0,809291.0,0.9761110693894647
4439.0,787198.0,0.9489618542124807
4440.0,756971.0,0.9120392673092573
4441.0,749876.0,0.9030099633306
4442.0,774277.0,0.9318961295338959
4443.0,814788.0,0.9801287158389984
4444.0,839676.0,1.0095244944919584
4445.0,834220.0,1.002424458460352
4446.0,814434.0,0.9781201522260676
4447.0,788064.0,0.9459373733982742
4448.0,770694.0,0.9245849125217405
4449.0,779363.0,0.9344754441051843
4450.0,801162.0,0.9600881438140753
4451.0,816171.0,0.9775387038532379
4452.0,813042.0,0.9732562826059492
4453.0,800221.0,0.9573814766249353
4454.0,790991.0,0.9458164882473682
4455.0,790029.0,0.944143632462928
4456.0,802287.0,0.9582612647736903
4457.0,820089.0,0.9789798828006485
4458.0,839885.0,1.0020529727648277
4459.0,845878.0,1.008639903167332
4460.0,838961.0,0.9998324915089974
4461.0,827346.0,0.9854377897614063
4462.0,811422.0,0.9659283448479106
4463.0,808672.0,0.9621131808116107
4464.0,816826.0,0.9712666707831772
4465.0,822907.0,0.9779449871720587
4466.0,836097.0,0.99305806295766
4467.0,840434.0,0.997643746624533
4468.0,820296.0,0.9731862347428123
4469.0,791589.0,0.9385949590250465
4470.0,778946.0,0.9230783065128944
4471.0,788246.0,0.9335666534982535
4472.0,798627.0,0.9453215392418172
4473.0,795484.0,0.9410629675995129
4474.0,793257.0,0.9378912634059338
4475.0,809205.0,0.9561987291202337
4476.0,824890.0,0.9741736263870686
4477.0,823253.0,0.9716818371914481
4478.0,828051.0,0.9767828016887701
4479.0,842094.0,0.9927762533214478
4480.0,849958.0,1.0014699180758713
4481.0,852214.0,1.0035488099131946
4482.0,842962.0,0.9920806901191526
4483.0,834425.0,0.9814659836760871
4484.0,839995.0,0.987446069692867
4485.0,840782.0,0.9877991229105312
4486.0,828765.0,0.973116859973642
4487.0,820374.0,0.9627059985146007
4488.0,827086.0,0.9700195709442938
4489.0,838617.0,0.98297252722818
4490.0,846288.0,0.9913880006414464
4491.0,851978.0,0.9974737852784958
4492.0,848488.0,0.9928104497726871
4493.0,839181.0,0.9813494960835768
4494.0,824488.0,0.9636065427729323
4495.0,806984.0,0.9426003351488251
4496.0,805592.0,0.9404268324642435
4497.0,817358.0,0.9536067904429887
4498.0,819782.0,0.9558780867763914
4499.0,823637.0,0.9598139493754343
4500.0,837013.0,0.9748335735794412
4501.0,836982.0,0.97422989790829
4502.0,828861.0,0.9642154978896964
4503.0,833610.0,0.9691754466953811
4504.0,842651.0,0.9791164396789107
4505.0,842189.0,0.9780100613581414
4506.0,836099.0,0.9703729247616604
4507.0,846345.0,0.981692948987816
4508.0,867304.0,1.0054186480480465
4509.0,874464.0,1.0131294889745142
4510.0,859751.0,0.9955045372613509
4511.0,831933.0,0.9627345284039571
4512.0,820253.0,0.9486669851819001
4513.0,824632.0,0.9531780617155223
4514.0,824983.0,0.9530307028340002
4515.0,828239.0,0.9562374804260318
4516.0,835786.0,0.9643918602804609
4517.0,835891.0,0.9639547075829294
4518.0,840317.0,0.9684982767757356
4519.0,858234.0,0.9885766329958056
4520.0,869123.0,1.0005412558374567
4521.0,864513.0,0.9946599697533074
4522.0,855238.0,0.9834214737214054
4523.0,851291.0,0.9783191833659941
4524.0,848009.0,0.9739868038014047
4525.0,850586.0,0.9763852065833135
4526.0,854979.0,0.9808645380749285
4527.0,844925.0,0.968774410136917
4528.0,842208.0,0.9651061230010868
4529.0,859600.0,0.9844726031062403
4530.0,868122.0,0.9936646252680342
4531.0,858964.0,0.9826213562095776
4532.0,849987.0,0.9717980663969659
4533.0,843567.0,0.9639093476368771
4534.0,847597.0,0.9679640912256963
4535.0,863561.0,0.9856357680128847
4536.0,871513.0,0.9941485601260542
4537.0,873004.0,0.9952863089636166
4538.0,871503.0,0.9930142176524784
4539.0,870693.0,0.991532224119601
4540.0,865044.0,0.9845450770585027
4541.0,851134.0,0.9681695293881112
4542.0,855293.0,0.9723551084703781
4543.0,875160.0,0.9943846517603718
4544.0,882955.0,1.0026814077726351
4545.0,883513.0,1.0027559657926368
4546.0,886484.0,1.0055684069022008
4547.0,883132.0,1.001210161725735
4548.0,872066.0,0.9881170681134169
4549.0,858913.0,0.9726759164329498
4550.0,847456.0,0.9591722760828373
4551.0,845747.0,0.9567113760140274
4552.0,855735.0,0.9674785232135298
4553.0,869138.0,0.9820936527559129
4554.0,878272.0,0.9918726245324697
4555.0,887805.0,1.0020923275691749
4556.0,893554.0,1.0080331875610264
4557.0,888838.0,1.0021693614042475
4558.0,881819.0,0.9937177648100495
4559.0,875485.0,0.9860479377347254
4560.0,869842.0,0.9791653688194244
4561.0,874995.0,0.984437703295951
4562.0,880146.0,0.989703342182858
4563.0,879281.0,0.9882033469314944
4564.0,878417.0,0.9867073256449106
4565.0,880923.0,0.9889976117177478
4566.0,891073.0,0.9998640323142854
4567.0,898559.0,1.0077326557428719
4568.0,896213.0,1.0045735976098158
4569.0,890799.0,0.9979821019027909
4570.0,883992.0,0.9898391163988961
4571.0,870345.0,0.9740510220206148
4572.0,863176.0,0.9655268796123708
4573.0,873442.0,0.9765052719828479
4574.0,883168.0,0.9868704126500011
4575.0,880357.0,0.9832245016807363
4576.0,874954.0,0.9766904752029416
4577.0,878025.0,0.9796191758700271
4578.0,888450.0,0.9907472277405709
4579.0,895142.0,0.9977049115307172
4580.0,894477.0,0.9964614180987003
4581.0,896276.0,0.9979644130643698
4582.0,901562.0,1.0033482927552628
4583.0,902566.0,1.00396547845319
4584.0,897990.0,0.9983800069149248
4585.0,890240.0,0.9892747528170961
4586.0,887968.0,0.9862646676740212
4587.0,893444.0,0.9918608212804498
4588.0,895165.0,0.993286751704077
4589.0,891116.0,0.9883138055011537
4590.0,891529.0,0.9882938576582917
4591.0,894644.0,0.9912696652245625
4592.0,895082.0,0.9912798458922853
4593.0,897238.0,0.993193710982343
4594.0,900689.0,0.9965405589973314
4595.0,903022.0,0.9986498647797847
4596.0,904391.0,0.9996936473748904
4597.0,903167.0,0.9978736224305494
4598.0,902854.0,0.9970634502221303
4599.0,904185.0,0.9980708519246254
4600.0,902802.0,0.996085039404703
4601.0,898804.0,0.9912193398382552
4602.0,892114.0,0.9833928264828445
4603.0,887201.0,0.9775335429963942
4604.0,891995.0,0.9823722695882986
4605.0,898531.0,0.9891265103156407
4606.0,900281.0,0.9906107714504542
4607.0,901524.0,0.9915383836493953
4608.0,904365.0,0.9942242751289938
4609.0,906266.0,0.9958772073991018
4610.0,908337.0,0.9977178000461336
4611.0,911378.0,1.000624185374434
4612.0,911981.0,1.0008549096217403
4613.0,910075.0,0.9983355699455077
4614.0,909910.0,0.9977298864395711
4615.0,910428.0,0.9978757901730675
4616.0,907830.0,0.9946101742461175
4617.0,903762.0,0.9897398967220441
4618.0,897189.0,0.982133932429824
4619.0,893777.0,0.9779955174350363
4620.0,898288.0,0.9825289062650275
4621.0,903728.0,0.9880766940971432
4622.0,907137.0,0.9914027173900523
4623.0,910199.0,0.9943493799437055
4624.0,912328.0,0.9962772330277881
4625.0,912918.0,0.9965260054634459
4626.0,912401.0,0.9955690691715299
4627.0,910640.0,0.993258407449194
4628.0,909951.0,0.9921207256686497
4629.0,909935.0,0.9917197793693902
4630.0,911059.0,0.9925634844395309
4631.0,912674.0,0.9939436172562793
4632.0,912983.0,0.9939032950116747
4633.0,912235.0,0.9927150938003155
4634.0,906283.0,0.9858691228518105
4635.0,897358.0,0.9757976900843262
4636.0,895302.0,0.9732026703331774
4637.0,900318.0,0.9782963474624331
4638.0,906360.0,0.9845030347583182
4639.0,911613.0,0.9898507848775328
4640.0,914893.0,0.9930554079079771
4641.0,916605.0,0.9945586730162552
4642.0,915807.0,0.993340654338712
4643.0,915294.0,0.9924347920804402
4644.0,915828.0,0.9926666773219281
4645.0,916137.0,0.9926568701832846
4646.0,916119.0,0.9922951352486472
4647.0,915325.0,0.9910956601015253
4648.0,915008.0,0.9904155533421869
4649.0,914888.0,0.9899513021969131
4650.0,913924.0,0.9885766467132534
4651.0,912669.0,0.9868904594136446
4652.0,910389.0,0.9840996054012421
4653.0,906827.0,0.9799274385845816
4654.0,904085.0,0.976645989908907
4655.0,903455.0,0.9756496044422885
4656.0,906825.0,0.978974266462358
4657.0,912102.0,0.9843570253258066
4658.0,913227.0,0.9852590302386373
4659.0,914103.0,0.9858940678575097
4660.0,916874.0,0.988574050524538
4661.0,917186.0,0.9886040453976899
4662.0,915916.0,0.9869315077638908
4663.0,915977.0,0.9866958926969087
4664.0,917617.0,0.9881629435132766
4665.0,918292.0,0.9885923592329388
4666.0,916691.0,0.9865741303159749
4667.0,916148.0,0.985697531291507
4668.0,916717.0,0.9860196186634229
4669.0,917346.0,0.9864081320340972
4670.0,916374.0,0.9850774797465378
4671.0,914464.0,0.9827416439372463
4672.0,912712.0,0.9805789668983028
4673.0,910858.0,0.9783100274550589
4674.0,909863.0,0.9769667712915555
4675.0,906821.0,0.9734289525200409
4676.0,903365.0,0.9694508410110881
4677.0,901477.0,0.9671591815886876
4678.0,899667.0,0.9649544392587303
4679.0,900406.0,0.9654861244900405
4680.0,904763.0,0.9698979762370692
4681.0,908602.0,0.973754320216493
4682.0,908144.0,0.9730067088853366
4683.0,906879.0,0.9713970641684789
4684.0,906031.0,0.9702367860829658
4685.0,908704.0,0.9728486209067942
4686.0,914275.0,0.978562859048601
4687.0,917892.0,0.9821852970179727
4688.0,919435.0,0.9835891676157968
4689.0,918607.0,0.9824585016148215
4690.0,915793.0,0.979206840365192
4691.0,913121.0,0.9761105262627724
4692.0,911653.0,0.9743044048833929
4693.0,909033.0,0.971270215326662
4694.0,905045.0,0.9667780885389586
4695.0,903199.0,0.9645775661203604
4696.0,900988.0,0.9619902622933899
4697.0,900185.0,0.9609090307963142
4698.0,908526.0,0.9695887505012926
4699.0,918425.0,0.9799286986963126
4700.0,921538.0,0.9830270421531697
4701.0,919903.0,0.9810622174845485
4702.0,916512.0,0.9772278338013249
4703.0,914241.0,0.9745909614505358
4704.0,914272.0,0.974410535112657
4705.0,915347.0,0.9753444775154247
4706.0,917246.0,0.9771576933211308
4707.0,919400.0,0.9792435840028926
4708.0,920685.0,0.980405073576776
4709.0,920278.0,0.9797665485990574
4710.0,917942.0,0.9770768623317765
4711.0,914607.0,0.9733269784216204
4712.0,910152.0,0.9683887815775856
4713.0,903145.0,0.9607396440264985
4714.0,894713.0,0.951579788256458
4715.0,897036.0,0.9538616447769942
4716.0,911622.0,0.9691816447124009
4717.0,921560.0,0.9795569350108074
4718.0,924611.0,0.9826109961320538
4719.0,925824.0,0.983712758813531
4720.0,925870.0,0.9835761595892459
4721.0,922994.0,0.9803378577862257
4722.0,920600.0,0.9776143829606381
4723.0,923184.0,0.9801790009726827
4724.0,927544.0,0.9846297501897043
4725.0,929350.0,0.9863699584335568
4726.0,927307.0,0.9840268775309048
4727.0,925532.0,0.9819707176461333
4728.0,926079.0,0.9823801845670783
4729.0,927415.0,0.9836280695937607
4730.0,929584.0,0.9857606000479194
4731.0,929379.0,0.9853770976198518
4732.0,925603.0,0.9812099154240077
4733.0,921967.0,0.9771942134445845
4734.0,919259.0,0.974164956392154
4735.0,914257.0,0.9687077462667811
4736.0,908029.0,0.9619551519252083
4737.0,911253.0,0.9652181132327757
4738.0,923775.0,0.978328801202517
4739.0,932446.0,0.9873592962846525
4740.0,934027.0,0.9888823041247863
4741.0,932898.0,0.9875378039043814
4742.0,931825.0,0.9862546498768834
4743.0,932354.0,0.986668865827298
4744.0,936382.0,0.9907869147416122
4745.0,941950.0,0.9965346693673
4746.0,944656.0,0.9992550221593268
4747.0,944896.0,0.9993681045787851
4748.0,943228.0,0.9974650992040651
4749.0,937952.0,0.9917493273198358
4750.0,932479.0,0.9858284797894137
4751.0,929617.0,0.9826708599773956
4752.0,932541.0,0.98563108929607
4753.0,941213.0,0.9946665865746378
4754.0,947206.0,1.0008705681079118
4755.0,947526.0,1.0010809330415886
4756.0,946194.0,0.9995477061428522
4757.0,946213.0,0.9994434711900123
4758.0,947489.0,1.000668413215269
4759.0,946204.0,0.9991902399854372
4760.0,938849.0,0.9913048644739946
4761.0,929854.0,0.9816915046655881
4762.0,928910.0,0.9805807844490226
4763.0,936355.0,0.9883264862589859
4764.0,943372.0,0.9956202666430729
4765.0,946009.0,0.998291893396524
4766.0,947186.0,0.9994239609137133
4767.0,948063.0,1.0002408191827916
4768.0,948594.0,1.0006940425976774
4769.0,948023.0,0.9999863063052268
4770.0,941985.0,0.9935141909026431
4771.0,932061.0,0.9829467649689785
4772.0,925789.0,0.9762339369013312
4773.0,928624.0,0.9791261340528288
4774.0,939443.0,0.9904365077043275
4775.0,947990.0,0.9993509322434748
4776.0,948760.0,1.0000673941065925
4777.0,948185.0,0.9993673913743315
4778.0,947410.0,0.9984579729401943
4779.0,941358.0,0.9919890843668117
4780.0,933727.0,0.9838587328756978
4781.0,934308.0,0.9843830570261116
4782.0,937654.0,0.9878212687408097
4783.0,934600.0,0.9845180530719304
4784.0,933546.0,0.9833230124464225
4785.0,942083.0,0.9922306302445838
4786.0,950482.0,1.0009922895358134
4787.0,947347.0,0.9976074064244626
4788.0,935981.0,0.9855569218055765
4789.0,930786.0,0.980006500614067
4790.0,938108.0,0.9876355298720593
4791.0,945892.0,0.9957503510199605
4792.0,944940.0,0.9946687636528729
4793.0,937905.0,0.9871853228868452
4794.0,931760.0,0.9806403005585544
4795.0,930944.0,0.9797049289138655
4796.0,932049.0,0.9807916245756074
4797.0,933299.0,0.9820311427737973
4798.0,934950.0,0.9836927545674659
4799.0,938348.0,0.9871923871772162
4800.0,943256.0,0.9922802629226268
4801.0,946090.0,0.9951859947512619
4802.0,944143.0,0.9930627795654262
4803.0,935637.0,0.9840417324202727
4804.0,924071.0,0.9718041120885839
4805.0,922247.0,0.9698128776105849
4806.0,926499.0,0.97421088543453
4807.0,928792.0,0.9765485102490591
4808.0,936047.0,0.984102491397783
4809.0,943740.0,0.9921157103338007
4810.0,945073.0,0.9934420957852282
4811.0,940341.0,0.9883931935125657
4812.0,934262.0,0.9819291282490211
4813.0,927534.0,0.9747837416675479
4814.0,913902.0,0.9603840178407259
4815.0,910895.0,0.9571507220601574
4816.0,926962.0,0.9739586108947975
4817.0,936485.0,0.9838882548392472
4818.0,935356.0,0.9826255933870828
4819.0,934050.0,0.9811767088783685
4820.0,936944.0,0.984139081185091
4821.0,935084.0,0.9821073426898119
4822.0,924116.0,0.9705100593850753
4823.0,915413.0,0.9612925134675064
4824.0,912736.0,0.9584032824411509
4825.0,917779.0,0.963619396289475
4826.0,923428.0,0.9694700999713114
4827.0,924611.0,0.9706307370078051
4828.0,926429.0,0.9724568763913455
4829.0,930484.0,0.97662975172626
4830.0,931304.0,0.9774058303026054
4831.0,923645.0,0.969282841544139
4832.0,914061.0,0.9591403343045374
4833.0,909107.0,0.9538564976440418
4834.0,909041.0,0.95370067726255
4835.0,912867.0,0.9576266014076165
4836.0,921265.0,0.9663463654013602
4837.0,928498.0,0.9738413895511702
4838.0,924467.0,0.9695207777763236
4839.0,910115.0,0.9543767585462869
4840.0,904634.0,0.9485358905123654
4841.0,907963.0,0.9519314589411672
4842.0,905193.0,0.9489312526503648
4843.0,904030.0,0.9476147058103911
4844.0,915467.0,0.9595030541824333
4845.0,921627.0,0.9658571300230651
4846.0,914941.0,0.958747225264164
4847.0,917084.0,0.9608879686122395
4848.0,927183.0,0.9713616836886043
4849.0,932811.0,0.9771478452130157
4850.0,931608.0,0.9757760754458568
4851.0,917620.0,0.9610132383073127
4852.0,905109.0,0.9477987138028736
4853.0,911221.0,0.9540845311157224
4854.0,925333.0,0.968742250007703
4855.0,930397.0,0.973923136159152
4856.0,921559.0,0.9645501980268432
4857.0,910192.0,0.9525309837354592
4858.0,902588.0,0.9444503706632714
4859.0,881299.0,0.9220520039434391
4860.0,819369.0,0.8571429667516551
4861.0,750987.0,0.7855010729384998
4862.0,765877.0,0.8009640563773913
4863.0,846745.0,0.8854117267494443
4864.0,911210.0,0.9526836449596573
4865.0,936908.0,0.9794082097625714
4866.0,935347.0,0.9776311931420958
4867.0,927339.0,0.9691148274404296
4868.0,931542.0,0.973357722610447
4869.0,940287.0,0.9823419286973195
4870.0,939270.0,0.9811237304832274
4871.0,932788.0,0.9741957026221785
4872.0,935242.0,0.9765984361817108
4873.0,945059.0,0.9866849956593275
4874.0,944981.0,0.9864363224415889
4875.0,935572.0,0.9764462732728697
4876.0,935903.0,0.9766206358775109
4877.0,940289.0,0.9810227503381292
4878.0,936739.0,0.9771420874154405
4879.0,937238.0,0.9774827704482565
4880.0,943407.0,0.983732715524003
4881.0,940148.0,0.980148141087002
4882.0,936285.0,0.9759322999122803
4883.0,939912.0,0.9795206442304762
4884.0,938636.0,0.9779958296834245
4885.0,936621.0,0.9756986183853867
4886.0,934754.0,0.9735532786362264
4887.0,933919.0,0.9724801973683928
4888.0,940217.0,0.9788302306029146
4889.0,948326.0,0.9870591720167441
4890.0,952493.0,0.9911790183011139
4891.0,954936.0,0.9934999587522398
4892.0,960628.0,0.9991957876676977
4893.0,965020.0,1.0035335645319248
4894.0,964460.0,1.0027172724488107
4895.0,963131.0,1.0010983816940608
4896.0,963154.0,1.000881519903737
4897.0,961781.0,0.9992106923775754
4898.0,959893.0,0.9970020002643951
4899.0,961213.0,0.9981217833973877
4900.0,961920.0,0.9986007692999849
4901.0,958482.0,0.9947736889517349
4902.0,955836.0,0.9917665870788301
4903.0,955703.0,0.9913641567258351
4904.0,955228.0,0.9906036762002578
4905.0,953988.0,0.9890469866839157
4906.0,951446.0,0.9861382654862246
4907.0,946808.0,0.981056032786222
4908.0,942359.0,0.9761692357442001
4909.0,937907.0,0.9712790107449556
4910.0,932671.0,0.9655769384072692
4911.0,929350.0,0.9618572689579568
4912.0,932298.0,0.9646233467631276
4913.0,938945.0,0.9712111717343046
4914.0,950021.0,0.9823722166399768
4915.0,962812.0,0.995296783951466
4916.0,968323.0,1.0006876130557585
4917.0,967774.0,0.9998120484542163
4918.0,967227.0,0.9989367137118539
4919.0,966114.0,0.9974752651985269
4920.0,965644.0,0.9966762033483604
4921.0,966349.0,0.9970879188723291
4922.0,966550.0,0.9969774914630085
4923.0,964898.0,0.994954487659164
4924.0,964451.0,0.9941730854585981
4925.0,966516.0,0.9959790193430946
4926.0,965933.0,0.9950542893310498
4927.0,961208.0,0.9898631143904445
4928.0,960464.0,0.9887722016737399
4929.0,964003.0,0.9920884048806659
4930.0,961686.0,0.9893765025410344
4931.0,956275.0,0.9834831572125872
4932.0,955608.0,0.9824699679879496
4933.0,953816.0,0.9803001905006486
4934.0,950635.0,0.9767038361089388
4935.0,946907.0,0.9725472322655776
4936.0,938243.0,0.9633247090830616
4937.0,929747.0,0.9542801572954394
4938.0,922022.0,0.9460322016979619
4939.0,917830.0,0.9414131021156388
4940.0,925899.0,0.9493685098479651
4941.0,941877.0,0.965424951901864
4942.0,961285.0,0.9849848568162488
4943.0,976739.0,1.0004812562062022
4944.0,982579.0,1.006122734175315
4945.0,982437.0,1.0056371448054828
4946.0,981206.0,1.0040376445236088
4947.0,981529.0,1.0040290363032425
4948.0,982000.0,1.0041720520183353
4949.0,981887.0,1.003718351100817
4950.0,981894.0,1.0033880344049166
4951.0,981690.0,1.0028429327068493
4952.0,982603.0,1.0034395097983078
4953.0,983996.0,1.0045264177528614
4954.0,983767.0,1.003958113701065
4955.0,981718.0,1.0015343406633739
4956.0,978763.0,0.9981891681315608
4957.0,977752.0,0.9968291950370308
4958.0,979825.0,0.9986144013793179
4959.0,982472.0,1.0009844862263502
4960.0,983109.0,1.0013071400746079
4961.0,983033.0,1.0009050321669775
4962.0,984087.0,1.0016548540431014
4963.0,984672.0,1.0019285589948912
4964.0,983555.0,1.0004724860162342
4965.0,981486.0,0.9980510290128614
4966.0,982048.0,0.9983075035843859
4967.0,984317.0,1.0003004609141886
4968.0,985543.0,1.0012345828915692
4969.0,985147.0,1.0005229139922969
4970.0,983571.0,0.9986158231940074
4971.0,983882.0,0.998627449772343
4972.0,985632.0,1.0001015520125087
4973.0,985810.0,0.9999826149468614
4974.0,983866.0,0.9977143969873056
4975.0,982467.0,0.9960025411942633
4976.0,983615.0,0.9968755198961614
4977.0,985794.0,0.9987950713349899
4978.0,985683.0,0.9983964541804699
4979.0,983977.0,0.9963854083245411
4980.0,984910.0,0.9970494647522
4981.0,986478.0,0.9983582222585407
4982.0,985492.0,0.9970846243200097
4983.0,983426.0,0.994721719822119
4984.0,983981.0,0.9950128669723695
4985.0,986672.0,0.9974655875012949
4986.0,987018.0,0.9975493294059182
4987.0,984395.0,0.9946354828105675
4988.0,982254.0,0.9922123763645857
4989.0,984175.0,0.9938949512986686
4990.0,986223.0,0.9957071697798826
4991.0,985074.0,0.9942938198267357
4992.0,983836.0,0.9927936400009073
4993.0,985357.0,0.9940798843036478
4994.0,987204.0,0.9956965283201683
4995.0,987344.0,0.9955933380998799
4996.0,986186.0,0.9941838823730076
4997.0,985382.0,0.9931340873380367
4998.0,986340.0,0.9938624110282714
4999.0,986344.0,0.9936315052719031
5000.0,984789.0,0.9918327079625611
5001.0,983341.0,0.9901446221091129
5002.0,983825.0,0.9904043511666167
5003.0,985418.0,0.9917822257669365
5004.0,986509.0,0.9926564390002786
5005.0,984863.0,0.9907788982897875
5006.0,983744.0,0.9894343015207179
5007.0,985554.0,0.991037638197638
5008.0,986539.0,0.9918128996595382
5009.0,984672.0,0.9897232179274731
5010.0,984156.0,0.9889940750553234
5011.0,986022.0,0.9906604349304703
5012.0,986746.0,0.991180941378683
5013.0,985197.0,0.9894204529239281
5014.0,984166.0,0.9881827508865019
5015.0,986120.0,0.9899440604778522
5016.0,986894.0,0.9905222433096728
5017.0,984698.0,0.9881217777647763
5018.0,983989.0,0.9872160289715824
5019.0,986210.0,0.989251546618066
5020.0,986724.0,0.9895762065437717
5021.0,984660.0,0.9873176362997058
5022.0,983520.0,0.9859880778518131
5023.0,985121.0,0.9874082022242324
5024.0,986090.0,0.988196255250573
5025.0,985484.0,0.9874077385569422
5026.0,985075.0,0.9868186388822507
5027.0,985964.0,0.9875315815929665
5028.0,987163.0,0.9885564602126813
5029.0,986639.0,0.9878575893772281
5030.0,984461.0,0.98550493654275
5031.0,985105.0,0.9859793142026142
5032.0,986699.0,0.9874059059571356
5033.0,984899.0,0.985437841007324
5034.0,983137.0,0.9835101215857399
5035.0,985825.0,0.986035647190811
5036.0,988112.0,0.9881609623923561
5037.0,985494.0,0.9853827698555632
5038.0,983839.0,0.9835698259964882
5039.0,986497.0,0.9860701939407772
5040.0,985957.0,0.9853752459736456
5041.0,982620.0,0.9818871756779901
5042.0,983758.0,0.9828727147956599
5043.0,986688.0,0.9856496087623694
5044.0,986267.0,0.9850802257896135
5045.0,984025.0,0.9826939967817759
5046.0,983960.0,0.9824837138644759
5047.0,985322.0,0.9836996321889527
5048.0,984895.0,0.9831308781797808
5049.0,983308.0,0.9814059950447133
5050.0,984544.0,0.9825001908849001
5051.0,986741.0,0.9845543838017533
5052.0,984634.0,0.9823155623571831
5053.0,982524.0,0.980075775678245
5054.0,985053.0,0.9824648047300929
5055.0,984006.0,0.9812884452118935
5056.0,979314.0,0.9764793184472825
5057.0,980789.0,0.9778211519327016
5058.0,983511.0,0.9804070337492073
5059.0,981200.0,0.9779771022353486
5060.0,980655.0,0.9773090785057167
5061.0,983157.0,0.9796787399279865
5062.0,982534.0,0.9789355359506559
5063.0,980421.0,0.9767094284289376
5064.0,981586.0,0.9777503143444398
5065.0,984573.0,0.9806068501544966
5066.0,983889.0,0.9798081570166615
5067.0,980624.0,0.9764408833210099
5068.0,981397.0,0.9770959087228879
5069.0,981259.0,0.9768450683701686
5070.0,979206.0,0.9746892949124462
5071.0,982357.0,0.9777145812327785
5072.0,984208.0,0.9794466227817045
5073.0,981071.0,0.9762160993813885
5074.0,980250.0,0.9752916990793481
5075.0,981364.0,0.9762936120090034
5076.0,980056.0,0.9748871773766095
5077.0,979601.0,0.9743305367092587
5078.0,982414.0,0.9770251559531762
5079.0,982194.0,0.9767042185465971
5080.0,979319.0,0.9737445047049412
5081.0,980690.0,0.9750078264061707
5082.0,979690.0,0.9739148832401661
5083.0,977031.0,0.9711741072003353
5084.0,979385.0,0.9734173184135232
5085.0,980323.0,0.9742538278156211
5086.0,978093.0,0.9719430557419766
5087.0,978872.0,0.9726234707941458
5088.0,979843.0,0.9734954466384218
5089.0,976722.0,0.9703030720619298
5090.0,976929.0,0.9704180235444878
5091.0,978462.0,0.9718508881460594
5092.0,977357.0,0.9706644350353817
5093.0,977925.0,0.9711404594188011
5094.0,977040.0,0.970174463308395
5095.0,973104.0,0.9661801897845286
5096.0,972607.0,0.9656016785022791
5097.0,973202.0,0.9661081204685216
5098.0,973833.0,0.9666510081677007
5099.0,977195.0,0.9699052161649192
5100.0,976826.0,0.9694567930134721
5101.0,974865.0,0.967429351248013
5102.0,976940.0,0.9694078795705204
5103.0,977591.0,0.9699739126123528
5104.0,977408.0,0.9697131430605154
5105.0,977997.0,0.9702189874478179
5106.0,976265.0,0.9684230925653893
5107.0,975296.0,0.9673849798460029
5108.0,973843.0,0.9658676659013645
5109.0,972594.0,0.964553560292745
5110.0,974175.0,0.9660466891168152
5111.0,974383.0,0.9661787793466822
5112.0,975295.0,0.9670094868840619
5113.0,976594.0,0.9682243576752982
5114.0,976127.0,0.9676889056354111
5115.0,975836.0,0.9673285795125571
5116.0,973181.0,0.9646256562017749
5117.0,971282.0,0.9626729815696187
5118.0,972502.0,0.9638122605068575
5119.0,973369.0,0.9646020808809196
5120.0,973118.0,0.9642844509431552
5121.0,971773.0,0.9628833751517584
5122.0,971510.0,0.9625550115276015
5123.0,971505.0,0.9624827725855258
5124.0,970840.0,0.9617571801763511
5125.0,968333.0,0.959207495626634
5126.0,963171.0,0.9540287967574351
5127.0,956184.0,0.9470436699743511
5128.0,948928.0,0.9397934840398178
5129.0,949357.0,0.9401551753770706
5130.0,961442.0,0.952059445128036
5131.0,974605.0,0.9650299064074807
5132.0,980028.0,0.9703355585650609
5133.0,980716.0,0.9709529980492945
5134.0,979753.0,0.9699362355446036
5135.0,979449.0,0.9695722833709817
5136.0,979704.0,0.9697620158381989
5137.0,979126.0,0.96912752744652
5138.0,976986.0,0.9669474543121294
5139.0,975291.0,0.9652083300365834
5140.0,975513.0,0.9653667458344416
5141.0,976225.0,0.9660102590439344
5142.0,976662.0,0.9663818175631128
5143.0,977404.0,0.9670553192070681
5144.0,977752.0,0.9673391389464798
5145.0,977138.0,0.966671421329707
5146.0,976820.0,0.9662967787010901
5147.0,976680.0,0.9660984218280109
5148.0,975915.0,0.9652820539866476
5149.0,975542.0,0.9648536339609067
5150.0,975370.0,0.9646241812887221
5151.0,974526.0,0.9637303173487609
5152.0,973355.0,0.9625133086181595
5153.0,971977.0,0.96109185747032
5154.0,971933.0,0.960989637584449
5155.0,973252.0,0.9622350661229898
5156.0,973745.0,0.9626637946331399
5157.0,973093.0,0.9619606091989731
5158.0,971400.0,0.9602285078034557
5159.0,969566.0,0.9583572610157244
5160.0,966180.0,0.9549522783308012
5161.0,958680.0,0.9474817536385566
5162.0,945810.0,0.9347051640084981
5163.0,924670.0,0.9137576913196256
5164.0,901710.0,0.8910143126944314
5165.0,910045.0,0.8991955557655247
5166.0,952163.0,0.9407539319812797
5167.0,980574.0,0.9687652082924872
5168.0,992967.0,0.9809488219106579
5169.0,1003150.0,0.9909477066074466
5170.0,1006470.0,0.9941661300000012
5171.0,999650.0,0.9873685898382734
5172.0,984908.0,0.9727475445177522
5173.0,981906.0,0.9697224729244571
5174.0,996596.0,0.9841689883508967
5175.0,1007860.0,0.9952304408210825
5176.0,1010760.0,0.9980316275761766
5177.0,1011180.0,0.9983836232767763
5178.0,1011430.0,0.9985674993722508
5179.0,1011560.0,0.9986326353114
5180.0,1011020.0,0.9980361036618423
5181.0,1007970.0,0.9949617637327548
5182.0,996334.0,0.9834128770069721
5183.0,975981.0,0.9632617778937811
5184.0,973503.0,0.960753882370954
5185.0,994092.0,0.9810094258057384
5186.0,1008530.0,0.9951923362927012
5187.0,1012060.0,0.9986099963776013
5188.0,1012510.0,0.9989879697360312
5189.0,1012570.0,0.9989807442579773
5190.0,1012550.0,0.9988942027264179
5191.0,1012350.0,0.998629703222692
5192.0,1012130.0,0.9983450896201409
5193.0,1012300.0,0.9984447415166491
5194.0,1012550.0,0.9986228309267812
5195.0,1012720.0,0.9987215398715313
5196.0,1013130.0,0.9990564262530506
5197.0,1013060.0,0.9989174784613238
5198.0,1012520.0,0.998314642674335
5199.0,1012870.0,0.9985888290870987
5200.0,1013800.0,0.9994342300250563
5201.0,1014130.0,0.9996875130337117
5202.0,1013940.0,0.9994276474423157
5203.0,1013600.0,0.999019409803536
5204.0,1012860.0,0.9982164393141729
5205.0,1012020.0,0.9973144758749934
5206.0,1011860.0,0.997082166646084
5207.0,1012010.0,0.9971548080373956
5208.0,1011480.0,0.9965569523040143
5209.0,1011830.0,0.996825635028093
5210.0,1013290.0,0.9981872443487524
5211.0,1014300.0,0.9991049116081412
5212.0,1014880.0,0.9995984525618794
5213.0,1015250.0,0.999884651120269
5214.0,1015240.0,0.999796156819827
5215.0,1014580.0,0.9990672016531567
5216.0,1013710.0,0.9981311916317542
5217.0,1013960.0,0.9982976482592498
5218.0,1015120.0,0.999359582928821
5219.0,1015770.0,0.9999189533251168
5220.0,1015890.0,0.9999562091739582
5221.0,1016070.0,1.0000521912560842
5222.0,1016340.0,1.0002364250470757
5223.0,1016440.0,1.0002530445574174
5224.0,1016310.0,1.0000430664447095
5225.0,1015660.0,0.999321227031856
5226.0,1013710.0,0.997320279497217
5227.0,1011970.0,0.9955260203940975
5228.0,1013350.0,0.9968008912932936
5229.0,1015620.0,0.998950743512885
5230.0,1016410.0,0.999644465530228
5231.0,1016350.0,0.9995019926530074
5232.0,1015880.0,0.9989562195059066
5233.0,1015700.0,0.9986955435687104
5234.0,1016370.0,0.9992704869776935
5235.0,1016990.0,0.9997960704439754
5236.0,1017000.0,0.9997218354600075
5237.0,1016780.0,0.9994214611232846
5238.0,1016750.0,0.9993078147274715
5239.0,1017030.0,0.9994987957835846
5240.0,1017400.0,0.9997781529630346
5241.0,1017620.0,0.9999100558727323
5242.0,1017740.0,0.9999436826623551
5243.0,1017740.0,0.9998594247349969
5244.0,1017760.0,0.9997948558275458
5245.0,1017880.0,0.9998285673865431
5246.0,1017960.0,0.9998230441501652
5247.0,1018030.0,0.9998077742039534
5248.0,1018230.0,0.9999202577016877
5249.0,1018360.0,0.9999640905316156
5250.0,1018260.0,0.9997822085704706
5251.0,1018250.0,0.9996888504725322
5252.0,1018410.0,0.9997625443464869
5253.0,1018560.0,0.9998265741712947
5254.0,1018570.0,0.9997533591221742
5255.0,1018490.0,0.9995920207624894
5256.0,1018480.0,0.9994996142925616
5257.0,1018520.0,0.9994565120605481
5258.0,1018540.0,0.9993940328267139
5259.0,1018570.0,0.999341630136451
5260.0,1018650.0,0.9993385583076422
5261.0,1018720.0,0.9993259626687501
5262.0,1018800.0,0.9993234783356254
5263.0,1018870.0,0.9993115019192563
5264.0,1018820.0,0.9991821711069454
5265.0,1018710.0,0.9989943679812953
5266.0,1018520.0,0.9987285101440934
5267.0,1017810.0,0.9979532151806747
5268.0,1013360.0,0.9935116873849824
5269.0,1004370.0,0.9846205344741269
5270.0,1002660.0,0.9828674803496165
5271.0,1011230.0,0.9911914192379311
5272.0,1017830.0,0.9975837050372582
5273.0,1019630.0,0.9992713142639233
5274.0,1019950.0,0.999508808589494
5275.0,1020100.0,0.9995801834186596
5276.0,1020250.0,0.9996520595365807
5277.0,1020310.0,0.9996362756732232
5278.0,1020280.0,0.9995328665494633
5279.0,1020320.0,0.9994986015096831
5280.0,1020290.0,0.9993963473244033
5281.0,1020160.0,0.9991967502792221
5282.0,1020080.0,0.9990467533725533
5283.0,1020060.0,0.9989561538922364
5284.0,1020230.0,0.9990522556041571
5285.0,1020480.0,0.9992273252352166
5286.0,1020590.0,0.9992659583588086
5287.0,1020570.0,0.9991779888490303
5288.0,1020660.0,0.9991984111098079
5289.0,1020920.0,0.9993859527059613
5290.0,1021210.0,0.9996035576305191
5291.0,1021420.0,0.999743569902591
5292.0,1021460.0,0.9997179358870321
5293.0,1021320.0,0.9995169163193403
5294.0,1021170.0,0.9993069198579493
5295.0,1021140.0,0.9992151715970518
5296.0,1020950.0,0.998967693020867
5297.0,1020830.0,0.9987895615452616
5298.0,1021080.0,0.9989742843753378
5299.0,1021440.0,0.9992674557034799
5300.0,1021620.0,0.9993853837595446
5301.0,1021610.0,0.9993183327528191
5302.0,1021820.0,0.9994673805295335
5303.0,1022270.0,0.9998520674534135
5304.0,1022470.0,0.9999931421131365
5305.0,1022330.0,0.9998026388981801
5306.0,1022090.0,0.9995153041075807
5307.0,1021820.0,0.9991995928310359
5308.0,1021710.0,0.9990412832792865
5309.0,1021980.0,0.9992554493801025
5310.0,1022230.0,0.9994509396808972
5311.0,1022310.0,0.9994810972792469
5312.0,1022270.0,0.9993948174840956
5313.0,1021920.0,0.9990063669857946
5314.0,1021810.0,0.99885342037626
5315.0,1022340.0,0.9993269312938162
5316.0,1022850.0,0.9997816922889715
5317.0,1023070.0,0.9999537978212664
5318.0,1023090.0,0.9999312376966718
5319.0,1022890.0,0.9996944802020518
5320.0,1022620.0,0.9993901341191201
5321.0,1022730.0,0.9994579574843526
5322.0,1023150.0,0.9998294918595146
5323.0,1023060.0,0.9997034135805265
5324.0,1022400.0,0.9990211415185686
5325.0,1021800.0,0.9983982981868881
5326.0,1020150.0,0.9967503264995747
5327.0,1015050.0,0.9917324557552786
5328.0,1010850.0,0.9875949468713764
5329.0,1014750.0,0.9913718140845899
5330.0,1020460.0,0.9969173696421484
5331.0,1022430.0,0.9988096573619004
5332.0,1022630.0,0.998973453335219
5333.0,1022740.0,0.9990499977898053
5334.0,1023100.0,0.9993714036470945
5335.0,1023590.0,0.9998204261490327
5336.0,1023930.0,1.0001235550809127
5337.0,1023800.0,0.9999682428114871
5338.0,1023370.0,0.9995205564279047
5339.0,1022850.0,0.9989856100642351
5340.0,1022470.0,0.9985880279249321
5341.0,1022950.0,0.9990309532738498
5342.0,1023830.0,0.9998650791322427
5343.0,1024120.0,1.0001235644533908
5344.0,1024100.0,1.000079875246151
5345.0,1024150.0,1.0001051019590228
5346.0,1023810.0,0.999750040172585
5347.0,1023360.0,0.9992881195662208
5348.0,1023370.0,0.999275916850394
5349.0,1023330.0,0.9992154106388661
5350.0,1023410.0,0.9992725846873646
5351.0,1023810.0,0.9996427008680159
5352.0,1023790.0,0.9996032130736994
5353.0,1023670.0,0.9994665700099064
5354.0,1024020.0,0.9997892798577229
5355.0,1024310.0,1.000053857736741
5356.0,1024670.0,1.0003872167161623
5357.0,1024930.0,1.0006233753496088
5358.0,1024430.0,1.0001179925949268
5359.0,1023340.0,0.9990370591192882
5360.0,1022710.0,0.9984056399558329
5361.0,1023190.0,0.9988582452619887
5362.0,1023970.0,0.999604088139971
5363.0,1024300.0,0.9999110037561082
5364.0,1023810.0,0.9994178179701497
5365.0,1022870.0,0.9984857356994957
5366.0,1022950.0,0.9985497015574479
5367.0,1023970.0,0.9995315728814658
5368.0,1024680.0,1.000211152259652
5369.0,1024280.0,0.9998075566834431
5370.0,1021690.0,0.9972666359974868
5371.0,1017260.0,0.9929300894445453
5372.0,1016970.0,0.9926348752478782
5373.0,1021550.0,0.9970933582927362
5374.0,1024730.0,1.000185541836903
5375.0,1025550.0,1.000974471255655
5376.0,1024930.0,1.000358160079733
5377.0,1023420.0,0.9988734535012732
5378.0,1022970.0,0.9984235784075407
5379.0,1023850.0,0.9992720100794239
5380.0,1024450.0,0.9998473634564877
5381.0,1024790.0,1.0001691570295743
5382.0,1024630.0,1.0000031572320767
5383.0,1024360.0,0.9997299913384446
5384.0,1024870.0,1.000218244887649
5385.0,1025760.0,1.0010775117523631
5386.0,1025830.0,1.0011366580919772
5387.0,1025020.0,1.0003371409705784
5388.0,1024170.0,0.9994987387129616
5389.0,1023410.0,0.9987483095738643
5390.0,1023530.0,0.9988567974801424
5391.0,1024770.0,1.0000583830349932
5392.0,1025530.0,1.0007916249335813
5393.0,1025540.0,1.0007930407306715
5394.0,1025120.0,1.0003749145718774
5395.0,1023710.0,0.9989907691503731
5396.0,1021810.0,0.9971285408582727
5397.0,1020980.0,0.9963105377629808
5398.0,1022090.0,0.9973856964666887
5399.0,1023570.0,0.9988219214259273
5400.0,1024610.0,0.9998287849761106
5401.0,1024940.0,1.0001428200253086
5402.0,1024600.0,0.9998030653484253
5403.0,1024110.0,0.9993169379732201
5404.0,1023330.0,0.9985478220776363
5405.0,1022050.0,0.9972908020243694
5406.0,1021370.0,0.9966192237591152
5407.0,1022580.0,0.9977917927459742
5408.0,1023680.0,0.9988569517512176
5409.0,1024100.0,0.9992585198901731
5410.0,1024440.0,0.9995819447459106
5411.0,1024480.0,0.9996125585446494
5412.0,1023690.0,0.9988332281332122
5413.0,1022910.0,0.998063561131819
5414.0,1023590.0,0.9987183149988901
5415.0,1025090.0,1.000172998951177
5416.0,1025970.0,1.0010225962940384
5417.0,1025960.0,1.001003680954875
5418.0,1025200.0,1.000252860266262
5419.0,1024150.0,0.9992189474033487
5420.0,1024310.0,0.999365412315768
5421.0,1025490.0,1.000506839810205
5422.0,1025940.0,1.0009358410314713
5423.0,1024160.0,0.9991890002862794
5424.0,1022250.0,0.9973151522552474
5425.0,1023040.0,0.9980752332405374
5426.0,1024370.0,0.9993618810921903
5427.0,1024380.0,0.9993604966322812
5428.0,1022800.0,0.9978077106872131
5429.0,1019920.0,0.9949864782901331
5430.0,1019310.0,0.9943795206372466
5431.0,1022130.0,0.9971183638778969
5432.0,1023550.0,0.9984911228404306
5433.0,1021400.0,0.9963809916077416
5434.0,1019270.0,0.9942901139434854
5435.0,1019870.0,0.9948620301490089
5436.0,1022050.0,0.9969748368137542
5437.0,1023640.0,0.99851172744089
5438.0,1024190.0,0.9990337680309505
5439.0,1024320.0,0.9991457548895438
5440.0,1024070.0,0.9988867127368765
5441.0,1023970.0,0.9987736075555449
5442.0,1024500.0,0.999274604269799
5443.0,1024770.0,0.9995215910311309
5444.0,1024240.0,0.9989878836893311
5445.0,1022530.0,0.9973028875497635
5446.0,1020010.0,0.9948275197053614
5447.0,1019210.0,0.9940293090686042
5448.0,1022110.0,0.9968392022580727
5449.0,1025500.0,1.0001264091830047
5450.0,1026410.0,1.000994430351524
5451.0,1024810.0,0.9994141393301108
5452.0,1023790.0,0.9983990400640248
5453.0,1025170.0,0.9997239148723066
5454.0,1025580.0,1.0001023234931636
5455.0,1023420.0,0.9979740981471965
5456.0,1021610.0,0.9961867316991505
5457.0,1022580.0,0.9971096680811806
5458.0,1024430.0,0.9988900777494745
5459.0,1025480.0,0.9998898107826958
5460.0,1025820.0,1.0001966641218487
5461.0,1025030.0,0.9994011800002364
5462.0,1023850.0,0.9982249126550635
5463.0,1024240.0,0.9985787782444038
5464.0,1025070.0,0.9993609858307838
5465.0,1024450.0,0.9987289421047297
5466.0,1023990.0,0.9982522888090255
5467.0,1024320.0,0.9985451513125468
5468.0,1024620.0,0.9988081097990558
5469.0,1024600.0,0.9987584734597047
5470.0,1025630.0,0.9997316802889493
5471.0,1027000.0,1.0010355902497323
5472.0,1026070.0,1.0000970025247535
5473.0,1024670.0,0.99869975982325
5474.0,1024880.0,0.9988711309666416
5475.0,1025330.0,0.9992757775613345
5476.0,1024810.0,0.9987344689887806
5477.0,1023730.0,0.9976468644475172
5478.0,1023860.0,0.9977378711649931
5479.0,1025750.0,0.9995433170300924
5480.0,1027300.0,1.0010167463144295
5481.0,1026550.0,1.0002484173932542
5482.0,1024510.0,0.9982226751291229
5483.0,1024130.0,0.997813869473263
5484.0,1024990.0,0.9986126284201899
5485.0,1025600.0,0.9991672167485037
5486.0,1025190.0,0.9987275444149089
5487.0,1023540.0,0.997079426069284
5488.0,1022950.0,0.9964634663753024
5489.0,1023870.0,0.9973178746811928
5490.0,1024020.0,0.9974216928726276
5491.0,1023300.0,0.9966776241915534
5492.0,1022310.0,0.9956701501426817
5493.0,1022040.0,0.995363472620912
5494.0,1023400.0,0.9966437145730529
5495.0,1024360.0,0.9975338311218462
5496.0,1022540.0,0.9957163129574013
5497.0,1020480.0,0.993664793814743
5498.0,1021270.0,0.9943879796418466
5499.0,1022930.0,0.9959576982705707
5500.0,1022320.0,0.9953167739970028
5501.0,1020030.0,0.9930399157249062
5502.0,1020710.0,0.9936541095254335
5503.0,1023420.0,0.9962439045385848
5504.0,1024580.0,0.997324250678051
5505.0,1024120.0,0.9968272401420002
5506.0,1023180.0,0.9958626773853704
5507.0,1024020.0,0.9966301908018207
5508.0,1024750.0,0.997290170391166
5509.0,1023680.0,0.9961980081987049
5510.0,1021800.0,0.9943173526746895
5511.0,1021740.0,0.9942074640692636
5512.0,1023940.0,0.9962961947569573
5513.0,1025270.0,0.997537866718242
5514.0,1024200.0,0.9964440815497688
5515.0,1023240.0,0.9954570661180981
5516.0,1025060.0,0.9971741758031668
5517.0,1026350.0,0.9983751994440044
5518.0,1025350.0,0.9973482902302483
5519.0,1024050.0,0.9960293669591912
5520.0,1024480.0,0.9963928305819519
5521.0,1025770.0,0.9975923083711897
5522.0,1025940.0,0.997702164093085
5523.0,1024370.0,0.9961196841883481
5524.0,1023140.0,0.9948676838154791
5525.0,1024340.0,0.9959782471119668
5526.0,1025330.0,0.9968842206124903
5527.0,1024030.0,0.9955634656411422
5528.0,1023440.0,0.9949328079585925
5529.0,1025210.0,0.9965960836750287
5530.0,1026090.0,0.9973937926056213
5531.0,1025040.0,0.9963152346913492
5532.0,1023960.0,0.9952073926063415
5533.0,1024710.0,0.9958779441645358
5534.0,1025650.0,0.9967328205785931
5535.0,1024470.0,0.9955272557968944
5536.0,1022410.0,0.9934665189455388
5537.0,1022080.0,0.9930867321901495
5538.0,1021800.0,0.9927553558152445
5539.0,1020000.0,0.9909471062988789
5540.0,1019100.0,0.9900131857928556
5541.0,1022110.0,0.9928773564730318
5542.0,1026010.0,0.9966054858770906
5543.0,1026810.0,0.9973220063955434
5544.0,1025910.0,0.9963871843226227
5545.0,1026650.0,0.9970450141505266
5546.0,1027150.0,0.9974695345376303
5547.0,1025750.0,0.9960488606042296
5548.0,1024810.0,0.9950748629423021
5549.0,1026200.0,0.9963630953447804
5550.0,1027200.0,0.9972723927015782
5551.0,1025530.0,0.995589396342251
5552.0,1024610.0,0.9946345409744947
5553.0,1026480.0,0.9963878934368963
5554.0,1027210.0,0.997034403151881
5555.0,1025260.0,0.9950796156358697
5556.0,1024450.0,0.9942313442708511
5557.0,1025590.0,0.9952754461168243
5558.0,1025320.0,0.9949510917156648
5559.0,1024400.0,0.993995987930598
5560.0,1025400.0,0.9949038261964368
5561.0,1025820.0,0.9952487660383365
5562.0,1024200.0,0.9936145195028098
5563.0,1023950.0,0.9933094262471346
5564.0,1024730.0,0.9940034364084405
5565.0,1022980.0,0.9922433317692484
5566.0,1021740.0,0.990978056542692
5567.0,1024200.0,0.9933012855165748
5568.0,1025620.0,0.9946156348448195
5569.0,1024770.0,0.9937285599021195
5570.0,1025550.0,0.9944221097950372
5571.0,1026340.0,0.9951252613522288
5572.0,1024540.0,0.9933172537400093
5573.0,1023540.0,0.992285051584761
5574.0,1024300.0,0.992959140681427
5575.0,1023590.0,0.9922082311888452
5576.0,1022670.0,0.9912538923213433
5577.0,1024010.0,0.9924901401442991
5578.0,1024970.0,0.9933579892656239
5579.0,1024600.0,0.9929368734570068
5580.0,1024840.0,0.9931069724500526
5581.0,1024110.0,0.9923372001254372
5582.0,1022300.0,0.9905211592271342
5583.0,1020930.0,0.989131710179569
5584.0,1018060.0,0.9862893204014556
5585.0,1017010.0,0.985210459747095
5586.0,1022490.0,0.9904572475262785
5587.0,1027000.0,0.9947639206625667
5588.0,1027930.0,0.995602744123464
5589.0,1029250.0,0.9968192810084514
5590.0,1029360.0,0.9968639782244101
5591.0,1029200.0,0.9966473287478711
5592.0,1029810.0,0.9971764308282517
5593.0,1029270.0,0.9965921100830797
5594.0,1029460.0,0.9967147790972777
5595.0,1029820.0,0.9970021596058297
5596.0,1029260.0,0.9963990279066376
5597.0,1029590.0,0.9966576590225961
5598.0,1029360.0,0.9963743665355
5599.0,1029070.0,0.9960332037492154
5600.0,1029430.0,0.9963213521909613
5601.0,1029250.0,0.9960870464514177
5602.0,1029530.0,0.9962981085149664
5603.0,1029380.0,0.9960932440996909
5604.0,1029410.0,0.9960627734866847
5605.0,1029770.0,0.9963518038632511
5606.0,1029740.0,0.9962636914580486
5607.0,1029770.0,0.9962338545882655
5608.0,1029290.0,0.9957108846098154
5609.0,1029260.0,0.9956235014220948
5610.0,1029260.0,0.9955653840690543
5611.0,1029350.0,0.9955945660694683
5612.0,1029220.0,0.9954112216555473
5613.0,1029140.0,0.9952765095869802
5614.0,1028940.0,0.9950260308323053
5615.0,1028530.0,0.9945727827388324
5616.0,1028280.0,0.9942745699273553
5617.0,1028600.0,0.994527790807227
5618.0,1028780.0,0.9946459156079771
5619.0,1028550.0,0.994367946442358
5620.0,1028360.0,0.9941289765960665
5621.0,1028350.0,0.9940643379320223
5622.0,1028110.0,0.9937776991012917
5623.0,1027450.0,0.9930854575157189
5624.0,1026520.0,0.9921326604065134
5625.0,1025930.0,0.9915088893429459
5626.0,1026840.0,0.992335117186548
5627.0,1028520.0,0.9939056854453254
5628.0,1029070.0,0.9943845237328248
5629.0,1028820.0,0.994090672565738
5630.0,1028340.0,0.9935749898139773
5631.0,1027430.0,0.9926442873054342
5632.0,1025780.0,0.9909991458710299
5633.0,1022790.0,0.9880600538182428
5634.0,1018550.0,0.9839141517738355
5635.0,1018200.0,0.9835265888666207
5636.0,1025370.0,0.9904030142212935
5637.0,1032480.0,0.9972212094205982
5638.0,1034930.0,0.9995385039364314
5639.0,1035270.0,0.9998182471940906
5640.0,1035270.0,0.9997700488694524
5641.0,1035070.0,0.9995291554707079
5642.0,1034920.0,0.9993370049837756
5643.0,1034980.0,0.9993480880884941
5644.0,1034860.0,0.9991858267545874
5645.0,1034520.0,0.9988116318514995
5646.0,1034330.0,0.9985827508706203
5647.0,1034770.0,0.9989625598873972
5648.0,1035570.0,0.9996903382540266
5649.0,1036020.0,1.0000806765466717
5650.0,1036170.0,1.0001818896230366
5651.0,1036250.0,1.0002160238116982
5652.0,1036190.0,1.000115531127505
5653.0,1036120.0,1.0000059037224418
5654.0,1036290.0,1.0001284250516584
5655.0,1036390.0,1.0001839024446377
5656.0,1036270.0,1.0000275966016068
5657.0,1036230.0,0.9999490355384635
5658.0,1036310.0,0.9999868140654714
5659.0,1036310.0,0.9999479423653191
5660.0,1036260.0,0.9998613818377196
5661.0,1036260.0,0.9998236279530558
5662.0,1036400.0,0.9999215136363486
5663.0,1036500.0,0.9999813720697839
5664.0,1036470.0,0.999916387875102
5665.0,1036390.0,0.9998037565817783
5666.0,1036390.0,0.9997688957500076
5667.0,1036490.0,0.9998310960899854
5668.0,1036570.0,0.9998746021028265
5669.0,1036520.0,0.9997933180530333
5670.0,1036430.0,0.9996740628336811
5671.0,1036520.0,0.9997290279441111
5672.0,1036660.0,0.999832811919995
5673.0,1036700.0,0.9998407403857926
5674.0,1036520.0,0.9996370890329602
5675.0,1036370.0,0.9994629704786852
5676.0,1036510.0,0.9995691123419352
5677.0,1036700.0,0.9997240474520958
5678.0,1036720.0,0.9997156214064354
5679.0,1036590.0,0.999563130232222
5680.0,1036520.0,0.9994690756973132
5681.0,1036650.0,0.9995684419583601
5682.0,1036770.0,0.9996587279227581
5683.0,1036740.0,0.9996049459600155
5684.0,1036580.0,0.999426386731426
5685.0,1036520.0,0.9993448068511506
5686.0,1036640.0,0.9994373251105851
5687.0,1036790.0,0.9995593128427345
5688.0,1036890.0,0.9996336395726224
5689.0,1036810.0,0.9995349791494539
5690.0,1036670.0,0.9993790228224191
5691.0,1036670.0,0.9993585724818833
5692.0,1036780.0,0.9994446969571374
5693.0,1036880.0,0.9995217104135533
5694.0,1036860.0,0.9994835756076571
5695.0,1036700.0,0.9993110171598438
5696.0,1036660.0,0.9992546575861918
5697.0,1036820.0,0.9993915995067517
5698.0,1037030.0,0.9995772472712178
5699.0,1037040.0,0.9995706283402465
5700.0,1036860.0,0.9993813874790288
5701.0,1036680.0,0.9991926593049681
5702.0,1036680.0,0.9991779288356286
5703.0,1036880.0,0.9993564614326205
5704.0,1037000.0,0.999458382561902
5705.0,1036960.0,0.9994065895835716
5706.0,1036890.0,0.9993263758515156
5707.0,1036860.0,0.9992852024608669
5708.0,1036910.0,0.9993216147564601
5709.0,1036950.0,0.9993488704203448
5710.0,1036930.0,0.9993187802448685
5711.0,1036860.0,0.9992409800895906
5712.0,1036830.0,0.9992022019751015
5713.0,1036870.0,0.999231352540606
5714.0,1036930.0,0.9992802422115821
5715.0,1036990.0,0.9993295937252765
5716.0,1037060.0,0.9993890407482076
5717.0,1037120.0,0.9994393066176988
5718.0,1037080.0,0.9993936589684238
5719.0,1036990.0,0.9993002793751308
5720.0,1036900.0,0.9992073479582059
5721.0,1036830.0,0.9991341343060175
5722.0,1036810.0,0.9991095439793536
5723.0,1036900.0,0.9991913910268808
5724.0,1036940.0,0.9992254902085989
5725.0,1036910.0,0.9991925665611439
5726.0,1036950.0,0.9992275247465969
5727.0,1037010.0,0.9992821800038881
5728.0,1036940.0,0.9992119866716888
5729.0,1036770.0,0.9990458509600385
5730.0,1036580.0,0.9988608591429865
5731.0,1036370.0,0.9986570079574812
5732.0,1036200.0,0.9984921106631589
5733.0,1036140.0,0.9984336164069785
5734.0,1036220.0,0.9985104300172181
5735.0,1036390.0,0.9986743679021369
5736.0,1036480.0,0.998761613594269
5737.0,1036460.0,0.9987432556359651
5738.0,1036490.0,0.9987734683822495
5739.0,1036550.0,0.9988329766595566
5740.0,1036540.0,0.9988254160522292
5741.0,1036400.0,0.9986929659551734
5742.0,1036200.0,0.9985030755581329
5743.0,1036030.0,0.9983424670991597
5744.0,1036080.0,0.9983942265910765
5745.0,1036240.0,0.9985523538920826
5746.0,1036290.0,0.998604847696692
5747.0,1036170.0,0.9984938852104216
5748.0,1036110.0,0.9984410989793744
5749.0,1036100.0,0.9984368501954815
5750.0,1036110.0,0.9984522268604685
5751.0,1036090.0,0.9984390431625791
5752.0,1036120.0,0.9984743887655408
5753.0,1036180.0,0.9985389880386923
5754.0,1036030.0,0.9984015552659263
5755.0,1035980.0,0.9983608259270694
5756.0,1036210.0,0.9985902640845737
5757.0,1036290.0,0.9986754809843044
5758.0,1036210.0,0.9986068329433568
5759.0,1036240.0,0.9986445170681267
5760.0,1036260.0,0.998672885684136
5761.0,1036120.0,0.998547374845413
5762.0,1036110.0,0.9985474634483966
5763.0,1036150.0,0.998596051521594
5764.0,1036150.0,0.9986063984699595
5765.0,1036170.0,0.9986363265656658
5766.0,1036200.0,0.9986761954509564
5767.0,1036280.0,0.9987645542667599
5768.0,1036340.0,0.9988339349525086
5769.0,1036340.0,0.9988457809480903
5770.0,1036170.0,0.9986940655276774
5771.0,1036010.0,0.9985522714204906
5772.0,1036110.0,0.9986613598598032
5773.0,1036170.0,0.9987321766609402
5774.0,1036020.0,0.9986008573375604
5775.0,1036050.0,0.9986433095977768
5776.0,1036160.0,0.9987631465784351
5777.0,1036030.0,0.998651913465287
5778.0,1035940.0,0.9985794992408973
5779.0,1036140.0,0.9987868898155338
5780.0,1036240.0,0.9988981484873852
5781.0,1036020.0,0.9987011925994214
5782.0,1035970.0,0.9986683616872788
5783.0,1036190.0,0.9988960610203433
5784.0,1036150.0,0.9988733671793739
5785.0,1035950.0,0.9986966690188789
5786.0,1035960.0,0.9987226562530828
5787.0,1036140.0,0.9989127728613898
5788.0,1036130.0,0.9989199525214258
5789.0,1035860.0,0.9986766955796602
5790.0,1035900.0,0.9987325346476514
5791.0,1036170.0,0.9990103511411825
5792.0,1036230.0,0.9990859257448791
5793.0,1036100.0,0.9989785280390674
5794.0,1036030.0,0.9989291923137246
5795.0,1035960.0,0.998880066129582
5796.0,1035730.0,0.9986768703071373
5797.0,1035620.0,0.9985895810887547
5798.0,1035850.0,0.9988303393603147
5799.0,1036220.0,0.9992063048109773
5800.0,1036290.0,0.999293190842621
5801.0,1036060.0,0.9990909775372572
5802.0,1035890.0,0.9989468058752239
5803.0,1035850.0,0.9989281809974072
5804.0,1035900.0,0.9989965322532026
5805.0,1035900.0,0.9990168464858683
5806.0,1035810.0,0.9989505410382186
5807.0,1035910.0,0.9990676491441659
5808.0,1036090.0,0.9992620890620831
5809.0,1036220.0,0.9994084808101145
5810.0,1036200.0,0.9994103687226453
5811.0,1036010.0,0.9992484501446772
5812.0,1035860.0,0.9991252641241467
5813.0,1035850.0,0.9991372657443115
5814.0,1036050.0,0.9993519811764262
5815.0,1036160.0,0.9994800406101267
5816.0,1035800.0,0.9991548791012402
5817.0,1035570.0,0.9989552490378919
5818.0,1035900.0,0.9992959613097674
5819.0,1036250.0,0.999656118645845
5820.0,1036260.0,0.999688424440582
5821.0,1036010.0,0.9994700316745303
5822.0,1035850.0,0.9993385832475314
5823.0,1035850.0,0.9993616161547884
5824.0,1035830.0,0.9993654745148972
5825.0,1035870.0,0.9994273393919227
5826.0,1035840.0,0.9994217822725596
5827.0,1035650.0,0.9992619574667133
5828.0,1035670.0,0.9993048592051951
5829.0,1035910.0,0.9995601478232873
5830.0,1036060.0,0.9997287060739555
5831.0,1035970.0,0.9996657812147218
5832.0,1035730.0,0.9994582016167716
5833.0,1035650.0,0.9994051045035147
5834.0,1035720.0,0.999496847628521
5835.0,1035800.0,0.999598331448127
5836.0,1036000.0,0.9998157115889553
5837.0,1036100.0,0.9999366721603965
5838.0,1035810.0,0.9996813180641511
5839.0,1035400.0,0.999310207307584
5840.0,1035250.0,0.9991900919288347
5841.0,1035430.0,0.9993885507633685
5842.0,1035810.0,0.9997801263034695
5843.0,1035960.0,0.9999497767517548
5844.0,1035770.0,0.9997913034115559
5845.0,1035680.0,0.999729405258827
5846.0,1035700.0,0.9997737399718091
5847.0,1035740.0,0.99983743450943
5848.0,1035710.0,0.999833607605891
5849.0,1035530.0,0.9996850230963692
5850.0,1035470.0,0.9996523302403184
5851.0,1035670.0,0.9998706982430512
5852.0,1035700.0,0.9999249989036962
5853.0,1035320.0,0.9995835036397317
5854.0,1035110.0,0.9994061761584125
5855.0,1035380.0,0.9996923435494749
5856.0,1035520.0,0.9998530515611123
5857.0,1035290.0,0.9996565508383942
5858.0,1035150.0,0.9995469923867564
5859.0,1034990.0,0.9994181632149699
5860.0,1034840.0,0.9992990312073473
5861.0,1035000.0,0.9994793009606232
5862.0,1035290.0,0.9997851683988864
5863.0,1035320.0,0.9998400081560257
5864.0,1035090.0,0.9996438004740416
5865.0,1034950.0,0.9995345487053019
5866.0,1034910.0,0.999521917384974
5867.0,1034850.0,0.9994900140741317
5868.0,1034800.0,0.9994678126621823
5869.0,1034800.0,0.9994939488768597
5870.0,1034800.0,0.9995201309044519
5871.0,1034720.0,0.9994690839175245
5872.0,1034500.0,0.9992828441103606
5873.0,1034220.0,0.9990386791373848
5874.0,1034160.0,0.9990070664141596
5875.0,1034460.0,0.9993232671979656
5876.0,1034710.0,0.9995912244988941
5877.0,1034610.0,0.9995211087681566
5878.0,1034260.0,0.999209503891004
5879.0,1033970.0,0.9989558925509455
5880.0,1033810.0,0.9988279104001903
5881.0,1033790.0,0.9988352290573571
5882.0,1033980.0,0.9990454940193118
5883.0,1033990.0,0.9990818879274185
5884.0,1033680.0,0.9988091194061126
5885.0,1033750.0,0.9989035671528748
5886.0,1034100.0,0.9992686287458415
5887.0,1033770.0,0.998976636274658
5888.0,1031660.0,0.9969645301517653
5889.0,1026980.0,0.992468718387214
5890.0,1024020.0,0.989634947233491
5891.0,1027700.0,0.9932182734625608
5892.0,1032280.0,0.9976716584566803
5893.0,1033560.0,0.9989358726931977
5894.0,1032610.0,0.998044839463742
5895.0,1029650.0,0.9952110241441072
5896.0,1027800.0,0.9934499941814566
5897.0,1030140.0,0.9957389817900644
5898.0,1032700.0,0.9982407900184399
5899.0,1033610.0,0.9991477851198749
5900.0,1033800.0,0.9993588528516454
5901.0,1033420.0,0.9990189424225324
5902.0,1033270.0,0.9989013985486966
5903.0,1033650.0,0.999296268670373
5904.0,1033800.0,0.9994688334908309
5905.0,1033790.0,0.9994867516212842
5906.0,1033830.0,0.9995530473627069
5907.0,1033550.0,0.9993099820176582
5908.0,1033340.0,0.9991346199099339
5909.0,1033700.0,0.9995104288959707
5910.0,1033890.0,0.9997219101890451
5911.0,1033450.0,0.999324239589633
5912.0,1033140.0,0.9990522903068593
5913.0,1033370.0,0.9993025559315531
5914.0,1033560.0,0.9995141852734323
5915.0,1033450.0,0.999435732299878
5916.0,1033410.0,0.9994250044891528
5917.0,1033480.0,0.9995206928757925
5918.0,1033380.0,0.9994519991073602
5919.0,1033100.0,0.9992092371195778
5920.0,1032820.0,0.9989664919582241
5921.0,1032860.0,0.9990332831510569
5922.0,1032950.0,0.9991484718360214
5923.0,1032940.0,0.9991669662356701
5924.0,1033030.0,0.9992822241473961
5925.0,1033350.0,0.9996200101114155
5926.0,1033480.0,0.9997740406343807
5927.0,1033180.0,0.9995121206549243
5928.0,1033050.0,0.9994146789989475
5929.0,1033190.0,0.9995784761821535
5930.0,1033480.0,0.9998874346891354
5931.0,1033550.0,0.9999835830544759
5932.0,1033100.0,0.9995766376445688
5933.0,1032510.0,0.9990342349420167
5934.0,1032590.0,0.999140123786453
5935.0,1033270.0,0.9998266250090942
5936.0,1033600.0,1.0001745100452368
5937.0,1033090.0,0.9997095821327731
5938.0,1032460.0,0.9991285270870844
5939.0,1032550.0,0.9992442397145235
5940.0,1033000.0,0.9997083817249424
5941.0,1033080.0,0.9998144890739261
5942.0,1032770.0,0.9995431741862013
5943.0,1032620.0,0.999426724981591
5944.0,1032760.0,0.9995909797269583
5945.0,1032760.0,0.9996197610468561
5946.0,1032810.0,0.999696965745001
5947.0,1032740.0,0.9996580437708066
5948.0,1032270.0,0.9992319466553886
5949.0,1032260.0,0.9992511404923728
5950.0,1032670.0,0.9996769419718774
5951.0,1032720.0,0.9997542850984337
5952.0,1032740.0,0.9998026149732357
5953.0,1032750.0,0.9998412918902757
5954.0,1032260.0,0.9993959152684757
5955.0,1031900.0,0.99907640343134
5956.0,1032010.0,0.9992119619895418
5957.0,1031950.0,0.9991829524059989
5958.0,1032080.0,0.9993379396583133
5959.0,1032420.0,0.9996963060342099
5960.0,1032250.0,0.9995608703165164
5961.0,1032070.0,0.9994157695913102
5962.0,1032460.0,0.9998226686007912
5963.0,1032800.0,1.0001811973108399
5964.0,1032850.0,1.0002589246996798
5965.0,1032620.0,1.0000655109444134
5966.0,1032160.0,0.9996493574038847
5967.0,1032050.0,0.999572192395401
5968.0,1032190.0,0.9997371899839085
5969.0,1032300.0,0.999873167086978
5970.0,1032480.0,1.000076982900008
5971.0,1032590.0,1.0002130332668735
5972.0,1032430.0,1.00008757761776
5973.0,1032020.0,0.9997199669353758
5974.0,1031670.0,0.9994104863753254
5975.0,1032060.0,0.9998178976246104
5976.0,1032570.0,1.0003416158469682
5977.0,1032460.0,1.0002647270169254
5978.0,1032020.0,0.9998681430336455
5979.0,1031640.0,0.9995296965499356
5980.0,1031710.0,0.9996272651397009
5981.0,1032070.0,1.000005858701587
5982.0,1032160.0,1.0001228842850938
5983.0,1031840.0,0.999842660013133
5984.0,1031580.0,0.999620589318716
5985.0,1031580.0,0.999650487100717
5986.0,1031550.0,0.9996513437658838
5987.0,1031400.0,0.9995359372799482
5988.0,1031520.0,0.9996822199761525
5989.0,1031710.0,0.999896382698286
5990.0,1031530.0,0.999751986634855
5991.0,1031470.0,0.9997239185686118
5992.0,1031550.0,0.999831574147877
5993.0,1031060.0,0.9993867763163095
5994.0,1030480.0,0.9988547440509943
5995.0,1030620.0,0.9990206344810234
5996.0,1031200.0,0.9996130877480336
5997.0,1031250.0,0.9996918265411335
5998.0,1030840.0,0.9993246642407042
5999.0,1030730.0,0.9992483476488995
6000.0,1030500.0,0.9990557190693886
6001.0,1030260.0,0.9988534147445886
6002.0,1030480.0,0.9990971202150191
6003.0,1030430.0,0.999079086657022
6004.0,1029840.0,0.9985374970407065
6005.0,1029680.0,0.9984128485997571
6006.0,1030310.0,0.9990542585857726
6007.0,1030630.0,0.9993951346655076
6008.0,1030440.0,0.9992415047673184
6009.0,1030500.0,0.9993303357244266
6010.0,1030800.0,0.9996519521427484
6011.0,1030900.0,0.9997796581306965
6012.0,1030840.0,0.9997522296270963
6013.0,1030530.0,0.9994823639289429
6014.0,1030090.0,0.9990864269701054
6015.0,1029990.0,0.9990202752104007
6016.0,1030370.0,0.9994197339786927
6017.0,1030550.0,0.9996252520401698
6018.0,1030470.0,0.9995786102072538
6019.0,1030200.0,0.9993476888082966
6020.0,1029900.0,0.9990876839496013
6021.0,1030160.0,0.9993709593101979
6022.0,1030430.0,0.9996639872794815
6023.0,1030100.0,0.9993749635266481
6024.0,1029900.0,0.9992120819526216
6025.0,1030050.0,0.9993888057799938
6026.0,1029990.0,0.9993618193200117
6027.0,1029930.0,0.9993348653204907
6028.0,1029880.0,0.999317647140309
6029.0,1029900.0,0.9993683870942672
6030.0,1029940.0,0.9994385724332814
6031.0,1029680.0,0.9992176720763157
6032.0,1029580.0,0.9991520639533082
6033.0,1029650.0,0.9992514675982296
6034.0,1029770.0,0.9993994378373798
6035.0,1029930.0,0.9995862740151815
6036.0,1029640.0,0.9993364012630237
6037.0,1029170.0,0.9989118401138888
6038.0,1029220.0,0.9989920151954657
6039.0,1029650.0,0.9994410820623372
6040.0,1029590.0,0.9994145741073415
6041.0,1029200.0,0.9990677617665026
6042.0,1029160.0,0.9990607269872743
6043.0,1029390.0,0.9993158395666443
6044.0,1029290.0,0.9992506354352986
6045.0,1029100.0,0.9990980871959453
6046.0,1029310.0,0.9993339165519611
6047.0,1029440.0,0.999492124782702
6048.0,1028950.0,0.9990483971318749
6049.0,1028570.0,0.9987114845079873
6050.0,1028890.0,0.999054288474675
6051.0,1029290.0,0.9994748340670896
6052.0,1029000.0,0.999225409254453
6053.0,1028460.0,0.9987332315724711
6054.0,1028460.0,0.998765468080849
6055.0,1028760.0,0.9990890916230839
6056.0,1028580.0,0.9989466024067999
6057.0,1027900.0,0.9983185308579999
6058.0,1027380.0,0.9978458567781091
6059.0,1027240.0,0.9977422779360098
6060.0,1027730.0,0.9982506594069379
6061.0,1028550.0,0.9990796567463216
6062.0,1029170.0,0.9997144704249609
6063.0,1029290.0,0.9998636583370961
6064.0,1028860.0,0.9994786009405484
6065.0,1028700.0,0.9993558550663891
6066.0,1028900.0,0.9995828821261836
6067.0,1029080.0,0.9997905321081645
6068.0,1029110.0,0.999852499133605
6069.0,1028950.0,0.9997299048965536
6070.0,1028630.0,0.9994518803193366
6071.0,1028500.0,0.9993584932437792
6072.0,1028790.0,0.9996732525797793
6073.0,1028990.0,0.9999006164919113
6074.0,1028630.0,0.9995838481844334
6075.0,1028180.0,0.9991796371510868
6076.0,1028320.0,0.9993488169186986
6077.0,1028660.0,0.9997124196630144
6078.0,1028760.0,0.9998428327577891
6079.0,1028680.0,0.9997983484988916
6080.0,1028340.0,0.9995011930596954
6081.0,1028110.0,0.9993109769662787
6082.0,1028410.0,0.9996359597688997
6083.0,1028680.0,0.9999318433686849
6084.0,1028490.0,0.9997806280603356
6085.0,1028280.0,0.9996100011637546
6086.0,1028020.0,0.9993907962872032
6087.0,1027870.0,0.9992785580341467
6088.0,1028150.0,0.9995844065754957
6089.0,1028260.0,0.9997250347123465
6090.0,1028160.0,0.9996615345928923
6091.0,1027990.0,0.9995300097517062
6092.0,1027850.0,0.9994276881739526
6093.0,1027830.0,0.9994420871912651
6094.0,1027810.0,0.9994565291352755
6095.0,1027970.0,0.9996460545370421
6096.0,1028020.0,0.9997286622341213
6097.0,1027810.0,0.9995584645155162
6098.0,1027510.0,0.9993007684827581
6099.0,1027200.0,0.9990333716087813
6100.0,1027300.0,0.9991647702106247
6101.0,1027610.0,0.9995004761573352
6102.0,1027730.0,0.9996514389592897
6103.0,1027460.0,0.9994230972807245
6104.0,1027180.0,0.9991850555858266
6105.0,1027100.0,0.999141596607958
6106.0,1027110.0,0.999185731127974
6107.0,1027170.0,0.9992785544635703
6108.0,1027280.0,0.9994200717788542
6109.0,1027330.0,0.9995032677619643
6110.0,1027170.0,0.9993821944076448
6111.0,1026850.0,0.9991054796490387
6112.0,1026660.0,0.9989552816462771
6113.0,1026690.0,0.9990191880349519
6114.0,1026950.0,0.9993069520846781
6115.0,1027140.0,0.9995266624325954
6116.0,1026950.0,0.9993766355363329
6117.0,1026470.0,0.9989444193724045
6118.0,1026090.0,0.9986095395502413
6119.0,1025790.0,0.9983525413077242
6120.0,1025110.0,0.997725721120765
6121.0,1024490.0,0.9971573012050376
6122.0,1024920.0,0.9976109091075562
6123.0,1026180.0,0.9988725072094153
6124.0,1026810.0,0.9995209828451351
6125.0,1026870.0,0.9996146788348198
6126.0,1026970.0,0.9997473668352348
6127.0,1026980.0,0.9997924926392483
6128.0,1027000.0,0.9998474031941902
6129.0,1027140.0,1.0000191952022328
6130.0,1027160.0,1.0000742099509503
6131.0,1026910.0,0.9998663853529451
6132.0,1026590.0,0.9995904333825808
6133.0,1026460.0,0.9994995178038424
6134.0,1026390.0,0.9994670685204522
6135.0,1026280.0,0.9993957114971275
6136.0,1026200.0,0.9993536113947645
6137.0,1026120.0,0.9993115552487144
6138.0,1026120.0,0.9993474558895596
6139.0,1026180.0,0.9994418429602604
6140.0,1026170.0,0.99946810562236
6141.0,1026060.0,0.9993970162065896
6142.0,1025990.0,0.9993649311973272
6143.0,1026080.0,0.9994887450863716
6144.0,1026260.0,0.9997002865309774
6145.0,1026250.0,0.9997268017458991
6146.0,1025960.0,0.9994805935638669
6147.0,1025690.0,0.9992539001602735
6148.0,1025640.0,0.9992415760491439
6149.0,1025580.0,0.9992195564457896
6150.0,1025480.0,0.9991586104233521
6151.0,1025520.0,0.999234120107673
6152.0,1025600.0,0.9993486602026812
6153.0,1025520.0,0.999307347198756
6154.0,1025430.0,0.9992563353749637
6155.0,1025430.0,0.999293074896346
6156.0,1025370.0,0.9992713934933427
6157.0,1025220.0,0.9991620473334428
6158.0,1025030.0,0.9990137577716506
6159.0,1024960.0,0.9989824654000012
6160.0,1024970.0,0.9990291956596928
6161.0,1024590.0,0.9986958355120269
6162.0,1024180.0,0.998333257600267
6163.0,1024340.0,0.9985263385595036
6164.0,1024560.0,0.998777974145423
6165.0,1024570.0,0.9988249555186997
6166.0,1024450.0,0.9987452526123787
6167.0,1024250.0,0.9985875986009035
6168.0,1024330.0,0.9987029782363216
6169.0,1024580.0,0.9989841703106253
6170.0,1024680.0,0.9991191760865814
6171.0,1024730.0,0.9992054883845705
6172.0,1024740.0,0.999252853123729
6173.0,1024580.0,0.9991344945861671
6174.0,1024520.0,0.9991136986001753
6175.0,1024400.0,0.9990344381486359
6176.0,1024140.0,0.9988186846618111
6177.0,1024190.0,0.9989053133472944
6178.0,1024310.0,0.9990602748367545
6179.0,1024190.0,0.998981207204565
6180.0,1024090.0,0.9989216940348918
6181.0,1024050.0,0.9989207561041622
6182.0,1023890.0,0.9988028105583358
6183.0,1023710.0,0.998665397638753
6184.0,1023690.0,0.9986841183103938
6185.0,1023630.0,0.9986638685844889
6186.0,1023440.0,0.998516835802266
6187.0,1023220.0,0.9983405739696868
6188.0,1023130.0,0.9982911954395864
6189.0,1022970.0,0.9981735629058873
6190.0,1022360.0,0.9976168653222842
6191.0,1021910.0,0.9972163116644671
6192.0,1022390.0,0.9977233427175665
6193.0,1023210.0,0.99856227639616
6194.0,1023520.0,0.9989035946828672
6195.0,1023340.0,0.9987667595234551
6196.0,1023180.0,0.9986494880939414
6197.0,1023300.0,0.9988055592305656
6198.0,1023550.0,0.9990885898433021
6199.0,1023560.0,0.9991374233257905
6200.0,1023340.0,0.9989617941018909
