wave,flux,norm
3800.0,817636.0,0.9805192498950113
3801.0,825312.0,0.9885293422192004
3802.0,828368.0,0.9909964557027364
3803.0,828736.0,0.9902491122250103
3804.0,830634.0,0.9913328714477039
3805.0,833041.0,0.9930241109364689
3806.0,833397.0,0.9922726487264786
3807.0,833003.0,0.9906343251185586
3808.0,834355.0,0.9910770888365992
3809.0,835446.0,0.9912124158536885
3810.0,833899.0,0.9882244784916282
3811.0,829772.0,0.9821927964369234
3812.0,823693.0,0.9738703842560247
3813.0,819555.0,0.9678625681237422
3814.0,816926.0,0.9636517088111443
3815.0,807812.0,0.9518125744941879
3816.0,802202.0,0.9441274000982566
3817.0,811148.0,0.9535745264975839
3818.0,816954.0,0.9593161721304581
3819.0,806412.0,0.9458727271699117
3820.0,788340.0,0.9236400821453987
3821.0,788946.0,0.9233192534590958
3822.0,803652.0,0.9394852313862733
3823.0,804349.0,0.9392596569923337
3824.0,788375.0,0.9195918081580668
3825.0,771482.0,0.8988992911378019
3826.0,766594.0,0.892227327969597
3827.0,771204.0,0.896615226412481
3828.0,771991.0,0.8965564973138657
3829.0,770599.0,0.893972796730826
3830.0,772723.0,0.8954719361269482
3831.0,767276.0,0.8882063314994268
3832.0,751812.0,0.8693755821793666
3833.0,750153.0,0.8665343530714269
3834.0,758358.0,0.8750840405766325
3835.0,767909.0,0.8851698321641267
3836.0,777911.0,0.8957563707848927
3837.0,769432.0,0.8850649990619394
3838.0,747344.0,0.8587607330450894
3839.0,748658.0,0.8593766827585744
3840.0,762124.0,0.8739286222162449
3841.0,769630.0,0.881625803423558
3842.0,782242.0,0.8951527641879874
3843.0,792775.0,0.906277984495993
3844.0,793450.0,0.906125249628014
3845.0,788399.0,0.8994429788937353
3846.0,782428.0,0.8917283413846799
3847.0,778878.0,0.8867882739707502
3848.0,776201.0,0.8828536512488344
3849.0,770496.0,0.875488833791894
3850.0,768990.0,0.8729076497762827
3851.0,779659.0,0.8841406561049108
3852.0,790731.0,0.895810511092325
3853.0,791435.0,0.8957256754770243
3854.0,790410.0,0.893688625064806
3855.0,791460.0,0.894001920447261
3856.0,785747.0,0.8866853353094493
3857.0,781332.0,0.8808487616392694
3858.0,777026.0,0.8751486993002279
3859.0,759172.0,0.8542178873533781
3860.0,743299.0,0.8355564844395387
3861.0,751977.0,0.8445049687546657
3862.0,782437.0,0.8778776862023475
3863.0,812099.0,0.9102950312262699
3864.0,817908.0,0.9159416269400278
3865.0,805277.0,0.9009493002911697
3866.0,787555.0,0.8802970199470653
3867.0,766431.0,0.8558866264789168
3868.0,738446.0,0.8238692829215296
3869.0,695291.0,0.7750042985446441
3870.0,615916.0,0.6858963030162811
3871.0,514540.0,0.5724757847093304
3872.0,485620.0,0.5398052082125202
3873.0,556312.0,0.6178214437189175
3874.0,635263.0,0.704861298658172
3875.0,683897.0,0.7581372952661326
3876.0,701222.0,0.7766426768665223
3877.0,681515.0,0.7541386228905864
3878.0,663750.0,0.7338238603487309
3879.0,653362.0,0.7216957940094784
3880.0,623021.0,0.6875708660746568
3881.0,579914.0,0.6394319274954607
3882.0,546822.0,0.6024126790123944
3883.0,575604.0,0.6335644213833628
3884.0,687367.0,0.7559202049061904
3885.0,791698.0,0.8698984564615393
3886.0,828259.0,0.9092814798921849
3887.0,829601.0,0.9099678413063469
3888.0,786500.0,0.8619489009183252
3889.0,703153.0,0.769945627182914
3890.0,684695.0,0.7490938236971976
3891.0,734327.0,0.8027102251695841
3892.0,765430.0,0.8360002589840295
3893.0,771890.0,0.8423437729608567
3894.0,765123.0,0.8342565370212099
3895.0,727324.0,0.7923773678536328
3896.0,733966.0,0.7989456569561024
3897.0,759268.0,0.8258000664324605
3898.0,767302.0,0.8338463364929671
3899.0,805372.0,0.8744952449576994
3900.0,820942.0,0.8906682658061366
3901.0,757366.0,0.8210190378718378
3902.0,703287.0,0.7617724591949661
3903.0,763504.0,0.8263244026387407
3904.0,835538.0,0.9035524662915787
3905.0,822109.0,0.8883125497407113
3906.0,801114.0,0.8649305842550331
3907.0,814815.0,0.8790180483899905
3908.0,820408.0,0.8843451703117262
3909.0,801592.0,0.8633755301580289
3910.0,747869.0,0.8048734877805829
3911.0,758816.0,0.816010191486662
3912.0,839719.0,0.902300865455125
3913.0,858421.0,0.9216739029747096
3914.0,811972.0,0.8711217166991929
3915.0,782206.0,0.8385346663300223
3916.0,814703.0,0.8726951082063659
3917.0,879658.0,0.9415462984990474
3918.0,905340.0,0.96828984016563
3919.0,863015.0,0.9223146184831162
3920.0,756841.0,0.8082276700420651
3921.0,689889.0,0.7361695137957421
3922.0,755230.0,0.8052831443932769
3923.0,858386.0,0.9145848160911499
3924.0,910526.0,0.9694086946663543
3925.0,923000.0,0.9819529183044403
3926.0,904396.0,0.9614422521256395
3927.0,839980.0,0.8922988233785911
3928.0,785537.0,0.8338463181577503
3929.0,816038.0,0.865583428991483
3930.0,855455.0,0.9067260265957184
3931.0,831289.0,0.8804657859938414
3932.0,735187.0,0.7781099664461772
3933.0,609682.0,0.6448079838334788
3934.0,573040.0,0.6056155324941962
3935.0,640127.0,0.6760275611452247
3936.0,746457.0,0.7877535899346648
3937.0,857727.0,0.9045303882671057
3938.0,916324.0,0.9656344846250104
3939.0,930140.0,0.9794962694162835
3940.0,931811.0,0.9805600328649617
3941.0,926643.0,0.9744326309325917
3942.0,894093.0,0.9395420000881244
3943.0,819965.0,0.8610414711830882
3944.0,784344.0,0.8230603739135337
3945.0,838622.0,0.8794047990623304
3946.0,892090.0,0.9348239213787428
3947.0,911326.0,0.9543211926471249
3948.0,922988.0,0.9658676367982194
3949.0,932404.0,0.9750514352006202
3950.0,931900.0,0.9738579835232185
3951.0,900454.0,0.940355013434863
3952.0,833645.0,0.8699945447995818
3953.0,813726.0,0.8486325905384405
3954.0,877161.0,0.9141722275700577
3955.0,932243.0,0.9709259161389594
3956.0,948238.0,0.9869238030961772
3957.0,951129.0,0.9892727478442347
3958.0,951109.0,0.9885947734334067
3959.0,947296.0,0.9839797430538675
3960.0,929384.0,0.9647374004149925
3961.0,876798.0,0.9095529215243571
3962.0,814168.0,0.8440301784292507
3963.0,817968.0,0.8474162814565026
3964.0,882876.0,0.9140664326527217
3965.0,928628.0,0.9608119463071292
3966.0,920470.0,0.9517564646460909
3967.0,842629.0,0.8707092888356541
3968.0,721159.0,0.7447137631229448
3969.0,687774.0,0.7097847693083352
3970.0,757784.0,0.7815376616665032
3971.0,816485.0,0.8415447841712475
3972.0,830157.0,0.8550958096631177
3973.0,836191.0,0.8607688258101499
3974.0,846317.0,0.8706459288521924
3975.0,881839.0,0.9066219829797856
3976.0,931894.0,0.9574869319720677
3977.0,957626.0,0.9833149063598864
3978.0,963960.0,0.9892066209135851
3979.0,965908.0,0.9905947481139369
3980.0,965690.0,0.9897629518305665
3981.0,949342.0,0.9724119697451814
3982.0,908931.0,0.9304511878694315
3983.0,887665.0,0.9081295026771053
3984.0,915641.0,0.936183229406356
3985.0,927014.0,0.9472394559803051
3986.0,884230.0,0.9029787123973161
3987.0,858002.0,0.875669576957759
3988.0,901992.0,0.9200157292360964
3989.0,953311.0,0.971781625137446
3990.0,971375.0,0.98960849576104
3991.0,973200.0,0.9908819238829827
3992.0,965577.0,0.9825415490166546
3993.0,938338.0,0.9542637207789527
3994.0,904209.0,0.9190177861010019
3995.0,912163.0,0.9265618337823976
3996.0,951650.0,0.9661108258511084
3997.0,971755.0,0.9859504641171042
3998.0,967545.0,0.9811128625904513
3999.0,935748.0,0.9483246819317792
4000.0,869595.0,0.8807778651185704
4001.0,828866.0,0.8390459623445038
4002.0,877419.0,0.8876901136934224
4003.0,947010.0,0.9575526992858442
4004.0,969677.0,0.9799182163535803
4005.0,950042.0,0.9595353957025611
4006.0,912857.0,0.9214615967744183
4007.0,907255.0,0.9152947873664166
4008.0,945531.0,0.9533784897998139
4009.0,976883.0,0.9844437652120933
4010.0,985442.0,0.992519468939279
4011.0,986840.0,0.9933793645428162
4012.0,986670.0,0.9926623500116815
4013.0,982587.0,0.9880130650818765
4014.0,969315.0,0.9741357011655204
4015.0,937087.0,0.9412350583836673
4016.0,882758.0,0.8861848022421942
4017.0,843354.0,0.8461703297023454
4018.0,859289.0,0.8616942108339658
4019.0,885369.0,0.8873706504535014
4020.0,901486.0,0.9030407413820037
4021.0,940825.0,0.9419451084239477
4022.0,978494.0,0.9791383856605992
4023.0,988272.0,0.9883990887881146
4024.0,970979.0,0.9705912821500388
4025.0,929356.0,0.9284961854552453
4026.0,898774.0,0.8974716643583205
4027.0,907028.0,0.9052403922681649
4028.0,931018.0,0.9286991454931074
4029.0,949138.0,0.9462825188715228
4030.0,947963.0,0.944622043273174
4031.0,940799.0,0.9369998286930364
4032.0,935513.0,0.9312562592561059
4033.0,899761.0,0.8952080748104756
4034.0,848164.0,0.8434412561194812
4035.0,842733.0,0.8376139704177188
4036.0,877236.0,0.8714650770190114
4037.0,904135.0,0.8977329670188589
4038.0,920515.0,0.9135363418611114
4039.0,915884.0,0.9084838492500837
4040.0,899878.0,0.8921602349542274
4041.0,923229.0,0.9148541451685723
4042.0,954709.0,0.9455779487210108
4043.0,948238.0,0.9387031381394381
4044.0,936173.0,0.9263013909266258
4045.0,932760.0,0.9224696790288738
4046.0,920393.0,0.909792103274688
4047.0,900456.0,0.889649023099568
4048.0,889474.0,0.8783700166945829
4049.0,892461.0,0.8808910627345646
4050.0,907501.0,0.8953017951492764
4051.0,934126.0,0.921123494225683
4052.0,943746.0,0.9301612574377689
4053.0,942842.0,0.9288240022508399
4054.0,956587.0,0.9419135192596316
4055.0,968014.0,0.952710380574487
4056.0,965718.0,0.9499985473211705
4057.0,952077.0,0.9361354556824257
4058.0,931898.0,0.915861181491562
4059.0,930490.0,0.914046472386355
4060.0,961379.0,0.9439459596694958
4061.0,995119.0,0.976616570227979
4062.0,1002760.0,0.9836560652334945
4063.0,987615.0,0.9683487164663297
4064.0,956028.0,0.9369430043160785
4065.0,894345.0,0.8760859663871464
4066.0,832372.0,0.8150022380730149
4067.0,861984.0,0.8436083260273131
4068.0,948202.0,0.9275630632538304
4069.0,995886.0,0.9737640604027867
4070.0,1005470.0,0.9826873659456284
4071.0,1000780.0,0.9776594808875685
4072.0,993976.0,0.9705730745697089
4073.0,978918.0,0.9554381818310156
4074.0,941736.0,0.9187344075743417
4075.0,922946.0,0.8999994003307226
4076.0,958683.0,0.9344297555351131
4077.0,999327.0,0.9736111574737373
4078.0,1014380.0,0.9878374017089775
4079.0,1019430.0,0.9923151921423755
4080.0,1020360.0,0.9927814893706901
4081.0,1015450.0,0.9875688316246435
4082.0,994913.0,0.967170602912976
4083.0,938734.0,0.9121583627839129
4084.0,861388.0,0.8366364612885139
4085.0,856882.0,0.831897502960114
4086.0,939294.0,0.911510619503846
4087.0,1005400.0,0.9752388628857822
4088.0,1027530.0,0.9962747187605768
4089.0,1031940.0,1.0001199048607434
4090.0,1030470.0,0.9982666026755882
4091.0,1029320.0,0.9967258069690701
4092.0,1027090.0,0.9941420166161046
4093.0,1015070.0,0.9820895474210543
4094.0,986913.0,0.9544422625517603
4095.0,954656.0,0.9228559543851209
4096.0,942339.0,0.9105649298825946
4097.0,964491.0,0.9315779363296962
4098.0,1003720.0,0.9690615636527544
4099.0,1018960.0,0.9833637937792106
4100.0,993174.0,0.9580787705684806
4101.0,934471.0,0.9010751367411087
4102.0,905615.0,0.8728881371012901
4103.0,930073.0,0.8960914356650911
4104.0,941615.0,0.9068374772242533
4105.0,940602.0,0.9054892224781385
4106.0,952111.0,0.91619255149575
4107.0,972755.0,0.9356747709153541
4108.0,990028.0,0.9519007815054334
4109.0,986807.0,0.9484177357158732
4110.0,988033.0,0.9492106736137205
4111.0,1008060.0,0.9680588018406481
4112.0,1025180.0,0.9841020713012596
4113.0,1033520.0,0.9917085105071801
4114.0,1040130.0,0.9976503929267503
4115.0,1044850.0,1.0017763291099953
4116.0,1045900.0,1.002382566673794
4117.0,1041050.0,0.9973369531000446
4118.0,1024020.0,0.980632303570797
4119.0,998583.0,0.9558941644615568
4120.0,994597.0,0.9517023033709175
4121.0,1015220.0,0.9710529653327838
4122.0,1026780.0,0.9817239254232188
4123.0,1020290.0,0.9751361666637713
4124.0,1006730.0,0.96179992832813
4125.0,996608.0,0.9517582010729123
4126.0,994618.0,0.9494881135799212
4127.0,999213.0,0.9535043520541766
4128.0,1004670.0,0.9583405145024132
4129.0,1007280.0,0.9604590591321012
4130.0,1010780.0,0.9634250552226193
4131.0,1013170.0,0.965331957812306
4132.0,1002370.0,0.9546757706505852
4133.0,979222.0,0.932272535461206
4134.0,963361.0,0.9168221205975673
4135.0,974114.0,0.9267028651958985
4136.0,997657.0,0.9487396996454075
4137.0,1002020.0,0.9525279033107439
4138.0,993215.0,0.9438010988313115
4139.0,995556.0,0.9456690750089721
4140.0,1004510.0,0.9538156215751238
4141.0,998136.0,0.9474077783102148
4142.0,985956.0,0.9354965795717047
4143.0,996203.0,0.9448662552692076
4144.0,1005730.0,0.953546991889222
4145.0,990471.0,0.9387307333088942
4146.0,987816.0,0.935867309331314
4147.0,1012470.0,0.9588699369886202
4148.0,1007050.0,0.9533848732696962
4149.0,958652.0,0.9072317771757135
4150.0,945076.0,0.8940553656722524
4151.0,993123.0,0.9391641056167794
4152.0,1021900.0,0.9660241112358684
4153.0,999047.0,0.9440760071644231
4154.0,975916.0,0.9218819285162044
4155.0,997952.0,0.9423553178511243
4156.0,1027040.0,0.9694711826759662
4157.0,1017390.0,0.9600146591345148
4158.0,987831.0,0.9317861337384357
4159.0,983059.0,0.9269508421372935
4160.0,1010250.0,0.9522474952645764
4161.0,1028480.0,0.9690831012730324
4162.0,1010600.0,0.9518948571756918
4163.0,989430.0,0.9316217127496973
4164.0,988102.0,0.9300396592433694
4165.0,1003800.0,0.9444791226886532
4166.0,1009100.0,0.9491288494473992
4167.0,983604.0,0.924820322157384
4168.0,974783.0,0.9162024426787236
4169.0,990044.0,0.9302179657461855
4170.0,1008430.0,0.9471592761636867
4171.0,1025580.0,0.962928715457217
4172.0,1014420.0,0.9521163707855881
4173.0,1004800.0,0.9427570462642854
4174.0,1013280.0,0.9503812431889669
4175.0,1012140.0,0.9489809418407411
4176.0,1017770.0,0.9539274633990847
4177.0,1014840.0,0.9508507952288966
4178.0,1001300.0,0.9378392122072104
4179.0,1009530.0,0.9452203306377477
4180.0,1002330.0,0.9381547582321808
4181.0,968855.0,0.9065103101675352
4182.0,944576.0,0.883489410618949
4183.0,928419.0,0.8680789190883028
4184.0,936055.0,0.8749184453785063
4185.0,951698.0,0.8892351905354641
4186.0,929255.0,0.8679684352789411
4187.0,916173.0,0.8554572546141463
4188.0,925162.0,0.863556319906064
4189.0,930685.0,0.8684161753950573
4190.0,965692.0,0.9007751225882396
4191.0,992026.0,0.9250253032750314
4192.0,972880.0,0.9068655140539531
4193.0,966721.0,0.9008200850973025
4194.0,955861.0,0.8904000731220321
4195.0,935165.0,0.8708281574270518
4196.0,968090.0,0.9011850155769043
4197.0,994905.0,0.9258360401294086
4198.0,966256.0,0.8988746729835744
4199.0,945894.0,0.8796382555735123
4200.0,950123.0,0.8832759215817004
4201.0,949889.0,0.882763895860489
4202.0,973829.0,0.9047107916308764
4203.0,1003140.0,0.9316315659682747
4204.0,992741.0,0.9216677659876389
4205.0,952123.0,0.8836646899189168
4206.0,930729.0,0.863522990270738
4207.0,946464.0,0.8778315339425657
4208.0,987250.0,0.9153577090580705
4209.0,1000270.0,0.927123882609909
4210.0,973597.0,0.9021043438439182
4211.0,939455.0,0.8701833054515236
4212.0,921581.0,0.8533470436541765
4213.0,935898.0,0.8663199117989097
4214.0,976475.0,0.9035843399794695
4215.0,1007240.0,0.9317480786951582
4216.0,984263.0,0.9101958662140344
4217.0,933942.0,0.8633799190730903
4218.0,922142.0,0.8521937710942299
4219.0,968234.0,0.8944984087247031
4220.0,1027240.0,0.9487024643518908
4221.0,1032680.0,0.9534170318127954
4222.0,995908.0,0.9191694078160468
4223.0,947545.0,0.8742498177775996
4224.0,933428.0,0.8609462891509522
4225.0,955502.0,0.8810215318091564
4226.0,959761.0,0.8846630037182776
4227.0,964011.0,0.8882940574014092
4228.0,990544.0,0.912449192306626
4229.0,985292.0,0.9073193602647964
4230.0,934092.0,0.8598948006714855
4231.0,904712.0,0.8325812284731562
4232.0,937913.0,0.8628584481602334
4233.0,1006660.0,0.9258074853348831
4234.0,1054180.0,0.9692005700803134
4235.0,1015560.0,0.933395327927543
4236.0,881175.0,0.8096242028646874
4237.0,787483.0,0.7233090708251172
4238.0,822921.0,0.7556181928709146
4239.0,901426.0,0.8274390287092298
4240.0,949514.0,0.8713027346289371
4241.0,937279.0,0.8598020849630272
4242.0,840462.0,0.7707432137323332
4243.0,770271.0,0.706150562060328
4244.0,842894.0,0.7724830715996308
4245.0,967199.0,0.8861233974757884
4246.0,1012340.0,0.9271867702430356
4247.0,940328.0,0.8609595859475014
4248.0,818146.0,0.7488535277620253
4249.0,780640.0,0.714298339076978
4250.0,874258.0,0.7997077833117124
4251.0,975312.0,0.8918631884178732
4252.0,978200.0,0.894222072218584
4253.0,912304.0,0.8337204453708994
4254.0,854440.0,0.780594842806126
4255.0,828320.0,0.7564941477566461
4256.0,882707.0,0.8059115818109266
4257.0,978852.0,0.8934110933471072
4258.0,969872.0,0.8849368688743975
4259.0,915615.0,0.8351690693496046
4260.0,922501.0,0.8411860398476673
4261.0,906435.0,0.8262769850738557
4262.0,875356.0,0.7976962481782458
4263.0,871579.0,0.7940054928742369
4264.0,839200.0,0.7642689225948323
4265.0,843741.0,0.7681639384247073
4266.0,878005.0,0.7991086770390591
4267.0,843027.0,0.7670337842629876
4268.0,812927.0,0.7394158608628856
4269.0,808307.0,0.7349838738016481
4270.0,773686.0,0.703283639048224
4271.0,777386.0,0.7064262732114538
4272.0,813134.0,0.7386805175428212
4273.0,791953.0,0.7192143931752251
4274.0,736161.0,0.6683381386276233
4275.0,735853.0,0.667850134598211
4276.0,791572.0,0.7181959064420457
4277.0,863963.0,0.7836321158198328
4278.0,885398.0,0.8028237838317406
4279.0,786761.0,0.7131635782338119
4280.0,661996.0,0.5998827315010814
4281.0,705079.0,0.6387243322982199
4282.0,846798.0,0.7668672854484717
4283.0,916130.0,0.8293965356333337
4284.0,861528.0,0.779721031963735
4285.0,725381.0,0.6562975476496553
4286.0,665733.0,0.6021427410401579
4287.0,761937.0,0.6889428648068664
4288.0,862723.0,0.7798306468321937
4289.0,862406.0,0.7793014330508012
4290.0,850662.0,0.7684498375565448
4291.0,844245.0,0.7624155958427321
4292.0,860208.0,0.776589532590156
4293.0,899888.0,0.8121594302773627
4294.0,888173.0,0.8013369439326906
4295.0,824072.0,0.7432715582746046
4296.0,734626.0,0.6623894348010442
4297.0,630279.0,0.5681260063633639
4298.0,580024.0,0.5226639066316758
4299.0,525578.0,0.4734546851624672
4300.0,472230.0,0.4252648491381042
4301.0,495365.0,0.4459599729007885
4302.0,529570.0,0.47660496156038296
4303.0,516262.0,0.46448312265724545
4304.0,496741.0,0.44678064328524475
4305.0,508169.0,0.45691670889266306
4306.0,545875.0,0.4906666848591101
4307.0,543116.0,0.48803438353694595
4308.0,470540.0,0.42268690006791815
4309.0,402605.0,0.36154784639695914
4310.0,368143.0,0.33049697736482825
4311.0,357851.0,0.3211570523359429
4312.0,406032.0,0.3642836877587913
4313.0,546809.0,0.490432563833156
4314.0,742413.0,0.6656613505123622
4315.0,926249.0,0.830232249348934
4316.0,1050720.0,0.9415054986247926
4317.0,1091980.0,0.9781703634490192
4318.0,1092510.0,0.9783384650537543
4319.0,1106410.0,0.9904752485377468
4320.0,1110170.0,0.9935295341720778
4321.0,1055460.0,0.9442712424764661
4322.0,903296.0,0.8078834103206539
4323.0,683994.0,0.6115534768656035
4324.0,589353.0,0.526770098048105
4325.0,679491.0,0.6071454077260882
4326.0,806219.0,0.7201539445096523
4327.0,881145.0,0.7868336457123944
4328.0,898642.0,0.8022050561618307
4329.0,901270.0,0.8042973756060413
4330.0,927722.0,0.8276420662968864
4331.0,964410.0,0.8601006546280319
4332.0,963532.0,0.8590461473777292
4333.0,930668.0,0.829483622384788
4334.0,912887.0,0.8133784102369845
4335.0,940741.0,0.8379308373042157
4336.0,980279.0,0.8728712331783578
4337.0,949925.0,0.8455748841013541
4338.0,864317.0,0.7691268637823211
4339.0,795227.0,0.7074212498354004
4340.0,772316.0,0.6868216292983734
4341.0,787812.0,0.7003793878388148
4342.0,827905.0,0.7357884857866769
4343.0,867338.0,0.770588378952623
4344.0,932451.0,0.828173974937712
4345.0,992654.0,0.8813629965093093
4346.0,975997.0,0.8662966405797903
4347.0,932672.0,0.8275765783650728
4348.0,933502.0,0.8280479387098004
4349.0,983309.0,0.8719490044298216
4350.0,973222.0,0.862727617110703
4351.0,881109.0,0.780821917874578
4352.0,789141.0,0.6990969441433296
4353.0,761927.0,0.6747710746264741
4354.0,769176.0,0.6809715597890716
4355.0,752272.0,0.6657913654705904
4356.0,754898.0,0.6678999350404681
4357.0,805820.0,0.7127231829587009
4358.0,827282.0,0.7314691000446472
4359.0,803394.0,0.7101178133688376
4360.0,825897.0,0.7297716204632149
4361.0,887710.0,0.7841358244761999
4362.0,869382.0,0.7676968705776269
4363.0,807526.0,0.712843873929486
4364.0,844789.0,0.7454950698412129
4365.0,915127.0,0.8073025920845568
4366.0,876770.0,0.7732126385256233
4367.0,825746.0,0.727977332463036
4368.0,872994.0,0.769379446504647
4369.0,899512.0,0.7924904771205451
4370.0,841163.0,0.740840720570703
4371.0,792689.0,0.6979188545830535
4372.0,793427.0,0.6983390211964489
4373.0,819389.0,0.7209522752752693
4374.0,843947.0,0.7423153298516367
4375.0,857960.0,0.754391833015447
4376.0,853688.0,0.7503875287829139
4377.0,844047.0,0.7416676972471706
4378.0,858294.0,0.7539367617487379
4379.0,883801.0,0.7760849240177803
4380.0,878444.0,0.771124599083805
4381.0,869895.0,0.7633660311303905
4382.0,869332.0,0.7626178747138141
4383.0,871690.0,0.7644313561185287
4384.0,881987.0,0.773202987066961
4385.0,866307.0,0.7592029128093299
4386.0,851863.0,0.7462945859515592
4387.0,859053.0,0.7523410808381584
4388.0,887407.0,0.7769118344403435
4389.0,885821.0,0.7752623836038347
4390.0,859396.0,0.7518820284416226
4391.0,858637.0,0.7509644736782972
4392.0,866449.0,0.7575407386467617
4393.0,874085.0,0.7639582537475527
4394.0,889436.0,0.7771116318275282
4395.0,901500.0,0.7873846708978267
4396.0,898707.0,0.7846782914576627
4397.0,904463.0,0.7894349979155758
4398.0,909142.0,0.7932482375443505
4399.0,896623.0,0.7820578100577682
4400.0,906498.0,0.7904004576022122
4401.0,948452.0,0.8266978347948336
4402.0,968798.0,0.8441420722712791
4403.0,948648.0,0.8263005341155337
4404.0,939531.0,0.8180774697415483
4405.0,949301.0,0.8262993067224567
4406.0,955455.0,0.8313685089934878
4407.0,977642.0,0.8503795630153135
4408.0,999588.0,0.8691672917263982
4409.0,994598.0,0.8645279615810131
4410.0,998905.0,0.8679695987618751
4411.0,1035530.0,0.8994802190427754
4412.0,1061800.0,0.9219768067489217
4413.0,1050170.0,0.9115593764872938
4414.0,1035750.0,0.8987276667975943
4415.0,1029720.0,0.8931817990181745
4416.0,1027040.0,0.8905439400505326
4417.0,1036750.0,0.8986468265221053
4418.0,1056200.0,0.915182901362191
4419.0,1082950.0,0.9380297192261347
4420.0,1093060.0,0.9464515253312515
4421.0,1069040.0,0.9253248622058358
4422.0,1069410.0,0.9253161407461752
4423.0,1109020.0,0.9592473620552715
4424.0,1121230.0,0.9694624630856729
4425.0,1099010.0,0.949910525013157
4426.0,1082330.0,0.9351585094332164
4427.0,1081710.0,0.9342875591015576
4428.0,1092220.0,0.9430261614593805
4429.0,1095100.0,0.9451723231877331
4430.0,1090110.0,0.9405260852310456
4431.0,1110430.0,0.957711525956054
4432.0,1135940.0,0.9793583412255905
4433.0,1136630.0,0.9795976906743807
4434.0,1122330.0,0.9669217073521135
4435.0,1102630.0,0.949603567358719
4436.0,1104020.0,0.9504536896229605
4437.0,1132710.0,0.9747964346105139
4438.0,1147430.0,0.9871025275561258
4439.0,1130220.0,0.9719403326321235
4440.0,1106110.0,0.9508569224762178
4441.0,1098820.0,0.9442420390743853
4442.0,1115650.0,0.9583504704873448
4443.0,1148050.0,0.9858174656761287
4444.0,1170240.0,1.0044993682446115
4445.0,1167680.0,1.0019298438500142
4446.0,1152690.0,0.9886998430274453
4447.0,1132200.0,0.97076317650432
4448.0,1118230.0,0.9584274214612918
4449.0,1124180.0,0.9631671156366213
4450.0,1142030.0,0.9780943863138366
4451.0,1155410.0,0.9891829170639286
4452.0,1154040.0,0.9876392888571393
4453.0,1144190.0,0.9788416521928399
4454.0,1135470.0,0.9710163694742343
4455.0,1132890.0,0.968445149162439
4456.0,1141600.0,0.9755228708799119
4457.0,1155780.0,0.9872671871710309
4458.0,1172220.0,1.0009318695431875
4459.0,1177770.0,1.0052905020754153
4460.0,1172970.0,1.0008143977487367
4461.0,1164640.0,0.9933304432416831
4462.0,1152480.0,0.9825863107169907
4463.0,1148830.0,0.9791026379511164
4464.0,1153700.0,0.9828797041297352
4465.0,1158490.0,0.9865853801537101
4466.0,1169820.0,0.9958552973319276
4467.0,1174630.0,0.9995695103611154
4468.0,1160760.0,0.987390573765934
4469.0,1139990.0,0.969353402822379
4470.0,1130240.0,0.9606966070496807
4471.0,1136420.0,0.9655813709770893
4472.0,1143750.0,0.9714389036912155
4473.0,1141690.0,0.9693194197080556
4474.0,1141030.0,0.9683895104428862
4475.0,1152950.0,0.9781326540002657
4476.0,1164160.0,0.9872660651266647
4477.0,1163140.0,0.9860246456399107
4478.0,1166630.0,0.9886058141801487
4479.0,1176320.0,0.9964367787528169
4480.0,1181450.0,1.0004004482871827
4481.0,1183050.0,1.00137309195461
4482.0,1176310.0,0.9952883583931441
4483.0,1169790.0,0.9893942849181432
4484.0,1174190.0,0.9927371541461826
4485.0,1175750.0,0.9936772528351879
4486.0,1167670.0,0.9864725604875418
4487.0,1161940.0,0.9812579511344278
4488.0,1166860.0,0.9850378500996232
4489.0,1174880.0,0.991430889483693
4490.0,1180270.0,0.9956006452404215
4491.0,1184520.0,0.9988060635601865
4492.0,1182120.0,0.9964039075238491
4493.0,1175640.0,0.990565999689964
4494.0,1165710.0,0.9818268867566895
4495.0,1153890.0,0.9715033037064906
4496.0,1153100.0,0.9704707795311464
4497.0,1161470.0,0.9771455557304244
4498.0,1163310.0,0.9783238940045589
4499.0,1165680.0,0.9799471387721566
4500.0,1174380.0,0.986888829428321
4501.0,1173990.0,0.9861896788991209
4502.0,1168460.0,0.9811752119237213
4503.0,1172120.0,0.9838789275517631
4504.0,1178600.0,0.9889471743600503
4505.0,1178340.0,0.9883586558695471
4506.0,1174520.0,0.9847860416470612
4507.0,1182210.0,0.9908635403947879
4508.0,1196890.0,1.0027933658235582
4509.0,1201730.0,1.0064735360021082
4510.0,1191030.0,0.9971411953243776
4511.0,1171200.0,0.9801753765922525
4512.0,1163860.0,0.9736716089626838
4513.0,1167900.0,0.9766900057200977
4514.0,1167950.0,0.9763711679766397
4515.0,1169900.0,0.9776408574672534
4516.0,1175320.0,0.9818088454713618
4517.0,1175770.0,0.9818241568227443
4518.0,1178930.0,0.9841021993702251
4519.0,1191470.0,0.9942062017326624
4520.0,1199460.0,1.000508159272109
4521.0,1196580.0,0.9977424672218215
4522.0,1189850.0,0.9917703884916669
4523.0,1186310.0,0.988461315561088
4524.0,1183410.0,0.9856884139663549
4525.0,1185200.0,0.9868232325946757
4526.0,1188270.0,0.9890233467620182
4527.0,1180900.0,0.9825363172169638
4528.0,1178900.0,0.9805210772900281
4529.0,1191660.0,0.9907799515798679
4530.0,1198480.0,0.9960954009712472
4531.0,1192650.0,0.9908978205412877
4532.0,1186300.0,0.9852728975539687
4533.0,1181360.0,0.9808234710826478
4534.0,1183880.0,0.9825695426124412
4535.0,1194960.0,0.9914172241007048
4536.0,1200440.0,0.9956151279915845
4537.0,1201530.0,0.9961713599242547
4538.0,1200800.0,0.9952197604762976
4539.0,1200490.0,0.9946177806152426
4540.0,1196450.0,0.9909279461163395
4541.0,1186520.0,0.9823651188789759
4542.0,1189370.0,0.9843866222758131
4543.0,1203490.0,0.9957322524013171
4544.0,1209400.0,1.0002808121332587
4545.0,1210040.0,1.000470099479086
4546.0,1212010.0,1.0017596573913135
4547.0,1209600.0,0.9994305112613023
4548.0,1201900.0,0.9927346983239492
4549.0,1192990.0,0.9850454482317607
4550.0,1185500.0,0.978534602186401
4551.0,1184570.0,0.9774422228125714
4552.0,1191690.0,0.982991986947331
4553.0,1200970.0,0.9903204472966084
4554.0,1206890.0,0.9948755909745639
4555.0,1213120.0,0.9996844849324094
4556.0,1217000.0,1.0025556292221147
4557.0,1213960.0,0.9997274307675951
4558.0,1209510.0,0.9957415965749552
4559.0,1205870.0,0.9924262996851113
4560.0,1202660.0,0.9894682609032212
4561.0,1205750.0,0.9916950518969065
4562.0,1208220.0,0.9934120539787035
4563.0,1207010.0,0.9921046026943507
4564.0,1206610.0,0.9914649765313492
4565.0,1208870.0,0.9930122242915913
4566.0,1215970.0,0.9985345057803953
4567.0,1221090.0,1.00242942232463
4568.0,1219690.0,1.0009726388404936
4569.0,1216340.0,0.9979184482654243
4570.0,1212010.0,0.9940638908790803
4571.0,1203320.0,0.9866383323955674
4572.0,1199240.0,0.9829975552598739
4573.0,1206160.0,0.988374363738165
4574.0,1211940.0,0.9928156891755263
4575.0,1209520.0,0.9905405935330427
4576.0,1206080.0,0.9874333924520295
4577.0,1208440.0,0.9890768144894723
4578.0,1215260.0,0.9943702909435386
4579.0,1219400.0,0.9974701661196522
4580.0,1218810.0,0.9967019495145868
4581.0,1220000.0,0.9973911229964195
4582.0,1223710.0,1.000141268287257
4583.0,1224780.0,1.0007345741610543
4584.0,1222240.0,0.9983805397494385
4585.0,1217620.0,0.9943310635359185
4586.0,1216390.0,0.9930532247846535
4587.0,1219800.0,0.9955649600730616
4588.0,1220550.0,0.9959067664563963
4589.0,1217610.0,0.9932402288340548
4590.0,1217650.0,0.9930072406925474
4591.0,1219500.0,0.9942519722449161
4592.0,1219700.0,0.9941530957339517
4593.0,1221370.0,0.9952540751740625
4594.0,1223930.0,0.9970814944125014
4595.0,1225540.0,0.9981362367917902
4596.0,1226660.0,0.9987934726720064
4597.0,1226110.0,0.9980929705774394
4598.0,1226000.0,0.997752951848846
4599.0,1227080.0,0.9983833802794343
4600.0,1226550.0,0.9977059648187457
4601.0,1224180.0,0.9955346451969876
4602.0,1219960.0,0.9918623912134594
4603.0,1216990.0,0.9892100719537138
4604.0,1220140.0,0.9915345103269381
4605.0,1224240.0,0.9946318296167326
4606.0,1225170.0,0.9951550158979454
4607.0,1225550.0,0.9952335190511059
4608.0,1227120.0,0.9962803460373749
4609.0,1228480.0,0.9971584699891266
4610.0,1230170.0,0.9983062210803132
4611.0,1232320.0,0.9998288831768458
4612.0,1232740.0,0.999949759134346
4613.0,1231610.0,0.998815734797894
4614.0,1231570.0,0.9985681415160379
4615.0,1232070.0,0.9987605386683488
4616.0,1230670.0,0.9974150948594023
4617.0,1228200.0,0.9952053042296467
4618.0,1224380.0,0.9919048422040195
4619.0,1222490.0,0.9901710251992386
4620.0,1225100.0,0.9920840465310988
4621.0,1228350.0,0.9945164908977395
4622.0,1230740.0,0.9962538313780869
4623.0,1232940.0,0.9978387179173556
4624.0,1234440.0,0.998858562279821
4625.0,1234970.0,0.9990952525523322
4626.0,1234500.0,0.9985249600362428
4627.0,1233370.0,0.9974230828179749
4628.0,1233200.0,0.9970997440723346
4629.0,1233350.0,0.9970371159983001
4630.0,1234230.0,0.9975664202332044
4631.0,1235480.0,0.9983964019864184
4632.0,1235840.0,0.9985088575711687
4633.0,1235370.0,0.9979526249146109
4634.0,1231800.0,0.9948946160572822
4635.0,1226300.0,0.9902809277211497
4636.0,1225060.0,0.9891101158387893
4637.0,1228230.0,0.9915014779627599
4638.0,1231860.0,0.9942650555810594
4639.0,1235390.0,0.9969487447404302
4640.0,1237790.0,0.998721518559622
4641.0,1238850.0,0.9994144057426437
4642.0,1238550.0,0.9990117877975919
4643.0,1238250.0,0.9986109732289504
4644.0,1238560.0,0.9987038119342845
4645.0,1238950.0,0.9988627600022867
4646.0,1239000.0,0.9987492120089949
4647.0,1238640.0,0.9983068591195113
4648.0,1238580.0,0.998107985768501
4649.0,1238350.0,0.997773772277613
4650.0,1237710.0,0.9971109151070603
4651.0,1237130.0,0.9964981215960991
4652.0,1235670.0,0.9951782978266487
4653.0,1233550.0,0.9933288852713825
4654.0,1231990.0,0.9919323651591326
4655.0,1231740.0,0.9915922982919625
4656.0,1234150.0,0.9933948686821186
4657.0,1237480.0,0.9959388051881622
4658.0,1238190.0,0.9963751494837931
4659.0,1238690.0,0.9966438181893972
4660.0,1240480.0,0.9979515960753483
4661.0,1240880.0,0.9981423132916875
4662.0,1240060.0,0.9973531216617136
4663.0,1240240.0,0.99736965154055
4664.0,1241480.0,0.9982398203977181
4665.0,1241980.0,0.9985161415576052
4666.0,1241250.0,0.9978049273207084
4667.0,1240950.0,0.9974407891699388
4668.0,1241420.0,0.997696830276276
4669.0,1241930.0,0.9979861973334201
4670.0,1241460.0,0.9974893126909207
4671.0,1240560.0,0.9966483023418703
4672.0,1239570.0,0.9957363883334096
4673.0,1238520.0,0.9947776720893495
4674.0,1238000.0,0.9942459832386523
4675.0,1236480.0,0.9929125432563732
4676.0,1235140.0,0.9917250562095942
4677.0,1235000.0,0.9915023454133944
4678.0,1234600.0,0.9910720607587162
4679.0,1234860.0,0.9911727005003406
4680.0,1237190.0,0.992935703640887
4681.0,1239210.0,0.9944506010090024
4682.0,1238980.0,0.9941607996912697
4683.0,1238810.0,0.99392021143432
4684.0,1238920.0,0.9939052956689475
4685.0,1239960.0,0.9946373652756532
4686.0,1242100.0,0.9962525280193423
4687.0,1243860.0,0.9975635571672338
4688.0,1244840.0,0.9982497682486198
4689.0,1244380.0,0.9977821259740954
4690.0,1242740.0,0.9963694110209977
4691.0,1241380.0,0.9951823257775276
4692.0,1241030.0,0.9948059510325294
4693.0,1240110.0,0.9939736330835156
4694.0,1238230.0,0.9923729207595224
4695.0,1237830.0,0.9919593538290482
4696.0,1237760.0,0.9918110919630999
4697.0,1237830.0,0.991775812732225
4698.0,1241390.0,0.9945373151053214
4699.0,1245520.0,0.9977556822732702
4700.0,1246770.0,0.9986673186284433
4701.0,1245740.0,0.9977533909403431
4702.0,1243620.0,0.9959673941636051
4703.0,1242270.0,0.994799011410355
4704.0,1242570.0,0.9949526967847001
4705.0,1243440.0,0.9955633847702818
4706.0,1244640.0,0.9964388019706921
4707.0,1246070.0,0.9974988143188602
4708.0,1247100.0,0.9982390781359429
4709.0,1247060.0,0.9981234041661072
4710.0,1245990.0,0.9971840038343914
4711.0,1244660.0,0.996037256356894
4712.0,1242990.0,0.9946191804907468
4713.0,1240360.0,0.9924337518122337
4714.0,1236920.0,0.9896011464746542
4715.0,1237780.0,0.990209441377324
4716.0,1243540.0,0.9947377446272812
4717.0,1247200.0,0.9975860814394806
4718.0,1248440.0,0.9984989055197011
4719.0,1249350.0,0.9991481061079014
4720.0,1249730.0,0.9993737957533507
4721.0,1248450.0,0.9982724992484865
4722.0,1247400.0,0.997355653975223
4723.0,1248730.0,0.9983420947101538
4724.0,1250690.0,0.9998323732056092
4725.0,1251460.0,1.000371517217624
4726.0,1250240.0,0.9993202868435241
4727.0,1249270.0,0.9984693303754251
4728.0,1249750.0,0.9987776037142413
4729.0,1250680.0,0.9994457067531968
4730.0,1252040.0,1.0004575614934461
4731.0,1252020.0,1.0003668810871162
4732.0,1250190.0,0.9988303508564762
4733.0,1248660.0,0.9975339208107062
4734.0,1248180.0,0.9970766388913285
4735.0,1247280.0,0.9962841172308449
4736.0,1245550.0,0.9948289439248499
4737.0,1246240.0,0.9953068541261758
4738.0,1249690.0,0.997988925827059
4739.0,1252340.0,1.0000318893380307
4740.0,1252800.0,1.000325993296638
4741.0,1252310.0,0.9998616388007461
4742.0,1252040.0,0.9995730519241897
4743.0,1252890.0,1.0001786454992434
4744.0,1255590.0,1.0022609221376984
4745.0,1258270.0,1.0043269445379857
4746.0,1258960.0,1.0048043986241204
4747.0,1258770.0,1.0045794671919326
4748.0,1257830.0,1.0037560285600373
4749.0,1254780.0,1.001248988610977
4750.0,1251560.0,0.9986066061211801
4751.0,1249780.0,0.9971134033737051
4752.0,1251550.0,0.9984524128256469
4753.0,1256840.0,1.0025990640665916
4754.0,1260450.0,1.0054049126728002
4755.0,1260640.0,1.0054824184936897
4756.0,1259870.0,1.004794111329542
4757.0,1259950.0,1.0047835817466926
4758.0,1260790.0,1.005378895359547
4759.0,1260060.0,1.0047220508787478
4760.0,1255670.0,1.0011469528116441
4761.0,1250270.0,0.9967669301374257
4762.0,1249690.0,0.9962297187892997
4763.0,1254200.0,0.9997496602662062
4764.0,1258490.0,1.0030934237964937
4765.0,1260130.0,1.0043243188392075
4766.0,1260850.0,1.004821515282731
4767.0,1261380.0,1.0051668857923082
4768.0,1261760.0,1.0053923214043505
4769.0,1261550.0,1.0051472608226812
4770.0,1258060.0,1.002288690766817
4771.0,1252120.0,0.9974784120141204
4772.0,1248290.0,0.994349226800748
4773.0,1250000.0,0.9956327433591186
4774.0,1256550.0,1.0007703886815988
4775.0,1261700.0,1.00479181441671
4776.0,1262120.0,1.0050455359640256
4777.0,1261760.0,1.004677636286888
4778.0,1261350.0,1.0042694664573624
4779.0,1257780.0,1.001345084438414
4780.0,1253190.0,0.9976086554593012
4781.0,1253590.0,0.997844266369227
4782.0,1255740.0,0.9994721219513093
4783.0,1253960.0,0.997971393070573
4784.0,1253260.0,0.9973297560099169
4785.0,1258390.0,1.0013266495897328
4786.0,1263520.0,1.0053222108503181
4787.0,1261700.0,1.0037871140669083
4788.0,1254890.0,0.9982819907786561
4789.0,1251770.0,0.9957123261782527
4790.0,1256160.0,0.99911565901779
4791.0,1260880.0,1.002780109147902
4792.0,1260410.0,1.002315912431863
4793.0,1256330.0,0.9989805200493751
4794.0,1252740.0,0.9960345546171917
4795.0,1252150.0,0.9954733782064252
4796.0,1252620.0,0.9957541364847967
4797.0,1253410.0,0.9962883790416259
4798.0,1254550.0,0.9970998605930651
4799.0,1256610.0,0.9986414692395917
4800.0,1259520.0,1.0008573508138254
4801.0,1261210.0,1.00210255607346
4802.0,1260080.0,1.0011061842963342
4803.0,1254930.0,0.9969156045842381
4804.0,1247750.0,0.9911124604666809
4805.0,1246730.0,0.9902020577764141
4806.0,1249530.0,0.9923245678655422
4807.0,1250890.0,0.9933021976396953
4808.0,1255270.0,0.9966764943519582
4809.0,1260060.0,1.0003745776483968
4810.0,1260960.0,1.0009828661708922
4811.0,1258010.0,0.9985340804620497
4812.0,1254200.0,0.9954022498780689
4813.0,1250190.0,0.9921113765116208
4814.0,1241920.0,0.9854400048843317
4815.0,1240090.0,0.9838785912479978
4816.0,1249960.0,0.9915982313183291
4817.0,1255790.0,0.9961106050225269
4818.0,1254970.0,0.9953467489803943
4819.0,1253980.0,0.9944473370529482
4820.0,1255910.0,0.9958626219495407
4821.0,1255120.0,0.9951201458210013
4822.0,1248600.0,0.989834487007263
4823.0,1243360.0,0.9855638339764347
4824.0,1241710.0,0.9841386832761827
4825.0,1244660.0,0.9863584340230598
4826.0,1247860.0,0.988774947112637
4827.0,1248500.0,0.989161853579511
4828.0,1249680.0,0.9899756761720254
4829.0,1252310.0,0.9919370701230077
4830.0,1253030.0,0.9923845438931601
4831.0,1248470.0,0.9886500071760822
4832.0,1242640.0,0.9839101234826477
4833.0,1239630.0,0.9814033099752358
4834.0,1239410.0,0.9811049966020284
4835.0,1241290.0,0.9824682333889804
4836.0,1246420.0,0.9864024960876902
4837.0,1251290.0,0.9901293899516376
4838.0,1248910.0,0.9881186215262878
4839.0,1239760.0,0.9807521499785488
4840.0,1236130.0,0.9777532213798945
4841.0,1238160.0,0.9792308735217866
4842.0,1236740.0,0.9779794304041685
4843.0,1236280.0,0.977486829159023
4844.0,1243010.0,0.9826779948070636
4845.0,1246090.0,0.9849821117533586
4846.0,1241320.0,0.9810808597352179
4847.0,1242290.0,0.9817161998873908
4848.0,1248570.0,0.9865465662689736
4849.0,1252180.0,0.989265801562656
4850.0,1251180.0,0.9883423093809478
4851.0,1241980.0,0.9809421234937485
4852.0,1233600.0,0.9741911186591704
4853.0,1236420.0,0.9762851683148547
4854.0,1243610.0,0.98182839744423
4855.0,1244350.0,0.9822781968435341
4856.0,1234880.0,0.9746689703660015
4857.0,1220250.0,0.9629893841132164
4858.0,1199580.0,0.9465467650382171
4859.0,1149020.0,0.9065265041197448
4860.0,1036730.0,0.817821516168922
4861.0,923756.0,0.7286013698125199
4862.0,951407.0,0.7503066604910529
4863.0,1083470.0,0.8543365925430725
4864.0,1184290.0,0.9337051514451737
4865.0,1227620.0,0.9677320998775525
4866.0,1238560.0,0.9762199337518187
4867.0,1239490.0,0.9768165644607089
4868.0,1245510.0,0.9814236477918081
4869.0,1253370.0,0.9874789741327159
4870.0,1254340.0,0.9881049015980488
4871.0,1251090.0,0.9854067193351351
4872.0,1253210.0,0.9869382351978571
4873.0,1260060.0,0.992193739521979
4874.0,1260690.0,0.9925506645491355
4875.0,1255410.0,0.9882551163999449
4876.0,1255960.0,0.9885494656566332
4877.0,1258780.0,0.9906301616193417
4878.0,1256470.0,0.9886736594154427
4879.0,1256840.0,0.9888262348496384
4880.0,1261140.0,0.9920703240902174
4881.0,1259660.0,0.9907673840627453
4882.0,1257450.0,0.9888907880338286
4883.0,1259730.0,0.9905453591589973
4884.0,1259210.0,0.9899981926133605
4885.0,1258260.0,0.9891132737197372
4886.0,1257330.0,0.988244452856503
4887.0,1256910.0,0.9877768181241865
4888.0,1260720.0,0.9906332736772152
4889.0,1265430.0,0.9941962065226575
4890.0,1267530.0,0.9957080598168965
4891.0,1268620.0,0.9964264086120764
4892.0,1272020.0,0.9989589028054421
4893.0,1274910.0,1.0010904751865146
4894.0,1274810.0,1.0008742200768106
4895.0,1274210.0,1.0002657932361945
4896.0,1274360.0,1.000246497541003
4897.0,1273530.0,0.9994584132309077
4898.0,1272310.0,0.9983648354845759
4899.0,1273060.0,0.9988175126745733
4900.0,1273530.0,0.9990507643499911
4901.0,1271670.0,0.9974567419772807
4902.0,1270190.0,0.9961615500478598
4903.0,1269970.0,0.9958551393538652
4904.0,1269650.0,0.9954708138501162
4905.0,1269030.0,0.9948518172457753
4906.0,1267640.0,0.9936298364573732
4907.0,1264870.0,0.9913270299611134
4908.0,1262070.0,0.9890017313979478
4909.0,1259280.0,0.9866852876289457
4910.0,1256010.0,0.9839938119735044
4911.0,1253980.0,0.9822747687263756
4912.0,1255910.0,0.9836581409828931
4913.0,1260070.0,0.9867879147555858
4914.0,1266920.0,0.9920236008508295
4915.0,1274730.0,0.9980099364878063
4916.0,1278090.0,1.0005115931333395
4917.0,1277800.0,1.0001560941877226
4918.0,1277330.0,0.9996602207058672
4919.0,1276310.0,0.9987344941804237
4920.0,1275580.0,0.9980363083886201
4921.0,1276160.0,0.9983635400619131
4922.0,1277070.0,0.9989492239987154
4923.0,1276470.0,0.9983541596216843
4924.0,1276030.0,0.9978847701135599
4925.0,1277140.0,0.9986278830943475
4926.0,1277080.0,0.9984564728031661
4927.0,1274610.0,0.9964015347393973
4928.0,1274060.0,0.9958482419639005
4929.0,1275890.0,0.9971555426632831
4930.0,1274480.0,0.9959310501334482
4931.0,1271460.0,0.993449289483418
4932.0,1271310.0,0.9932107188769439
4933.0,1270110.0,0.9921523890297191
4934.0,1267930.0,0.9903292718519237
4935.0,1265890.0,0.9886163244065511
4936.0,1261250.0,0.9848739168955416
4937.0,1256250.0,0.9808517197846746
4938.0,1251040.0,0.9766669312753468
4939.0,1248060.0,0.9742242460836498
4940.0,1252680.0,0.9777143119976508
4941.0,1262310.0,0.9851137662850076
4942.0,1274260.0,0.9943221845852879
4943.0,1283500.0,1.0014144218994794
4944.0,1286920.0,1.0039650285093855
4945.0,1287120.0,1.0040037058107494
4946.0,1286730.0,1.0035825974350123
4947.0,1286810.0,1.0035285120734243
4948.0,1286770.0,1.0033812586834345
4949.0,1286680.0,1.00319544638274
4950.0,1286940.0,1.0032829230095373
4951.0,1287090.0,1.0032850246409732
4952.0,1287540.0,1.0035213381640162
4953.0,1288140.0,1.0038748850838717
4954.0,1288070.0,1.003706654326913
4955.0,1287040.0,1.0027908704178554
4956.0,1284900.0,1.0010109262672522
4957.0,1283160.0,0.9995433557915193
4958.0,1284180.0,1.0002262161771758
4959.0,1286780.0,1.0021398076269956
4960.0,1287960.0,1.0029475905610095
4961.0,1288150.0,1.0029847415746225
4962.0,1288610.0,1.0032324740910326
4963.0,1288840.0,1.0033014918624357
4964.0,1288260.0,1.0027403998470448
4965.0,1287250.0,1.001845151140553
4966.0,1287530.0,1.0019543554128543
4967.0,1288690.0,1.0027486584097285
4968.0,1289350.0,1.0031541557724
4969.0,1289280.0,1.0029920452190537
4970.0,1288720.0,1.0024491962458304
4971.0,1288870.0,1.00245906753599
4972.0,1289560.0,1.002889273214206
4973.0,1289660.0,1.0028609727638342
4974.0,1288940.0,1.002195478188436
4975.0,1288270.0,1.0015693737872258
4976.0,1288590.0,1.001713375374342
4977.0,1289620.0,1.002409599649472
4978.0,1289840.0,1.002476515160341
4979.0,1289280.0,1.001937631399866
4980.0,1289600.0,1.0020830374437886
4981.0,1290010.0,1.0022987153900726
4982.0,1289530.0,1.0018232909336438
4983.0,1288890.0,1.001224047224713
4984.0,1289270.0,1.0014175650201782
4985.0,1290410.0,1.0022016727147696
4986.0,1290610.0,1.0022560133311704
4987.0,1289520.0,1.0013090329123313
4988.0,1288540.0,1.0004480192085767
4989.0,1289370.0,1.0009927272719736
4990.0,1290320.0,1.0016308485871395
4991.0,1289930.0,1.0012291200638612
4992.0,1289610.0,1.0008821674785184
4993.0,1290320.0,1.0013349685196902
4994.0,1291050.0,1.0018035679716206
4995.0,1291180.0,1.0018069127002645
4996.0,1290830.0,1.0014382352576983
4997.0,1290560.0,1.0011320543780953
4998.0,1290870.0,1.0012761811463042
4999.0,1290780.0,1.0011104113829676
5000.0,1290110.0,1.0004952414663502
5001.0,1289510.0,0.9999348335610748
5002.0,1289650.0,0.9999486651111636
5003.0,1290330.0,1.0003815142649113
5004.0,1290880.0,1.0007138661476263
5005.0,1290250.0,1.0001318459277235
5006.0,1289730.0,0.9996355541080826
5007.0,1290530.0,1.0001627175645245
5008.0,1291140.0,1.000542907239798
5009.0,1290590.0,1.0000245511897012
5010.0,1290370.0,0.9997623298638091
5011.0,1290870.0,1.0000583114616626
5012.0,1291020.0,1.0000834715922964
5013.0,1290590.0,0.9996597313581363
5014.0,1290370.0,0.9993990715352185
5015.0,1291230.0,0.9999752066791089
5016.0,1291620.0,1.0001876426692613
5017.0,1290760.0,0.9994325247789734
5018.0,1290340.0,0.9990185575508547
5019.0,1291170.0,0.9995727191204054
5020.0,1291500.0,0.9997400913018806
5021.0,1290800.0,0.9991105431895714
5022.0,1290390.0,0.9987059062056728
5023.0,1291100.0,0.9991684486094388
5024.0,1291620.0,0.9994842369529301
5025.0,1291470.0,0.9992819066734444
5026.0,1291380.0,0.9991263841567973
5027.0,1291780.0,0.9993503144737493
5028.0,1292240.0,0.999620970579147
5029.0,1292060.0,0.9993968965962804
5030.0,1291300.0,0.9987246233449827
5031.0,1291600.0,0.9988725747195468
5032.0,1292190.0,0.9992451055704563
5033.0,1291500.0,0.9986281862804275
5034.0,1290880.0,0.998065838923246
5035.0,1291930.0,0.9987950137258106
5036.0,1292800.0,0.9993852676357128
5037.0,1291880.0,0.9985921439030596
5038.0,1291320.0,0.9980777441857831
5039.0,1292300.0,0.9987539621183189
5040.0,1291990.0,0.9984335192888659
5041.0,1290620.0,0.9972943837813912
5042.0,1291100.0,0.9975852013172937
5043.0,1292390.0,0.9985021220980175
5044.0,1292330.0,0.9983763106139866
5045.0,1291450.0,0.9976174288359481
5046.0,1291410.0,0.997507839245165
5047.0,1292030.0,0.9979083633876157
5048.0,1291940.0,0.9977608347449894
5049.0,1291270.0,0.9971657719950903
5050.0,1291610.0,0.9973510393980988
5051.0,1292370.0,0.9978609062409363
5052.0,1291680.0,0.9972515494880747
5053.0,1291150.0,0.9967661438582046
5054.0,1292180.0,0.9974853759221011
5055.0,1291630.0,0.9969852631009528
5056.0,1289650.0,0.9953818550693728
5057.0,1290130.0,0.9956775664038358
5058.0,1291180.0,0.9964134418142896
5059.0,1290370.0,0.9957142729122451
5060.0,1290370.0,0.9956405322797595
5061.0,1291490.0,0.9964312566643287
5062.0,1291260.0,0.9961807007250113
5063.0,1290540.0,0.9955525169301818
5064.0,1291120.0,0.9959275341092797
5065.0,1292280.0,0.9967501892598698
5066.0,1292030.0,0.9964855866137979
5067.0,1290780.0,0.9954501525592964
5068.0,1291010.0,0.9955564921017978
5069.0,1291050.0,0.9955166390663868
5070.0,1290510.0,0.995029919990957
5071.0,1291780.0,0.9959390755695463
5072.0,1292450.0,0.996385875265823
5073.0,1291170.0,0.9953297359002234
5074.0,1290730.0,0.9949215601935731
5075.0,1291160.0,0.9951843355467812
5076.0,1290840.0,0.9948693650660464
5077.0,1290850.0,0.9948090820041727
5078.0,1291840.0,0.9955043298931959
5079.0,1291520.0,0.9951903782318319
5080.0,1290320.0,0.9941987485470771
5081.0,1290900.0,0.9945789837966283
5082.0,1290660.0,0.9943277614648358
5083.0,1289730.0,0.9935453528676018
5084.0,1290630.0,0.9941730199620475
5085.0,1290960.0,0.994361883712712
5086.0,1290090.0,0.993626804590671
5087.0,1290520.0,0.993893336387534
5088.0,1291040.0,0.9942294628839285
5089.0,1289790.0,0.99320287731868
5090.0,1289640.0,0.9930237435915553
5091.0,1290340.0,0.9934994102944017
5092.0,1290280.0,0.9933902086884493
5093.0,1290650.0,0.9936123760381738
5094.0,1290230.0,0.9932266861726687
5095.0,1288590.0,0.991902256866742
5096.0,1288480.0,0.9917559648193119
5097.0,1288990.0,0.9920871970485494
5098.0,1289340.0,0.992295565091457
5099.0,1290430.0,0.9930737026088489
5100.0,1290070.0,0.9927362538588964
5101.0,1289180.0,0.9919913383725643
5102.0,1290070.0,0.9926164084233179
5103.0,1290650.0,0.9930032078239956
5104.0,1290770.0,0.9930363788333719
5105.0,1291050.0,0.9931929445488875
5106.0,1290370.0,0.9926113277695592
5107.0,1289630.0,0.9919839383783972
5108.0,1288650.0,0.9911723353841915
5109.0,1288260.0,0.9908149119097768
5110.0,1289220.0,0.991496078814131
5111.0,1289640.0,0.9917622040573653
5112.0,1290160.0,0.9921055051896561
5113.0,1290700.0,0.9924644540770513
5114.0,1290610.0,0.9923392683645048
5115.0,1290480.0,0.9921836500483914
5116.0,1289270.0,0.991198045795412
5117.0,1288350.0,0.9904357984392068
5118.0,1288940.0,0.9908347087715882
5119.0,1289600.0,0.9912876876475878
5120.0,1289700.0,0.9913104851523549
5121.0,1289270.0,0.9909262290901172
5122.0,1289150.0,0.9907805697102875
5123.0,1289120.0,0.9907043951637888
5124.0,1288890.0,0.9904748371140579
5125.0,1287970.0,0.9897153885043076
5126.0,1285890.0,0.988064989149995
5127.0,1283050.0,0.9858311178173472
5128.0,1280520.0,0.9838359551093223
5129.0,1280960.0,0.984123059510692
5130.0,1285510.0,0.9875678590443111
5131.0,1290390.0,0.9912661065377394
5132.0,1292400.0,0.9927596795124737
5133.0,1292580.0,0.9928477529480707
5134.0,1292180.0,0.9924906328710568
5135.0,1292140.0,0.9924103396832019
5136.0,1292320.0,0.992499311653965
5137.0,1292020.0,0.9922199510624067
5138.0,1290850.0,0.9912728219393362
5139.0,1289740.0,0.9903721543924673
5140.0,1289850.0,0.9904086439689985
5141.0,1290550.0,0.9908984331710718
5142.0,1291040.0,0.991227237146967
5143.0,1291480.0,0.9915179168846359
5144.0,1291720.0,0.9916553224167444
5145.0,1291570.0,0.9914936187143277
5146.0,1291480.0,0.9913782806345685
5147.0,1291420.0,0.9912862733214832
5148.0,1291130.0,0.9910180277502353
5149.0,1290960.0,0.9908422008304776
5150.0,1290750.0,0.9906359810915962
5151.0,1290280.0,0.9902305321754157
5152.0,1289680.0,0.9897256448185974
5153.0,1289040.0,0.9891903962009144
5154.0,1289180.0,0.9892540175800507
5155.0,1289970.0,0.9898166777181653
5156.0,1290360.0,0.9900726625362333
5157.0,1290220.0,0.9899222694194871
5158.0,1289660.0,0.9894499446563962
5159.0,1289040.0,0.988931915567742
5160.0,1287880.0,0.987999954084534
5161.0,1285310.0,0.9859867175715763
5162.0,1280800.0,0.9824857844562932
5163.0,1273050.0,0.9765001662077264
5164.0,1263810.0,0.9693724596097393
5165.0,1265010.0,0.9702530188457906
5166.0,1276830.0,0.9792789100861907
5167.0,1282730.0,0.9837641213885828
5168.0,1288290.0,0.98798850528588
5169.0,1296940.0,0.9945824554389059
5170.0,1300000.0,0.9968895383377431
5171.0,1293450.0,0.9918276976717214
5172.0,1278870.0,0.9806093081820225
5173.0,1275670.0,0.9781176641681371
5174.0,1289950.0,0.9890287310685734
5175.0,1300810.0,0.9973171617486861
5176.0,1303500.0,0.9993416274290827
5177.0,1303830.0,0.9995569707619403
5178.0,1303970.0,0.9996269237825757
5179.0,1304040.0,0.9996434913194279
5180.0,1303670.0,0.9993230568517333
5181.0,1301080.0,0.9973012548317047
5182.0,1289770.0,0.9885960832537788
5183.0,1269190.0,0.9727867070513226
5184.0,1266370.0,0.9705906246989632
5185.0,1286670.0,0.986114323196055
5186.0,1300740.0,0.996862644363875
5187.0,1304020.0,0.9993415239535727
5188.0,1304350.0,0.9995598396673444
5189.0,1304350.0,0.9995255361262475
5190.0,1304300.0,0.999453196015266
5191.0,1304050.0,0.9992278852606712
5192.0,1303820.0,0.999018188007044
5193.0,1303990.0,0.9991152575178811
5194.0,1304200.0,0.9992432404624685
5195.0,1304290.0,0.9992795497170903
5196.0,1304570.0,0.9994616921232123
5197.0,1304590.0,0.9994449087233306
5198.0,1304290.0,0.9991832537583124
5199.0,1304470.0,0.9992895901775212
5200.0,1304990.0,0.999656639079376
5201.0,1305180.0,0.9997711541473553
5202.0,1305030.0,0.9996254987494148
5203.0,1304700.0,0.9993422492258318
5204.0,1303990.0,0.9987682310021343
5205.0,1303250.0,0.9981715378547541
5206.0,1303090.0,0.9980193618108143
5207.0,1303210.0,0.9980819034467924
5208.0,1302760.0,0.9977081778105448
5209.0,1303090.0,0.9979320789949088
5210.0,1304340.0,0.9988607666437087
5211.0,1305130.0,0.9994374094721242
5212.0,1305480.0,0.9996773525046693
5213.0,1305640.0,0.9997720570702006
5214.0,1305560.0,0.9996832491690444
5215.0,1305100.0,0.9993037465309829
5216.0,1304550.0,0.9988556165546193
5217.0,1304720.0,0.9989590404740258
5218.0,1305420.0,0.9994685038260618
5219.0,1305800.0,0.9997332058549186
5220.0,1305860.0,0.9997531654518594
5221.0,1305960.0,0.9998040063814
5222.0,1306110.0,0.9998933812211773
5223.0,1306140.0,0.9998911461782208
5224.0,1306030.0,0.9997819973462514
5225.0,1305460.0,0.9993209841754732
5226.0,1303740.0,0.9979799542579155
5227.0,1302150.0,0.9967387543730579
5228.0,1303280.0,0.9975798598134343
5229.0,1305220.0,0.9990411695041524
5230.0,1305910.0,0.9995459121687518
5231.0,1305840.0,0.9994691929933336
5232.0,1305290.0,0.9990253543658987
5233.0,1304980.0,0.9987654720488097
5234.0,1305560.0,0.9991869986390274
5235.0,1306140.0,0.9996087575903776
5236.0,1306210.0,0.9996404464267579
5237.0,1306090.0,0.9995269803971677
5238.0,1306080.0,0.9994979479008711
5239.0,1306230.0,0.9995916053783919
5240.0,1306410.0,0.9997084642014213
5241.0,1306510.0,0.9997643484897946
5242.0,1306550.0,0.999774565514193
5243.0,1306540.0,0.9997467693561092
5244.0,1306550.0,0.9997345236963964
5245.0,1306620.0,0.9997684332614879
5246.0,1306640.0,0.9997643292178153
5247.0,1306630.0,0.9997375157250125
5248.0,1306730.0,0.9997951091967222
5249.0,1306800.0,0.9998299905862852
5250.0,1306730.0,0.9997580013845834
5251.0,1306710.0,0.9997245101490513
5252.0,1306820.0,0.999790718663403
5253.0,1306880.0,0.9998189133471923
5254.0,1306850.0,0.9997784944847996
5255.0,1306780.0,0.9997077158623053
5256.0,1306750.0,0.9996677786597978
5257.0,1306750.0,0.9996510307887346
5258.0,1306770.0,0.9996498207102457
5259.0,1306790.0,0.9996488477649582
5260.0,1306810.0,0.9996481113555377
5261.0,1306780.0,0.999609363844062
5262.0,1306740.0,0.999563203576764
5263.0,1306730.0,0.9995402269695287
5264.0,1306660.0,0.999471590847995
5265.0,1306510.0,0.9993419987621998
5266.0,1306300.0,0.9991667504163688
5267.0,1305680.0,0.9986781418890819
5268.0,1301890.0,0.9957651688355889
5269.0,1294140.0,0.9898236997520843
5270.0,1292570.0,0.9886093349122574
5271.0,1299870.0,0.9941792706133338
5272.0,1305510.0,0.9984796850738828
5273.0,1307030.0,0.9996291992953331
5274.0,1307250.0,0.9997846722452862
5275.0,1307290.0,0.9998027067120352
5276.0,1307340.0,0.9998286156658025
5277.0,1307350.0,0.9998241596675416
5278.0,1307330.0,0.9997969868571979
5279.0,1307340.0,0.9997929826574907
5280.0,1307320.0,0.9997662609786083
5281.0,1307190.0,0.9996556430925626
5282.0,1307040.0,0.9995299566714023
5283.0,1306940.0,0.9994427319197096
5284.0,1307040.0,0.9995086736958658
5285.0,1307260.0,0.9996666003195294
5286.0,1307360.0,0.9997329814213743
5287.0,1307350.0,0.9997154661168038
5288.0,1307360.0,0.9997134648350046
5289.0,1307450.0,0.9997728569730531
5290.0,1307590.0,0.9998707002431508
5291.0,1307690.0,0.9999381736661195
5292.0,1307690.0,0.9999293983260089
5293.0,1307630.0,0.999874961507491
5294.0,1307550.0,0.9998054493753559
5295.0,1307480.0,0.9997438007000192
5296.0,1307290.0,0.9995906130175533
5297.0,1307160.0,0.9994835198077933
5298.0,1307280.0,0.999567796478935
5299.0,1307480.0,0.999713454352928
5300.0,1307630.0,0.9998210928846474
5301.0,1307650.0,0.999829544340883
5302.0,1307720.0,0.9998764373143406
5303.0,1307890.0,1.0000000000000004
5304.0,1307960.0,1.0000473133559382
5305.0,1307880.0,0.9999801494525724
5306.0,1307760.0,0.9998826134457381
5307.0,1307640.0,0.9997852884116458
5308.0,1307580.0,0.9997340480951861
5309.0,1307670.0,0.9997977022219519
5310.0,1307740.0,0.9998462734981671
5311.0,1307740.0,0.9998415340567272
5312.0,1307680.0,0.9997911299057695
5313.0,1307510.0,0.9996568338516476
5314.0,1307520.0,0.9996603652197077
5315.0,1307770.0,0.9998475946647823
5316.0,1307910.0,0.9999509304895019
5317.0,1307950.0,0.9999780187930462
5318.0,1307950.0,0.9999747322648463
5319.0,1307900.0,0.9999334255863142
5320.0,1307820.0,0.9998693894296148
5321.0,1307860.0,0.9998973030670302
5322.0,1307930.0,0.9999483580308225
5323.0,1307690.0,0.999762615162308
5324.0,1307170.0,0.9993630113938634
5325.0,1306880.0,0.9991394541036074
5326.0,1305680.0,0.9982203874274548
5327.0,1301360.0,0.994916223938961
5328.0,1297620.0,0.9920556934901502
5329.0,1300730.0,0.9944323242525887
5330.0,1305540.0,0.9981088334938408
5331.0,1307250.0,0.999415535826597
5332.0,1307440.0,0.9995603733845843
5333.0,1307460.0,0.999575445443263
5334.0,1307650.0,0.99972068760484
5335.0,1307880.0,0.9998967124388843
5336.0,1308020.0,1.0000041325183895
5337.0,1307930.0,0.9999359150400462
5338.0,1307670.0,0.9997379304827901
5339.0,1307310.0,0.9994636944883538
5340.0,1306970.0,0.9992049488068212
5341.0,1307140.0,0.999336308470713
5342.0,1307670.0,0.9997430965374077
5343.0,1307940.0,0.9999513095060122
5344.0,1307940.0,0.9999533008995892
5345.0,1307910.0,0.999932555695395
5346.0,1307700.0,0.9997743941215999
5347.0,1307450.0,0.9995858491360915
5348.0,1307410.0,0.99955805335325
5349.0,1307350.0,0.9995151647114202
5350.0,1307360.0,0.9995259911614055
5351.0,1307550.0,0.9996746323719156
5352.0,1307550.0,0.9996782086354253
5353.0,1307490.0,0.9996361090827386
5354.0,1307670.0,0.9997776975699137
5355.0,1307820.0,0.9998965470171847
5356.0,1307950.0,1.0000003024842
5357.0,1308020.0,1.0000583811962966
5358.0,1307730.0,0.999841413510294
5359.0,1307160.0,0.9994105604033986
5360.0,1306800.0,0.9991404576094729
5361.0,1306990.0,0.9992910624591373
5362.0,1307320.0,0.9995489042711768
5363.0,1307480.0,0.9996769639700416
5364.0,1307220.0,0.9994840922403139
5365.0,1306770.0,0.9991461391911131
5366.0,1306860.0,0.9992212575060091
5367.0,1307340.0,0.9995947644691259
5368.0,1307580.0,0.9997849633589103
5369.0,1307150.0,0.9994630670009567
5370.0,1305140.0,0.9979332621577351
5371.0,1301860.0,0.9954325552477129
5372.0,1301820.0,0.9954094004211527
5373.0,1305190.0,0.9979938408007148
5374.0,1307330.0,0.9996380036472103
5375.0,1307870.0,1.0000589480756386
5376.0,1307640.0,0.9998913068305462
5377.0,1306900.0,0.9993338765507876
5378.0,1306600.0,0.9991130798452308
5379.0,1306920.0,0.9993665661596222
5380.0,1307110.0,0.999520837898107
5381.0,1307240.0,0.9996294202817864
5382.0,1307260.0,0.9996540771261667
5383.0,1307200.0,0.9996177468501721
5384.0,1307430.0,0.9998033697010538
5385.0,1307780.0,1.0000809501850911
5386.0,1307720.0,1.0000451870691955
5387.0,1307310.0,0.9997419544673934
5388.0,1306940.0,0.9994694923168094
5389.0,1306520.0,0.999158973804024
5390.0,1306460.0,0.9991239474735676
5391.0,1307040.0,0.9995785562314499
5392.0,1307450.0,0.9999033496076519
5393.0,1307480.0,0.9999377188167595
5394.0,1307230.0,0.9997581327714573
5395.0,1306340.0,0.9990892555208102
5396.0,1304830.0,0.9979463652847289
5397.0,1303850.0,0.9972089857229518
5398.0,1304750.0,0.9979096490768806
5399.0,1306120.0,0.9989699874027544
5400.0,1306800.0,0.9995027913635389
5401.0,1306950.0,0.9996304180292226
5402.0,1306780.0,0.9995134736660366
5403.0,1306500.0,0.9993125726203826
5404.0,1305730.0,0.9987370537638134
5405.0,1304240.0,0.9976109747682853
5406.0,1303600.0,0.9971352191594276
5407.0,1304980.0,0.9982047692809798
5408.0,1306160.0,0.9991215447660411
5409.0,1306360.0,0.999288885018431
5410.0,1306290.0,0.9992498738668485
5411.0,1306210.0,0.9992033925982731
5412.0,1305950.0,0.9990193947887303
5413.0,1305750.0,0.998881470731984
5414.0,1305990.0,0.999080321568354
5415.0,1306500.0,0.9994859108057148
5416.0,1306930.0,0.9998304901862204
5417.0,1307080.0,0.9999610498915171
5418.0,1306820.0,0.9997781235110744
5419.0,1306310.0,0.9994041050570694
5420.0,1306250.0,0.9993745347713298
5421.0,1306690.0,0.9997276834490612
5422.0,1306830.0,0.9998514925028208
5423.0,1305970.0,0.9992103734064045
5424.0,1305110.0,0.9985694096006809
5425.0,1305440.0,0.9988391122875362
5426.0,1305900.0,0.9992084701517823
5427.0,1305740.0,0.9991036162467578
5428.0,1304760.0,0.9983714899482761
5429.0,1302790.0,0.996881974850977
5430.0,1302220.0,0.996463866531353
5431.0,1304060.0,0.9978900928225064
5432.0,1305090.0,0.9986967081627893
5433.0,1303970.0,0.9978582482972244
5434.0,1302510.0,0.9967597424169665
5435.0,1302760.0,0.9969699892587255
5436.0,1304240.0,0.99812172405008
5437.0,1305220.0,0.9988910240770501
5438.0,1305500.0,0.9991248033428384
5439.0,1305560.0,0.9991903910049169
5440.0,1305470.0,0.999141351377978
5441.0,1305490.0,0.9991766722904977
5442.0,1305730.0,0.9993805504273395
5443.0,1305760.0,0.9994238754195839
5444.0,1305400.0,0.9991688630292249
5445.0,1304330.0,0.9983705575292812
5446.0,1302460.0,0.9969600345090786
5447.0,1301730.0,0.9964222469964883
5448.0,1303670.0,0.9979284282514345
5449.0,1305800.0,0.9995802872231981
5450.0,1306310.0,0.9999922622608274
5451.0,1305620.0,0.9994857938782286
5452.0,1305240.0,0.9992167909109353
5453.0,1305740.0,0.9996216374581163
5454.0,1305510.0,0.9994677998952808
5455.0,1304000.0,0.9983341640388297
5456.0,1303200.0,0.9977442289752536
5457.0,1304150.0,0.9984942845172896
5458.0,1305150.0,0.9992828241268673
5459.0,1305610.0,0.9996581090175641
5460.0,1305800.0,0.9998268444555105
5461.0,1305490.0,0.999612904967439
5462.0,1304930.0,0.9992076926314714
5463.0,1304980.0,0.999269726093329
5464.0,1305220.0,0.9994774217413417
5465.0,1304970.0,0.9993100645952331
5466.0,1304860.0,0.9992500755207875
5467.0,1305060.0,0.9994276496778486
5468.0,1305220.0,0.999574764286248
5469.0,1305240.0,0.9996148321370426
5470.0,1305610.0,0.9999231196615113
5471.0,1306100.0,1.0003234930455764
5472.0,1305710.0,1.0000500539558566
5473.0,1305080.0,0.9995929426990668
5474.0,1304960.0,0.999526601595197
5475.0,1304910.0,0.9995140294184234
5476.0,1304530.0,0.9992488284068854
5477.0,1304140.0,0.9989760916289908
5478.0,1304350.0,0.999163084487067
5479.0,1305150.0,0.9998021742919686
5480.0,1305800.0,1.0003265010769686
5481.0,1305580.0,1.0001844667634414
5482.0,1304750.0,0.9995751971851373
5483.0,1304390.0,0.9993260617303473
5484.0,1304630.0,0.9995366797086777
5485.0,1304960.0,0.9998163348834069
5486.0,1304790.0,0.9997129742138376
5487.0,1304010.0,0.9991422755539343
5488.0,1303700.0,0.9989317191085976
5489.0,1303990.0,0.9991809379865657
5490.0,1303970.0,0.9991926557126675
5491.0,1303670.0,0.9989898333240501
5492.0,1303290.0,0.9987257072228889
5493.0,1303100.0,0.998607173656413
5494.0,1303540.0,0.9989714312713196
5495.0,1303940.0,0.9993050406805918
5496.0,1303240.0,0.9987956131009599
5497.0,1302250.0,0.9980638678359499
5498.0,1302450.0,0.9982441032912586
5499.0,1303240.0,0.9988765111422476
5500.0,1303140.0,0.9988267336219745
5501.0,1302260.0,0.9981790220211619
5502.0,1302400.0,0.998313052355681
5503.0,1303260.0,0.9989989174362114
5504.0,1303680.0,0.9993474446051012
5505.0,1303600.0,0.9993126037018876
5506.0,1303170.0,0.9990093457710222
5507.0,1303350.0,0.9991735960319658
5508.0,1303550.0,0.9993530655211151
5509.0,1303030.0,0.9989804188849652
5510.0,1302270.0,0.9984236108825708
5511.0,1302310.0,0.9984799861828154
5512.0,1303170.0,0.9991649181041393
5513.0,1303700.0,0.9995966971538939
5514.0,1303400.0,0.9993919165793784
5515.0,1303130.0,0.999209947970966
5516.0,1303790.0,0.9997409011071294
5517.0,1304240.0,1.000110651527044
5518.0,1303890.0,0.9998667467992364
5519.0,1303430.0,0.999538261670619
5520.0,1303510.0,0.9996236477605891
5521.0,1303920.0,0.9999618797763298
5522.0,1303970.0,1.0000238012644158
5523.0,1303380.0,0.9995946452433088
5524.0,1302840.0,0.9992035596934786
5525.0,1303160.0,0.9994717768672108
5526.0,1303500.0,0.9997550722167667
5527.0,1302950.0,0.9993554731326383
5528.0,1302620.0,0.9991243085527421
5529.0,1303290.0,0.9996598631809113
5530.0,1303760.0,1.000041724749294
5531.0,1303430.0,0.9998096383600267
5532.0,1303030.0,0.9995235228246921
5533.0,1303270.0,0.9997280019867969
5534.0,1303550.0,0.9999628328033128
5535.0,1303020.0,0.9995759543264219
5536.0,1302200.0,0.9989662332378699
5537.0,1302010.0,0.9988394286047091
5538.0,1301850.0,0.9987352622762204
5539.0,1301280.0,0.9983161795583596
5540.0,1301060.0,0.9981652365210577
5541.0,1302090.0,0.998972939770816
5542.0,1303380.0,0.9999797960735355
5543.0,1303600.0,1.0001653997784037
5544.0,1303230.0,0.9998979928580276
5545.0,1303430.0,1.0000675784227333
5546.0,1303520.0,1.0001524390366303
5547.0,1302930.0,0.9997152251613511
5548.0,1302550.0,0.999438810153756
5549.0,1303050.0,0.9998373017233353
5550.0,1303400.0,1.00012039902532
5551.0,1302770.0,0.9996512204745918
5552.0,1302380.0,0.9993658924504434
5553.0,1303010.0,0.99986296035274
5554.0,1303290.0,1.0000911796095853
5555.0,1302540.0,0.9995287338893593
5556.0,1302070.0,0.9991808643253063
5557.0,1302340.0,0.999400583614403
5558.0,1302310.0,0.9993898247320178
5559.0,1302040.0,0.9991946291356522
5560.0,1302300.0,0.9994059061905095
5561.0,1302360.0,0.9994634554357417
5562.0,1301770.0,0.9990219319502528
5563.0,1301570.0,0.998879464354852
5564.0,1301640.0,0.998943974127315
5565.0,1300830.0,0.9983328962948778
5566.0,1300370.0,0.9979901989331741
5567.0,1301430.0,0.9988138408291928
5568.0,1302120.0,0.9993533219668999
5569.0,1301860.0,0.9991634953189922
5570.0,1302110.0,0.9993648901430412
5571.0,1302370.0,0.9995737711790316
5572.0,1301600.0,0.9989919328999041
5573.0,1301060.0,0.9985864315939482
5574.0,1301320.0,0.9987947666053896
5575.0,1301190.0,0.9987035976977168
5576.0,1300900.0,0.9984894562919351
5577.0,1301340.0,0.9988354588716047
5578.0,1301680.0,0.9991045581810912
5579.0,1301470.0,0.9989513574453486
5580.0,1301380.0,0.9988901188010445
5581.0,1301040.0,0.9986368497416154
5582.0,1300470.0,0.9982069029157886
5583.0,1300070.0,0.9979073118521121
5584.0,1299110.0,0.9971777478114022
5585.0,1298630.0,0.9968165015765108
5586.0,1300160.0,0.9979980090921953
5587.0,1301390.0,0.9989491485104688
5588.0,1301610.0,0.9991249192550992
5589.0,1302110.0,0.9995155304703414
5590.0,1302320.0,0.9996834500563888
5591.0,1302360.0,0.9997207936897172
5592.0,1302520.0,0.9998501762523886
5593.0,1302250.0,0.9996494071778319
5594.0,1302230.0,0.9996404790385974
5595.0,1302350.0,0.9997389603991462
5596.0,1302200.0,0.9996301234786644
5597.0,1302280.0,0.9996977958649608
5598.0,1302120.0,0.9995811877173676
5599.0,1301960.0,0.9994645398831842
5600.0,1302080.0,0.999562804426134
5601.0,1302000.0,0.9995075087877663
5602.0,1302030.0,0.9995366350977491
5603.0,1301930.0,0.999465947156123
5604.0,1301950.0,0.9994873698877687
5605.0,1302120.0,0.9996239411739447
5606.0,1302100.0,0.999614652589813
5607.0,1302050.0,0.9995823388187807
5608.0,1301830.0,0.9994195264588419
5609.0,1301790.0,0.9993949165224132
5610.0,1301770.0,0.9993856829832164
5611.0,1301750.0,0.9993764772856978
5612.0,1301630.0,0.9992905327035182
5613.0,1301540.0,0.9992276578542855
5614.0,1301340.0,0.9990803761947591
5615.0,1300920.0,0.9987642405757673
5616.0,1300730.0,0.9986247370496608
5617.0,1301030.0,0.9988614886254862
5618.0,1301230.0,0.9990215346300597
5619.0,1301120.0,0.998943650198036
5620.0,1300990.0,0.9988504870672543
5621.0,1300960.0,0.9988341824662013
5622.0,1300850.0,0.9987565444508122
5623.0,1300560.0,0.9985407994995178
5624.0,1300180.0,0.9982560506608675
5625.0,1299950.0,0.9980865711283843
5626.0,1300220.0,0.998301096716352
5627.0,1300740.0,0.9987076914372095
5628.0,1300880.0,0.9988226478027216
5629.0,1300710.0,0.9986997116131865
5630.0,1300480.0,0.9985308371936051
5631.0,1300160.0,0.9982929942260391
5632.0,1299600.0,0.9978710120907619
5633.0,1298610.0,0.9971190029163559
5634.0,1297170.0,0.9960216069395172
5635.0,1296980.0,0.9958841629893159
5636.0,1299260.0,0.9976434842109003
5637.0,1301500.0,0.9993722927859263
5638.0,1302230.0,0.9999418271421343
5639.0,1302290.0,0.9999970775507111
5640.0,1302220.0,0.9999526922569869
5641.0,1302050.0,0.9998317106680165
5642.0,1301920.0,0.9997416417421033
5643.0,1301890.0,0.9997285661828818
5644.0,1301760.0,0.9996389091293584
5645.0,1301550.0,0.9994880321323086
5646.0,1301410.0,0.99939112812737
5647.0,1301580.0,0.9995325093628582
5648.0,1301940.0,0.9998200356446467
5649.0,1302150.0,0.9999926128468656
5650.0,1302180.0,1.0000272037978022
5651.0,1302150.0,1.0000159660142778
5652.0,1302080.0,0.9999742630303865
5653.0,1302010.0,0.9999328188995358
5654.0,1302020.0,0.999953079225367
5655.0,1301990.0,0.9999428905316826
5656.0,1301900.0,0.9998868967316454
5657.0,1301810.0,0.9998311833895104
5658.0,1301750.0,0.9997987972526902
5659.0,1301680.0,0.9997590226588257
5660.0,1301660.0,0.9997579486120685
5661.0,1301640.0,0.9997571785400391
5662.0,1301640.0,0.9997720797054721
5663.0,1301620.0,0.9997719344172795
5664.0,1301570.0,0.99974906640805
5665.0,1301490.0,0.9997034801169473
5666.0,1301440.0,0.9996812680222278
5667.0,1301410.0,0.999674755284037
5668.0,1301390.0,0.9996762665913799
5669.0,1301320.0,0.9996397163624378
5670.0,1301250.0,0.9996035120076994
5671.0,1301230.0,0.9996060625194472
5672.0,1301220.0,0.9996166403529937
5673.0,1301180.0,0.9996045157562676
5674.0,1301060.0,0.9995312742257905
5675.0,1300960.0,0.9994737370395052
5676.0,1300960.0,0.9994933659109535
5677.0,1300970.0,0.9995210183577709
5678.0,1300920.0,0.9995029125285667
5679.0,1300830.0,0.9994544109929333
5680.0,1300760.0,0.9994216109849035
5681.0,1300740.0,0.9994275630187042
5682.0,1300720.0,0.9994338500611936
5683.0,1300650.0,0.9994020517761149
5684.0,1300540.0,0.9993398486220856
5685.0,1300480.0,0.9993163953738143
5686.0,1300470.0,0.9993316936095222
5687.0,1300460.0,0.999347322144823
5688.0,1300430.0,0.9993479104852158
5689.0,1300360.0,0.9993180866620565
5690.0,1300270.0,0.9992732176658302
5691.0,1300210.0,0.9992517278729952
5692.0,1300170.0,0.9992459324550509
5693.0,1300150.0,0.9992558315482074
5694.0,1300100.0,0.9992429958523533
5695.0,1300000.0,0.9991920503891026
5696.0,1299940.0,0.9991721677610784
5697.0,1299930.0,0.9991910358611436
5698.0,1299940.0,0.9992255966467679
5699.0,1299890.0,0.9992143550658066
5700.0,1299770.0,0.999149619208003
5701.0,1299640.0,0.9990775076022599
5702.0,1299580.0,0.999059518985688
5703.0,1299600.0,0.9991033446562803
5704.0,1299600.0,0.9991321089309061
5705.0,1299530.0,0.9991073683973698
5706.0,1299450.0,0.9990752480094572
5707.0,1299380.0,0.999051123403352
5708.0,1299320.0,0.9990349942358594
5709.0,1299250.0,0.9990114818991193
5710.0,1299180.0,0.9989882740409806
5711.0,1299100.0,0.9989576800208506
5712.0,1299050.0,0.9989504575061574
5713.0,1299040.0,0.9989742977447184
5714.0,1299010.0,0.99898306061621
5715.0,1298970.0,0.9989844342421106
5716.0,1298940.0,0.9989937985538535
5717.0,1298910.0,0.9990034622134728
5718.0,1298840.0,0.9989826588447913
5719.0,1298750.0,0.9989467675758416
5720.0,1298670.0,0.9989188614120219
5721.0,1298580.0,0.9988835558572569
5722.0,1298520.0,0.9988716186336196
5723.0,1298490.0,0.9988830510979706
5724.0,1298450.0,0.9988870829719532
5725.0,1298380.0,0.9988683260724532
5726.0,1298340.0,0.9988729377184338
5727.0,1298300.0,0.9988778381530399
5728.0,1298220.0,0.9988522503221956
5729.0,1298120.0,0.9988115584621632
5730.0,1297990.0,0.9987480652846654
5731.0,1297840.0,0.9986694620568383
5732.0,1297670.0,0.9985757460061697
5733.0,1297570.0,0.9985361732225945
5734.0,1297560.0,0.9985661401636466
5735.0,1297590.0,0.9986271736156385
5736.0,1297570.0,0.9986500093532221
5737.0,1297510.0,0.9986423385803147
5738.0,1297470.0,0.9986503381570793
5739.0,1297440.0,0.9986663116754637
5740.0,1297390.0,0.9986671665218344
5741.0,1297290.0,0.9986298064312338
5742.0,1297160.0,0.9985696220345339
5743.0,1297050.0,0.9985251016717053
5744.0,1297000.0,0.9985270411361602
5745.0,1297000.0,0.9985677459814692
5746.0,1296960.0,0.9985779255866922
5747.0,1296860.0,0.9985421757844811
5748.0,1296790.0,0.9985297899230506
5749.0,1296740.0,0.998533069538123
5750.0,1296670.0,0.9985212129322082
5751.0,1296600.0,0.9985096191172783
5752.0,1296550.0,0.9985136897078918
5753.0,1296500.0,0.9985180223900437
5754.0,1296390.0,0.9984764043127174
5755.0,1296320.0,0.9984658515574705
5756.0,1296330.0,0.9985171777147311
5757.0,1296300.0,0.9985379540792324
5758.0,1296210.0,0.9985127689523896
5759.0,1296150.0,0.9985109481969421
5760.0,1296090.0,0.9985093818550621
5761.0,1295990.0,0.9984772514874286
5762.0,1295920.0,0.998468484863889
5763.0,1295870.0,0.9984753790548913
5764.0,1295820.0,0.998482524346129
5765.0,1295760.0,0.9984822139768528
5766.0,1295710.0,0.9984898581253143
5767.0,1295680.0,0.9985131633449194
5768.0,1295640.0,0.9985290102820135
5769.0,1295580.0,0.9985296896645299
5770.0,1295450.0,0.9984766604879414
5771.0,1295320.0,0.9984238695910855
5772.0,1295280.0,0.9984406906341478
5773.0,1295230.0,0.9984500458629552
5774.0,1295130.0,0.9984210970076732
5775.0,1295070.0,0.998423222206582
5776.0,1295020.0,0.9984332955711341
5777.0,1294920.0,0.9984050562265823
5778.0,1294840.0,0.9983924713207546
5779.0,1294830.0,0.9984340967585277
5780.0,1294780.0,0.9984451151498336
5781.0,1294660.0,0.9984023858198997
5782.0,1294600.0,0.9984061567261358
5783.0,1294610.0,0.9984641462979175
5784.0,1294510.0,0.9984375302377063
5785.0,1294390.0,0.9983957139235783
5786.0,1294350.0,0.9984158304373641
5787.0,1294350.0,0.9984670320740763
5788.0,1294270.0,0.9984567493416212
5789.0,1294100.0,0.9983772568558431
5790.0,1294040.0,0.9983828475725688
5791.0,1294090.0,0.998473533723843
5792.0,1294070.0,0.9985104388196907
5793.0,1293970.0,0.9984858369373878
5794.0,1293860.0,0.9984537353345332
5795.0,1293730.0,0.9984064144931545
5796.0,1293560.0,0.998328435557855
5797.0,1293480.0,0.9983201277701922
5798.0,1293550.0,0.9984278123337229
5799.0,1293620.0,0.9985357230918206
5800.0,1293580.0,0.9985589463253421
5801.0,1293440.0,0.9985051870101838
5802.0,1293310.0,0.9984593535555382
5803.0,1293200.0,0.9984291668024914
5804.0,1293110.0,0.99841462826806
5805.0,1293060.0,0.9984311824105556
5806.0,1293000.0,0.9984402239123957
5807.0,1292980.0,0.9984803620849548
5808.0,1292990.0,0.998543878358767
5809.0,1292960.0,0.99857671337084
5810.0,1292900.0,0.9985865845587453
5811.0,1292770.0,0.9985425907942053
5812.0,1292630.0,0.9984910688368132
5813.0,1292520.0,0.9984629160648351
5814.0,1292520.0,0.9985199383987672
5815.0,1292520.0,0.9985771654526203
5816.0,1292340.0,0.9984955235718518
5817.0,1292200.0,0.9984449752448591
5818.0,1292260.0,0.9985491592458914
5819.0,1292320.0,0.9986535494273915
5820.0,1292250.0,0.9986576801552421
5821.0,1292110.0,0.9986079038871557
5822.0,1292000.0,0.9985814996840676
5823.0,1291910.0,0.9985707411936868
5824.0,1291800.0,0.9985447106520798
5825.0,1291710.0,0.998534325614489
5826.0,1291650.0,0.998547318607073
5827.0,1291550.0,0.998529574019917
5828.0,1291500.0,0.9985506707154649
5829.0,1291520.0,0.9986260789931256
5830.0,1291510.0,0.9986784812141948
5831.0,1291410.0,0.9986614735556159
5832.0,1291270.0,0.9986137102796172
5833.0,1291180.0,0.9986047911610074
5834.0,1291130.0,0.9986269877184467
5835.0,1291090.0,0.9986570996380371
5836.0,1291070.0,0.9987028628143669
5837.0,1291030.0,0.9987333353425996
5838.0,1290840.0,0.9986479399277879
5839.0,1290620.0,0.9985394968187508
5840.0,1290500.0,0.9985085865518739
5841.0,1290510.0,0.9985784360768191
5842.0,1290600.0,0.9987103714855168
5843.0,1290590.0,0.9987651045620333
5844.0,1290460.0,0.9987271411831974
5845.0,1290370.0,0.9987202996114609
5846.0,1290320.0,0.9987445846757006
5847.0,1290260.0,0.9987612973596743
5848.0,1290180.0,0.9987626939281605
5849.0,1290040.0,0.9987178033939834
5850.0,1289960.0,0.9987195228887042
5851.0,1289950.0,0.9987756030322528
5852.0,1289870.0,0.9987776478352064
5853.0,1289640.0,0.998663695950352
5854.0,1289480.0,0.9986040971811182
5855.0,1289510.0,0.9986917978234139
5856.0,1289470.0,0.9987254491692513
5857.0,1289290.0,0.9986508195022165
5858.0,1289190.0,0.9986383040853367
5859.0,1289130.0,0.9986569269866619
5860.0,1289030.0,0.9986447152048846
5861.0,1289020.0,0.9987023825905847
5862.0,1289050.0,0.9987912004936012
5863.0,1289000.0,0.9988181886468689
5864.0,1288860.0,0.9987755845180165
5865.0,1288740.0,0.9987486211503237
5866.0,1288640.0,0.9987373005926202
5867.0,1288540.0,0.998726123237587
5868.0,1288440.0,0.9987150880670161
5869.0,1288380.0,0.9987352015355968
5870.0,1288330.0,0.9987632116845419
5871.0,1288250.0,0.9987681074437782
5872.0,1288110.0,0.9987266228471948
5873.0,1287930.0,0.9986542553883186
5874.0,1287830.0,0.998644051413405
5875.0,1287860.0,0.9987347974275055
5876.0,1287870.0,0.9988101800879019
5877.0,1287770.0,0.9988003908436316
5878.0,1287580.0,0.9987209244572735
5879.0,1287410.0,0.9986570937656113
5880.0,1287290.0,0.9986321737916872
5881.0,1287210.0,0.9986384132896813
5882.0,1287190.0,0.9986913350014459
5883.0,1287110.0,0.9986978367816551
5884.0,1286930.0,0.998626868984524
5885.0,1286900.0,0.9986724219362149
5886.0,1286950.0,0.9987801928875882
5887.0,1286650.0,0.9986164548888332
5888.0,1284970.0,0.9973816741281202
5889.0,1280740.0,0.994167420273951
5890.0,1277940.0,0.9920629468691278
5891.0,1281140.0,0.9946164152898836
5892.0,1285030.0,0.9977060790470756
5893.0,1286090.0,0.9985989072999051
5894.0,1285250.0,0.9980165978028102
5895.0,1282670.0,0.9960830904427962
5896.0,1281010.0,0.994863920520879
5897.0,1282940.0,0.9964329710401114
5898.0,1285130.0,0.9982043059961893
5899.0,1285780.0,0.9987797475706437
5900.0,1285810.0,0.9988737378523924
5901.0,1285600.0,0.9987813952346315
5902.0,1285480.0,0.9987590738980128
5903.0,1285560.0,0.9988922587449516
5904.0,1285550.0,0.9989556331636859
5905.0,1285470.0,0.9989647236164038
5906.0,1285410.0,0.9989894632596156
5907.0,1285240.0,0.9989288143355167
5908.0,1285100.0,0.9988915776356495
5909.0,1285150.0,0.9990021319891461
5910.0,1285130.0,0.9990583845452485
5911.0,1284910.0,0.9989592534618965
5912.0,1284740.0,0.9988990817821571
5913.0,1284730.0,0.9989634092174002
5914.0,1284700.0,0.9990122895596428
5915.0,1284600.0,0.9990068344621459
5916.0,1284520.0,0.999017027288386
5917.0,1284470.0,0.9990506483195769
5918.0,1284340.0,0.9990221382691642
5919.0,1284170.0,0.9989625987459644
5920.0,1284000.0,0.9989031403907203
5921.0,1283940.0,0.9989293442174864
5922.0,1283900.0,0.9989712011397893
5923.0,1283830.0,0.9989898069300097
5924.0,1283800.0,0.9990396287060631
5925.0,1283840.0,0.9991440196894701
5926.0,1283800.0,0.9991862453160519
5927.0,1283620.0,0.9991195892034236
5928.0,1283510.0,0.9991074940893544
5929.0,1283480.0,0.9991577557264663
5930.0,1283490.0,0.9992392455468668
5931.0,1283440.0,0.9992741103904114
5932.0,1283220.0,0.9991766876074375
5933.0,1282960.0,0.9990481785170243
5934.0,1282900.0,0.9990754783393031
5935.0,1283040.0,0.9992586206701287
5936.0,1283080.0,0.9993639755058351
5937.0,1282840.0,0.999251315863923
5938.0,1282560.0,0.9991075508006896
5939.0,1282510.0,0.9991430165520617
5940.0,1282570.0,0.9992642588233032
5941.0,1282510.0,0.9992920868997953
5942.0,1282320.0,0.9992186865498629
5943.0,1282200.0,0.9991998911258122
5944.0,1282180.0,0.9992590921417478
5945.0,1282100.0,0.9992716017186314
5946.0,1282050.0,0.9993075597766922
5947.0,1281940.0,0.9992968138236135
5948.0,1281700.0,0.9991847818509735
5949.0,1281630.0,0.9992053308667432
5950.0,1281700.0,0.9993350988820052
5951.0,1281630.0,0.9993557784827724
5952.0,1281550.0,0.9993687196009058
5953.0,1281480.0,0.9993895168663485
5954.0,1281250.0,0.9992855828756643
5955.0,1281060.0,0.9992128861385755
5956.0,1281010.0,0.9992494374870393
5957.0,1280890.0,0.9992314381612191
5958.0,1280860.0,0.9992837013194884
5959.0,1280920.0,0.9994062418836545
5960.0,1280800.0,0.9993883979832568
5961.0,1280660.0,0.9993549916211814
5962.0,1280690.0,0.9994542947663717
5963.0,1280730.0,0.9995614626530438
5964.0,1280670.0,0.9995906386590961
5965.0,1280510.0,0.999541803945295
5966.0,1280280.0,0.9994383588601895
5967.0,1280170.0,0.9994286228519673
5968.0,1280140.0,0.9994813859106324
5969.0,1280090.0,0.9995185793870466
5970.0,1280070.0,0.9995792426010813
5971.0,1280030.0,0.9996243329724455
5972.0,1279910.0,0.9996069860153454
5973.0,1279700.0,0.9995193757894942
5974.0,1279500.0,0.9994395968516917
5975.0,1279540.0,0.9995473206685515
5976.0,1279620.0,0.9996863418686555
5977.0,1279510.0,0.999676968356405
5978.0,1279290.0,0.9995816735064788
5979.0,1279090.0,0.9995020206498468
5980.0,1279040.0,0.9995396042613323
5981.0,1279070.0,0.9996397427222488
5982.0,1279010.0,0.9996695780053859
5983.0,1278820.0,0.9995978266153334
5984.0,1278670.0,0.9995573558857176
5985.0,1278600.0,0.9995794430316446
5986.0,1278510.0,0.9995859177651752
5987.0,1278370.0,0.9995533185322706
5988.0,1278330.0,0.9995989287951581
5989.0,1278310.0,0.9996602041906014
5990.0,1278170.0,0.9996276564734208
5991.0,1278070.0,0.9996264049149816
5992.0,1278030.0,0.9996720996455476
5993.0,1277790.0,0.9995613633991826
5994.0,1277510.0,0.999419329879155
5995.0,1277470.0,0.9994650567718545
5996.0,1277580.0,0.9996281669473969
5997.0,1277510.0,0.9996504617923107
5998.0,1277300.0,0.9995632100608265
5999.0,1277180.0,0.9995463879136008
6000.0,1277030.0,0.9995060889710496
6001.0,1276870.0,0.9994579615578222
6002.0,1276840.0,0.9995115949445278
6003.0,1276740.0,0.9995104393595642
6004.0,1276460.0,0.9993683596670083
6005.0,1276350.0,0.9993593659623078
6006.0,1276490.0,0.9995461314236568
6007.0,1276520.0,0.9996467832119985
6008.0,1276360.0,0.9995986472442991
6009.0,1276290.0,0.9996209907335957
6010.0,1276310.0,0.9997138289501142
6011.0,1276270.0,0.9997596754223325
6012.0,1276160.0,0.9997506841565665
6013.0,1275970.0,0.9996790067379985
6014.0,1275740.0,0.9995759686508756
6015.0,1275620.0,0.9995590996127907
6016.0,1275660.0,0.9996676008950917
6017.0,1275630.0,0.9997212476676436
6018.0,1275530.0,0.999720026171418
6019.0,1275360.0,0.9996639226472315
6020.0,1275180.0,0.9995999566942855
6021.0,1275180.0,0.9996770758982306
6022.0,1275180.0,0.9997541900121113
6023.0,1274990.0,0.9996823245393567
6024.0,1274840.0,0.9996417941269377
6025.0,1274810.0,0.9996953403027373
6026.0,1274710.0,0.9996939758734114
6027.0,1274600.0,0.9996847458362139
6028.0,1274500.0,0.9996833347769156
6029.0,1274420.0,0.9996975877815109
6030.0,1274360.0,0.9997275074136096
6031.0,1274190.0,0.9996711041903412
6032.0,1274060.0,0.9996460493073814
6033.0,1274000.0,0.9996758891989077
6034.0,1273960.0,0.9997213987138841
6035.0,1273930.0,0.9997747324520647
6036.0,1273750.0,0.9997103141995467
6037.0,1273510.0,0.999598758215675
6038.0,1273440.0,0.9996205972048938
6039.0,1273490.0,0.99973660900879
6040.0,1273390.0,0.9997348380287394
6041.0,1273180.0,0.9996466623787629
6042.0,1273090.0,0.9996526611676196
6043.0,1273080.0,0.9997214438964876
6044.0,1272960.0,0.9997038097286084
6045.0,1272810.0,0.9996625695910618
6046.0,1272790.0,0.9997233903257786
6047.0,1272750.0,0.9997684665588531
6048.0,1272500.0,0.9996485337139033
6049.0,1272290.0,0.9995599625041732
6050.0,1272300.0,0.9996441848048665
6051.0,1272350.0,0.9997598026270397
6052.0,1272170.0,0.9996946511088673
6053.0,1271910.0,0.9995665695707727
6054.0,1271820.0,0.9995720271454203
6055.0,1271820.0,0.9996481734614475
6056.0,1271680.0,0.9996142302667831
6057.0,1271370.0,0.9994465878295496
6058.0,1271110.0,0.9993181736664114
6059.0,1270980.0,0.9992918946746977
6060.0,1271060.0,0.9994306768456012
6061.0,1271250.0,0.9996559210331126
6062.0,1271370.0,0.9998260908891176
6063.0,1271310.0,0.9998546604481104
6064.0,1271050.0,0.9997258657477515
6065.0,1270880.0,0.9996677825400868
6066.0,1270860.0,0.9997276250933341
6067.0,1270870.0,0.9998110134248299
6068.0,1270820.0,0.9998471422063469
6069.0,1270690.0,0.9998202630183041
6070.0,1270500.0,0.9997460983870101
6071.0,1270370.0,0.9997190707101485
6072.0,1270370.0,0.9997942803040273
6073.0,1270340.0,0.9998458180558487
6074.0,1270130.0,0.999755608271863
6075.0,1269900.0,0.9996495679954335
6076.0,1269860.0,0.9996930144209826
6077.0,1269880.0,0.9997836303720887
6078.0,1269820.0,0.9998111943368941
6079.0,1269710.0,0.9997993137962518
6080.0,1269520.0,0.9997243543823803
6081.0,1269360.0,0.9996729304209274
6082.0,1269380.0,0.9997631860730907
6083.0,1269370.0,0.9998297437056253
6084.0,1269210.0,0.9997780709297603
6085.0,1269050.0,0.9997263066188894
6086.0,1268880.0,0.9996665713675139
6087.0,1268750.0,0.9996382569671359
6088.0,1268760.0,0.9997201644107048
6089.0,1268700.0,0.9997468352458235
6090.0,1268570.0,0.9997182561463063
6091.0,1268430.0,0.999681701326153
6092.0,1268300.0,0.9996529316356504
6093.0,1268210.0,0.9996555949853091
6094.0,1268110.0,0.9996502822903469
6095.0,1268070.0,0.9996921757391303
6096.0,1267990.0,0.9997024431535714
6097.0,1267840.0,0.9996574223232191
6098.0,1267660.0,0.9995886412683708
6099.0,1267470.0,0.9995118654954152
6100.0,1267410.0,0.999537502617465
6101.0,1267390.0,0.9995945907021676
6102.0,1267280.0,0.999580596664929
6103.0,1267090.0,0.999503392103589
6104.0,1266950.0,0.9994655159778602
6105.0,1266870.0,0.9994748651295952
6106.0,1266800.0,0.9994919992880912
6107.0,1266740.0,0.9995169190775105
6108.0,1266680.0,0.9995417340812005
6109.0,1266610.0,0.9995585516019834
6110.0,1266470.0,0.9995200158056928
6111.0,1266280.0,0.9994418991688442
6112.0,1266130.0,0.9993952318798153
6113.0,1266040.0,0.999395807409289
6114.0,1266040.0,0.9994673181640792
6115.0,1266020.0,0.9995229332731345
6116.0,1265860.0,0.9994679014762897
6117.0,1265610.0,0.9993416786844624
6118.0,1265390.0,0.9992390089256904
6119.0,1265210.0,0.9991677934478486
6120.0,1264860.0,0.9989621839389663
6121.0,1264440.0,0.9987011345070558
6122.0,1264350.0,0.9987005894199535
6123.0,1264740.0,0.9990790950544441
6124.0,1265010.0,0.9993627281108197
6125.0,1265010.0,0.9994329584816436
6126.0,1264960.0,0.9994635653306676
6127.0,1264870.0,0.999462440944544
6128.0,1264790.0,0.9994690888602962
6129.0,1264740.0,0.9994993152516232
6130.0,1264660.0,0.9995057038490331
6131.0,1264490.0,0.9994408251782699
6132.0,1264300.0,0.9993599945082685
6133.0,1264160.0,0.9993185424908158
6134.0,1264040.0,0.9992927596214962
6135.0,1263860.0,0.9992193993579194
6136.0,1263620.0,0.9990984508182159
6137.0,1263420.0,0.9990089749605819
6138.0,1263400.0,0.9990616853668288
6139.0,1263450.0,0.9991696193081079
6140.0,1263400.0,0.999198337343522
6141.0,1263230.0,0.9991320034732107
6142.0,1263110.0,0.9991050652078026
6143.0,1263080.0,0.9991491712122106
6144.0,1263080.0,0.9992168691471386
6145.0,1262990.0,0.9992132248392754
6146.0,1262810.0,0.9991382227545496
6147.0,1262630.0,0.9990630604228955
6148.0,1262520.0,0.9990431283947159
6149.0,1262410.0,0.9990230414204649
6150.0,1262280.0,0.99898697011974
6151.0,1262200.0,0.9989903129647822
6152.0,1262130.0,0.9990014159715628
6153.0,1262010.0,0.9989727852528272
6154.0,1261900.0,0.9989519093547067
6155.0,1261810.0,0.9989467055405327
6156.0,1261700.0,0.998925506664522
6157.0,1261560.0,0.9988803906879169
6158.0,1261400.0,0.9988192701851463
6159.0,1261280.0,0.9987896541141609
6160.0,1261130.0,0.9987361119912785
6161.0,1260700.0,0.9984606408174899
6162.0,1260260.0,0.9981770472293682
6163.0,1260340.0,0.9983051374411654
6164.0,1260560.0,0.9985439760117942
6165.0,1260560.0,0.9986083933126458
6166.0,1260450.0,0.998585501463135
6167.0,1260300.0,0.9985307432808245
6168.0,1260210.0,0.9985233462724024
6169.0,1260160.0,0.9985474705244677
6170.0,1260110.0,0.9985714230837601
6171.0,1260070.0,0.9986031278211863
6172.0,1260000.0,0.9986108831987599
6173.0,1259850.0,0.9985550536788742
6174.0,1259740.0,0.9985307439733089
6175.0,1259600.0,0.9984824701210182
6176.0,1259420.0,0.998402299091123
6177.0,1259340.0,0.998401215476512
6178.0,1259290.0,0.9984237337692986
6179.0,1259160.0,0.9983826387654428
6180.0,1259040.0,0.9983492826108297
6181.0,1258940.0,0.9983315956335649
6182.0,1258790.0,0.9982740666987813
6183.0,1258630.0,0.998208411067667
6184.0,1258520.0,0.9981822146001875
6185.0,1258400.0,0.9981478922005322
6186.0,1258240.0,0.9980816442473468
6187.0,1258070.0,0.9980072624224423
6188.0,1257960.0,0.9979802774845604
6189.0,1257820.0,0.997929292768537
6190.0,1257480.0,0.9977194202003281
6191.0,1257170.0,0.9975331295089216
6192.0,1257240.0,0.9976481568273219
6193.0,1257500.0,0.9979137767002925
6194.0,1257560.0,0.9980205042757437
6195.0,1257410.0,0.9979603735515145
6196.0,1257250.0,0.9978920959763109
6197.0,1257190.0,0.997902982324417
6198.0,1257180.0,0.9979533552952197
6199.0,1257090.0,0.9979400203044259
6200.0,1256920.0,0.9978629651641925
