wave,flux,norm
3800.0,1261050.0,0.9846630078426404
3801.0,1271440.0,0.9922733519527133
3802.0,1275800.0,0.9951713700076406
3803.0,1276770.0,0.9954224795761526
3804.0,1278370.0,0.9961632846666816
3805.0,1280060.0,0.9969724704315751
3806.0,1280100.0,0.996495436742715
3807.0,1279760.0,0.9957222909654478
3808.0,1281440.0,0.9965198752458109
3809.0,1283360.0,0.9975022722449778
3810.0,1283450.0,0.9970611069975649
3811.0,1281260.0,0.9948491716896796
3812.0,1276240.0,0.9904423731098216
3813.0,1272370.0,0.9869312562290755
3814.0,1270300.0,0.9848183825934821
3815.0,1260920.0,0.9770425919847583
3816.0,1255340.0,0.972216973412595
3817.0,1266320.0,0.9802140562787388
3818.0,1274230.0,0.9858269335194882
3819.0,1263320.0,0.9768803850595458
3820.0,1242440.0,0.9602368827115474
3821.0,1244320.0,0.9611911469465303
3822.0,1264080.0,0.9759481606330977
3823.0,1267050.0,0.9777329358251664
3824.0,1250110.0,0.9641593586136319
3825.0,1232630.0,0.9501829405215076
3826.0,1229930.0,0.947607747293514
3827.0,1237800.0,0.9531740563192074
3828.0,1239680.0,0.9541236833655006
3829.0,1239320.0,0.9533485525273596
3830.0,1245030.0,0.9572405149464248
3831.0,1240660.0,0.9533818376100678
3832.0,1220800.0,0.9376295671026474
3833.0,1213820.0,0.9317804378851315
3834.0,1207840.0,0.9267041024459015
3835.0,1198270.0,0.9188795779440981
3836.0,1211830.0,0.9287903848625375
3837.0,1222360.0,0.9363691718593997
3838.0,1209610.0,0.9261155684764139
3839.0,1215790.0,0.9303580102233735
3840.0,1233120.0,0.943123306935598
3841.0,1243390.0,0.9504778418141259
3842.0,1259460.0,0.9622554744616746
3843.0,1271660.0,0.9710650128724296
3844.0,1274460.0,0.9726905461314523
3845.0,1272800.0,0.9709117380385995
3846.0,1270170.0,0.9683948042152658
3847.0,1268560.0,0.9666573288942825
3848.0,1266830.0,0.9648298583042064
3849.0,1261640.0,0.9603701145245418
3850.0,1258380.0,0.9573830230005044
3851.0,1264930.0,0.9618582542120032
3852.0,1272990.0,0.967475978281729
3853.0,1275450.0,0.9688336246778824
3854.0,1275580.0,0.9684205337305546
3855.0,1271250.0,0.9646232797384826
3856.0,1261220.0,0.9565068253661964
3857.0,1260240.0,0.9552584933599085
3858.0,1261060.0,0.9553748370320718
3859.0,1244310.0,0.9421868139842644
3860.0,1230810.0,0.9314720249726527
3861.0,1246140.0,0.9425751774063272
3862.0,1272690.0,0.9621486002288601
3863.0,1290480.0,0.9750820460695343
3864.0,1293220.0,0.9766358510071901
3865.0,1285950.0,0.9706322423320601
3866.0,1278520.0,0.9645140420678151
3867.0,1271820.0,0.9589525072993035
3868.0,1259970.0,0.9495155923283903
3869.0,1232590.0,0.9283912010793045
3870.0,1154910.0,0.8694228184009852
3871.0,1013410.0,0.7624978733732136
3872.0,926678.0,0.696871831100942
3873.0,979513.0,0.73621543661977
3874.0,1068490.0,0.8026678935216861
3875.0,1127520.0,0.8465652945989737
3876.0,1154540.0,0.8663951917209786
3877.0,1145280.0,0.8589930318300708
3878.0,1142950.0,0.8567935477145101
3879.0,1151310.0,0.8626056623750781
3880.0,1140090.0,0.853749225711489
3881.0,1123920.0,0.8411972331748667
3882.0,1108110.0,0.8289277059335004
3883.0,1108120.0,0.828499061886576
3884.0,1162010.0,0.8683336769099432
3885.0,1231830.0,0.9200241296004543
3886.0,1258640.0,0.9395540039972053
3887.0,1246870.0,0.9302791569228102
3888.0,1172530.0,0.8743556070576246
3889.0,1065800.0,0.794350188298805
3890.0,1066130.0,0.7941796161152113
3891.0,1146020.0,0.8532439006507023
3892.0,1188880.0,0.8846909488682038
3893.0,1197040.0,0.890297064746737
3894.0,1190020.0,0.8846131841119098
3895.0,1148550.0,0.8533399536918943
3896.0,1158550.0,0.8603202478021413
3897.0,1189320.0,0.8827087687724634
3898.0,1195370.0,0.8867365272498586
3899.0,1236160.0,0.9165172369638529
3900.0,1256790.0,0.9313277693717605
3901.0,1186780.0,0.8789903879510019
3902.0,1124460.0,0.8324002071472568
3903.0,1190350.0,0.8807188696131456
3904.0,1268200.0,0.9378319624689604
3905.0,1248310.0,0.9226449116579932
3906.0,1223790.0,0.9040534557126954
3907.0,1245600.0,0.9196892127234543
3908.0,1256720.0,0.9274201342479256
3909.0,1237880.0,0.9130451686494081
3910.0,1182270.0,0.8715781540100639
3911.0,1195270.0,0.8807078507616019
3912.0,1280230.0,0.9428232122811673
3913.0,1298130.0,0.9555141255644591
3914.0,1246020.0,0.9166865141201487
3915.0,1209050.0,0.8890316943222305
3916.0,1240840.0,0.9119398114302295
3917.0,1313560.0,0.9648903704671421
3918.0,1346790.0,0.9887941085187038
3919.0,1309740.0,0.9611015460610247
3920.0,1202460.0,0.8819283283690862
3921.0,1123500.0,0.823596471769639
3922.0,1182560.0,0.8664502134789108
3923.0,1292130.0,0.9462501271593293
3924.0,1350100.0,0.9882009821059342
3925.0,1364080.0,0.9979277109702976
3926.0,1343970.0,0.9827182279296407
3927.0,1270950.0,0.9288560233319064
3928.0,1205100.0,0.8802860698823534
3929.0,1241100.0,0.9061260942635231
3930.0,1297090.0,0.9465278736392947
3931.0,1284920.0,0.9371759633877098
3932.0,1181400.0,0.861239816091746
3933.0,1017330.0,0.7412614157376513
3934.0,958566.0,0.6980946467934742
3935.0,1040430.0,0.757335361351699
3936.0,1162370.0,0.8456744039911369
3937.0,1288440.0,0.936929177295281
3938.0,1356700.0,0.9860762793224276
3939.0,1373020.0,0.9974428639923283
3940.0,1375100.0,0.9984591089394254
3941.0,1370120.0,0.9943512139136731
3942.0,1335770.0,0.9689435075691177
3943.0,1253090.0,0.908521015257426
3944.0,1210250.0,0.8770293413373851
3945.0,1274320.0,0.9230053757709278
3946.0,1341020.0,0.9708409148112364
3947.0,1363250.0,0.9864516334821308
3948.0,1371820.0,0.9921681648653619
3949.0,1377830.0,0.9960291758312702
3950.0,1375680.0,0.9939911432695147
3951.0,1342480.0,0.969531647394056
3952.0,1266950.0,0.9145408859337067
3953.0,1237060.0,0.8925330647816687
3954.0,1305300.0,0.9413133238930361
3955.0,1369500.0,0.9871352168696349
3956.0,1388180.0,1.0001187310567212
3957.0,1391060.0,1.0017128405449418
3958.0,1391400.0,1.0014779990020164
3959.0,1388420.0,0.9988556954817015
3960.0,1370520.0,0.9855080727984896
3961.0,1313790.0,0.9442655114641115
3962.0,1240840.0,0.891410571622318
3963.0,1238710.0,0.8894589602347631
3964.0,1310980.0,0.9409078092529378
3965.0,1365350.0,0.9794678874401983
3966.0,1356980.0,0.973005562455634
3967.0,1262470.0,0.9048135269492066
3968.0,1099760.0,0.7878300752423633
3969.0,1020000.0,0.7303514690639161
3970.0,1076000.0,0.7700901895339819
3971.0,1173980.0,0.8398236311735301
3972.0,1235710.0,0.8835731695709533
3973.0,1263640.0,0.9031260854141482
3974.0,1278660.0,0.9134392417575888
3975.0,1315800.0,0.9395384046569959
3976.0,1369690.0,0.9775692193185677
3977.0,1396870.0,0.9965115011743632
3978.0,1403150.0,1.0005344223085795
3979.0,1404950.0,1.0013615992976872
3980.0,1404540.0,1.000614591246542
3981.0,1389270.0,0.9892875915445369
3982.0,1348260.0,0.9596508939387146
3983.0,1322270.0,0.9407278942991688
3984.0,1350470.0,0.9603590083456015
3985.0,1369140.0,0.9731994924138391
3986.0,1332700.0,0.9468742439426107
3987.0,1305830.0,0.927369890599342
3988.0,1345650.0,0.9552245291550329
3989.0,1393800.0,0.9889660261332786
3990.0,1410460.0,1.0003450181435019
3991.0,1412290.0,1.0012017943953095
3992.0,1405760.0,0.9961349679495951
3993.0,1379090.0,0.976808565157651
3994.0,1340810.0,0.9492804053885692
3995.0,1344640.0,0.9515778263678878
3996.0,1386410.0,0.9807121799875083
3997.0,1409930.0,0.9969184427423704
3998.0,1409180.0,0.995958719972986
3999.0,1385720.0,0.9789572829524773
4000.0,1331690.0,0.9403843397176022
4001.0,1295270.0,0.914275659374858
4002.0,1334940.0,0.9418761730942317
4003.0,1392600.0,0.9821420015347321
4004.0,1409850.0,0.9938875510666489
4005.0,1390510.0,0.9798408248669039
4006.0,1352200.0,0.9524452901681624
4007.0,1342290.0,0.9450695584600887
4008.0,1380380.0,0.9714825589091455
4009.0,1413890.0,0.9946528200070782
4010.0,1423350.0,1.0008932492801705
4011.0,1424920.0,1.001583835640513
4012.0,1425080.0,1.001284398984075
4013.0,1422720.0,0.9992165715511641
4014.0,1414360.0,0.992939411527279
4015.0,1393010.0,0.9775527755480633
4016.0,1354850.0,0.9503881036323005
4017.0,1325650.0,0.9295292230650433
4018.0,1334080.0,0.9350633572732114
4019.0,1342290.0,0.9404400333562577
4020.0,1343360.0,0.9408130823990044
4021.0,1377610.0,0.96441508526081
4022.0,1415780.0,0.9907426146299153
4023.0,1427020.0,0.9982126752425702
4024.0,1415440.0,0.9897215346158438
4025.0,1385320.0,0.9682795908674687
4026.0,1362660.0,0.9520678093366168
4027.0,1368800.0,0.9559840569389669
4028.0,1386680.0,0.9680945198856005
4029.0,1400060.0,0.9770563020551962
4030.0,1398530.0,0.9756111058012435
4031.0,1392690.0,0.9711626770675891
4032.0,1388280.0,0.9677155978028724
4033.0,1356110.0,0.9449292833796834
4034.0,1310050.0,0.9124866985766964
4035.0,1310960.0,0.9127733615535332
4036.0,1347550.0,0.9378941183737846
4037.0,1370630.0,0.9535975466438703
4038.0,1381600.0,0.9608680269507434
4039.0,1377370.0,0.9575668875867229
4040.0,1364590.0,0.94832744996413
4041.0,1381170.0,0.9594922330668858
4042.0,1403930.0,0.9749414202153666
4043.0,1397040.0,0.9697978065949625
4044.0,1385710.0,0.961578055992856
4045.0,1380620.0,0.9576939292215866
4046.0,1371290.0,0.950873638885061
4047.0,1359460.0,0.9423264865058255
4048.0,1349040.0,0.9347636098662008
4049.0,1344690.0,0.9314116985965594
4050.0,1356020.0,0.9389202099250952
4051.0,1383550.0,0.9576373227693371
4052.0,1393440.0,0.9641367195058701
4053.0,1391250.0,0.9622772158240792
4054.0,1404480.0,0.9710817418632183
4055.0,1418260.0,0.9802612030790312
4056.0,1418660.0,0.9801906128549072
4057.0,1407220.0,0.9719434391054371
4058.0,1388140.0,0.9584281523304939
4059.0,1382350.0,0.9540961180965452
4060.0,1405590.0,0.9697976047580771
4061.0,1434100.0,0.9891239925527573
4062.0,1439900.0,0.9927799517994433
4063.0,1425780.0,0.9827047684467143
4064.0,1401930.0,0.9659335772298796
4065.0,1354610.0,0.9330095912087999
4066.0,1301660.0,0.8962327177292773
4067.0,1324950.0,0.9119575717208671
4068.0,1397980.0,0.9618968767330464
4069.0,1437740.0,0.9889192382723216
4070.0,1444040.0,0.9929173668703242
4071.0,1437410.0,0.9880261900932855
4072.0,1431510.0,0.9836409229641522
4073.0,1423010.0,0.9774736446237466
4074.0,1395770.0,0.9584431517406186
4075.0,1380390.0,0.9475675704847164
4076.0,1407610.0,0.9659332207928873
4077.0,1438520.0,0.986819052267905
4078.0,1450020.0,0.9943813300126577
4079.0,1455020.0,0.9974835996245507
4080.0,1456820.0,0.9983918103129859
4081.0,1454010.0,0.996142117368502
4082.0,1439610.0,0.9859571418345987
4083.0,1396680.0,0.9562464742614983
4084.0,1336080.0,0.9144619113725451
4085.0,1333370.0,0.9123144147834977
4086.0,1397210.0,0.9556892780101213
4087.0,1446550.0,0.989122586878999
4088.0,1462240.0,0.9995336953932812
4089.0,1465190.0,1.0012333375613989
4090.0,1464260.0,1.0002823275046075
4091.0,1463560.0,0.9994899548083411
4092.0,1462070.0,0.9981597076009403
4093.0,1453350.0,0.9918968486922679
4094.0,1432370.0,0.9772741175789851
4095.0,1409930.0,0.9616655833056854
4096.0,1403670.0,0.9571000451924219
4097.0,1418830.0,0.9671390771813421
4098.0,1440740.0,0.9817725471519233
4099.0,1436150.0,0.9783454376583135
4100.0,1373560.0,0.9354221649221662
4101.0,1258170.0,0.8565789413423516
4102.0,1215870.0,0.82752991416155
4103.0,1298340.0,0.8833929539049499
4104.0,1371250.0,0.9327204751476121
4105.0,1395210.0,0.9487335671486347
4106.0,1407580.0,0.9568591812787621
4107.0,1423300.0,0.9672574462511386
4108.0,1438720.0,0.9774465988508855
4109.0,1439730.0,0.9778435446996819
4110.0,1441420.0,0.9787028529188612
4111.0,1453990.0,0.9869477292450395
4112.0,1464520.0,0.9938043422362527
4113.0,1469660.0,0.9970013228338211
4114.0,1473970.0,0.9996344336936617
4115.0,1477210.0,1.0015414518226353
4116.0,1478130.0,1.0018757611147509
4117.0,1475160.0,0.9995748829808078
4118.0,1463630.0,0.9914775787857776
4119.0,1446050.0,0.9792886245592282
4120.0,1443710.0,0.9774253203933767
4121.0,1458730.0,0.987313715259235
4122.0,1467530.0,0.992988664049835
4123.0,1464150.0,0.9904221224936332
4124.0,1456120.0,0.9847132797144216
4125.0,1450110.0,0.9803741470340037
4126.0,1449020.0,0.9793636111548983
4127.0,1451760.0,0.9809423742103043
4128.0,1454520.0,0.9825346039725571
4129.0,1455060.0,0.9826275791044913
4130.0,1456370.0,0.9832411834385286
4131.0,1456880.0,0.9833153201295011
4132.0,1448830.0,0.9776142839753058
4133.0,1433840.0,0.9672356147732468
4134.0,1423570.0,0.9600465416111515
4135.0,1430320.0,0.9643372353886367
4136.0,1446340.0,0.9748746490659249
4137.0,1449130.0,0.9764921825422802
4138.0,1442740.0,0.9719253892477379
4139.0,1444920.0,0.9731336122215836
4140.0,1451500.0,0.9773045300973405
4141.0,1446040.0,0.9733695620660704
4142.0,1436530.0,0.9667120216362475
4143.0,1443800.0,0.9713478886210873
4144.0,1449730.0,0.9750808131191796
4145.0,1437210.0,0.9664064351274191
4146.0,1436200.0,0.9654748789777242
4147.0,1457250.0,0.979370382234605
4148.0,1453880.0,0.9768518031977667
4149.0,1415960.0,0.9511274012510916
4150.0,1405820.0,0.9440725783012526
4151.0,1443990.0,0.9694561624832595
4152.0,1465020.0,0.9833230818181549
4153.0,1444040.0,0.9689937092257276
4154.0,1424030.0,0.9553231230480755
4155.0,1442910.0,0.9677432979555858
4156.0,1467570.0,0.9840335190465191
4157.0,1458910.0,0.9779802029760226
4158.0,1432870.0,0.9602829207350329
4159.0,1427800.0,0.9566454270921181
4160.0,1451270.0,0.9721278856343043
4161.0,1466950.0,0.9823865501727489
4162.0,1450800.0,0.9713302343909526
4163.0,1431820.0,0.9583858600716281
4164.0,1430520.0,0.9572797401522937
4165.0,1446530.0,0.9677555824926439
4166.0,1454480.0,0.9728360265209566
4167.0,1434080.0,0.9589572896759695
4168.0,1424600.0,0.9523863489680199
4169.0,1432340.0,0.9573285664407816
4170.0,1445540.0,0.9659174824035733
4171.0,1460890.0,0.9759392423225813
4172.0,1450700.0,0.968899125290832
4173.0,1442460.0,0.9631651355264365
4174.0,1448460.0,0.9669406897754258
4175.0,1445130.0,0.964488231160686
4176.0,1451620.0,0.9685899867849598
4177.0,1450000.0,0.9672803793585377
4178.0,1439070.0,0.9597629200353018
4179.0,1449260.0,0.9663319745966434
4180.0,1443410.0,0.96220603117311
4181.0,1415570.0,0.9434271241333808
4182.0,1397480.0,0.9311541297321404
4183.0,1382870.0,0.9212056895269446
4184.0,1390020.0,0.9257546615321744
4185.0,1403620.0,0.9345968761762824
4186.0,1380640.0,0.9190845444927944
4187.0,1368400.0,0.9107278651487009
4188.0,1375690.0,0.9153706847000275
4189.0,1378060.0,0.9167390209559068
4190.0,1410550.0,0.9381397900461284
4191.0,1432170.0,0.9523036129718242
4192.0,1409820.0,0.9372309511447968
4193.0,1402980.0,0.9324742237518283
4194.0,1393520.0,0.9259792733432882
4195.0,1378040.0,0.9154884930804542
4196.0,1416410.0,0.9407697785811765
4197.0,1442440.0,0.9578461044678875
4198.0,1407550.0,0.9344707585267158
4199.0,1380600.0,0.9163765250035654
4200.0,1381940.0,0.917064264052306
4201.0,1385480.0,0.9192118911983783
4202.0,1411930.0,0.9365557218398148
4203.0,1436680.0,0.9527651756882356
4204.0,1422800.0,0.9433554187306686
4205.0,1384350.0,0.9176632674675819
4206.0,1364570.0,0.9043561570556004
4207.0,1380820.0,0.9149287448962415
4208.0,1424370.0,0.9435823925840907
4209.0,1439110.0,0.9531430608589225
4210.0,1410570.0,0.9340413710922929
4211.0,1372260.0,0.9084803198214821
4212.0,1353920.0,0.8961486422669265
4213.0,1372640.0,0.908347243930227
4214.0,1419420.0,0.9391060812012458
4215.0,1451710.0,0.9602677758596316
4216.0,1422530.0,0.9407688908546699
4217.0,1362240.0,0.9007088715047795
4218.0,1344910.0,0.8890651820305675
4219.0,1390130.0,0.9187675162550417
4220.0,1450720.0,0.9586143324969493
4221.0,1458020.0,0.9632392480476404
4222.0,1420310.0,0.938133116053184
4223.0,1367920.0,0.90334348669735
4224.0,1352780.0,0.8931626423249955
4225.0,1376290.0,0.9084996162418538
4226.0,1381380.0,0.9116741364267708
4227.0,1386200.0,0.9146697133875848
4228.0,1413090.0,0.9322242957971457
4229.0,1405710.0,0.9271687240796153
4230.0,1354260.0,0.8930541394913573
4231.0,1329880.0,0.8768012112449406
4232.0,1367250.0,0.9012594231569127
4233.0,1433830.0,0.9449590716419644
4234.0,1477120.0,0.9732957146336517
4235.0,1436450.0,0.9463101314104786
4236.0,1303870.0,0.8587988565450833
4237.0,1217260.0,0.8015949040211755
4238.0,1265290.0,0.8330601238653795
4239.0,1354760.0,0.8917919577604932
4240.0,1401370.0,0.9222935193664036
4241.0,1375900.0,0.9053543751081811
4242.0,1264580.0,0.8319431932664711
4243.0,1193660.0,0.785134154072628
4244.0,1277490.0,0.8401113226758438
4245.0,1404690.0,0.9235834706277477
4246.0,1445520.0,0.9502466116168892
4247.0,1373210.0,0.9025389969342288
4248.0,1249680.0,0.8211922849358975
4249.0,1207670.0,0.793435392721327
4250.0,1301540.0,0.8549452166434316
4251.0,1406220.0,0.9235315533849481
4252.0,1411840.0,0.9270472582986189
4253.0,1347910.0,0.8849025224651217
4254.0,1286290.0,0.8442902962450766
4255.0,1249720.0,0.8201328555736201
4256.0,1299520.0,0.8526548413466465
4257.0,1398790.0,0.9176178096770857
4258.0,1395610.0,0.9153614614002591
4259.0,1345680.0,0.8824493730716739
4260.0,1346410.0,0.8827647690725438
4261.0,1319770.0,0.8651387997591234
4262.0,1293060.0,0.8474738353384011
4263.0,1305250.0,0.8553061916580647
4264.0,1285540.0,0.8422364027184953
4265.0,1295390.0,0.84853480329385
4266.0,1321730.0,0.8656309539187221
4267.0,1269720.0,0.8314173913185107
4268.0,1229910.0,0.8052037573975502
4269.0,1232390.0,0.8066815840921692
4270.0,1212940.0,0.7938071586814022
4271.0,1224480.0,0.8012154270220166
4272.0,1251570.0,0.8187943972350947
4273.0,1212770.0,0.793268975046126
4274.0,1146950.0,0.7500824598743043
4275.0,1150260.0,0.752113241615453
4276.0,1217740.0,0.7960945921206287
4277.0,1295930.0,0.8470610656966325
4278.0,1310840.0,0.8566553383351341
4279.0,1202130.0,0.7854731188510264
4280.0,1070950.0,0.6996369276256279
4281.0,1115190.0,0.7284105335598886
4282.0,1260040.0,0.8228784502032608
4283.0,1330390.0,0.86866938768677
4284.0,1273120.0,0.8311305674986987
4285.0,1131800.0,0.7387443170367464
4286.0,1069120.0,0.6977111198852993
4287.0,1170630.0,0.7638247820635747
4288.0,1277360.0,0.8333213094712429
4289.0,1278450.0,0.8338888704815478
4290.0,1258540.0,0.820761319844772
4291.0,1232250.0,0.8034785452598092
4292.0,1242420.0,0.809971358563422
4293.0,1293760.0,0.8432976450114691
4294.0,1295420.0,0.8442360116387359
4295.0,1227390.0,0.7997645145375543
4296.0,1122800.0,0.7314900007864975
4297.0,1004890.0,0.6545624961415702
4298.0,945947.0,0.6160644732388407
4299.0,881536.0,0.5740190977973253
4300.0,819869.0,0.5337745258455346
4301.0,842185.0,0.548211482093534
4302.0,877558.0,0.5711416876057288
4303.0,859109.0,0.5590412588160332
4304.0,835377.0,0.5435078527411086
4305.0,848710.0,0.552090786341697
4306.0,885242.0,0.5757596345875652
4307.0,871906.0,0.5669921474266423
4308.0,783770.0,0.5095940383417573
4309.0,706136.0,0.4590421117693715
4310.0,668996.0,0.4348268140754902
4311.0,662449.0,0.4305008488417446
4312.0,733520.0,0.4766092147649176
4313.0,920121.0,0.5977567282180342
4314.0,1161740.0,0.7546015117791534
4315.0,1363250.0,0.8853471084162227
4316.0,1482400.0,0.9625713954875214
4317.0,1519130.0,0.9862615513025678
4318.0,1519900.0,0.9866018643094423
4319.0,1530160.0,0.9931015321976726
4320.0,1532870.0,0.9947000888933193
4321.0,1482890.0,0.9621126548022062
4322.0,1318220.0,0.8551359756292352
4323.0,1061800.0,0.6886846825626792
4324.0,961089.0,0.6232637386885286
4325.0,1089280.0,0.7062825285498116
4326.0,1244920.0,0.8070699626936312
4327.0,1332620.0,0.8637876680487058
4328.0,1360300.0,0.881589538244595
4329.0,1366470.0,0.8854478987518936
4330.0,1387030.0,0.8986282498300677
4331.0,1417530.0,0.9182435679944404
4332.0,1419670.0,0.9194848628541622
4333.0,1394530.0,0.9030601986034946
4334.0,1377880.0,0.8921379517175897
4335.0,1392810.0,0.901663290594722
4336.0,1417080.0,0.9172313490121681
4337.0,1381630.0,0.894145916409874
4338.0,1277250.0,0.8264656120268429
4339.0,1141070.0,0.7382330914881768
4340.0,1034100.0,0.6689231304121892
4341.0,1053020.0,0.6810560537151182
4342.0,1173840.0,0.7590804594108516
4343.0,1272020.0,0.8224426471258651
4344.0,1352620.0,0.8744205727991953
4345.0,1417340.0,0.9161183645611995
4346.0,1412540.0,0.9128751503864575
4347.0,1377060.0,0.8898087650979476
4348.0,1376200.0,0.8891164696352779
4349.0,1421240.0,0.9180744626989652
4350.0,1417620.0,0.915595812224101
4351.0,1339260.0,0.8648532869978958
4352.0,1260700.0,0.8139973039725102
4353.0,1247740.0,0.8055065495609708
4354.0,1258580.0,0.8123808190090186
4355.0,1230820.0,0.7943416354681686
4356.0,1221650.0,0.7883037970637001
4357.0,1272130.0,0.8207529247962319
4358.0,1297150.0,0.8367685659093935
4359.0,1266890.0,0.817124747372123
4360.0,1277180.0,0.8236371891718416
4361.0,1335200.0,0.860923631599045
4362.0,1321640.0,0.8520518591235352
4363.0,1260480.0,0.8125001372255445
4364.0,1291040.0,0.8320738846153617
4365.0,1357700.0,0.8749048003834268
4366.0,1323000.0,0.8524161923241649
4367.0,1271550.0,0.8191439542649397
4368.0,1313500.0,0.8460419184417495
4369.0,1342310.0,0.8644695884291465
4370.0,1292270.0,0.8321187700308343
4371.0,1251600.0,0.8058103549203635
4372.0,1255800.0,0.8083939811877605
4373.0,1276090.0,0.8213329950408231
4374.0,1292290.0,0.8316362043157078
4375.0,1302240.0,0.8379149529136625
4376.0,1302900.0,0.838215262247614
4377.0,1297510.0,0.8346239218637012
4378.0,1308300.0,0.8414399990297358
4379.0,1330220.0,0.8554114184928884
4380.0,1323260.0,0.8508099752987027
4381.0,1315350.0,0.845599261514206
4382.0,1311500.0,0.8429998472758927
4383.0,1306170.0,0.8394501234992862
4384.0,1319000.0,0.8475708952917302
4385.0,1312810.0,0.8434691768349053
4386.0,1304000.0,0.837685668959129
4387.0,1308860.0,0.8406842190395951
4388.0,1333230.0,0.8562114532364631
4389.0,1334990.0,0.8572160087428798
4390.0,1312790.0,0.8428375448275164
4391.0,1311690.0,0.8420080058865286
4392.0,1320600.0,0.8476035197557702
4393.0,1329490.0,0.8531846303868174
4394.0,1343290.0,0.8619146505149045
4395.0,1355760.0,0.869788922518359
4396.0,1355700.0,0.8696235001860857
4397.0,1364240.0,0.8749739139173316
4398.0,1375000.0,0.8817464458472689
4399.0,1368520.0,0.8774631740284256
4400.0,1375850.0,0.882034565039127
4401.0,1410410.0,0.9040588374226819
4402.0,1429420.0,0.9161108066691945
4403.0,1414530.0,0.9064360744576682
4404.0,1405850.0,0.9007430125958512
4405.0,1412960.0,0.90516699885349
4406.0,1419060.0,0.9089428114783323
4407.0,1438330.0,0.9211520514543868
4408.0,1457120.0,0.9330504233204234
4409.0,1452020.0,0.9296499037763211
4410.0,1453260.0,0.9303089725220681
4411.0,1481700.0,0.9483775227632747
4412.0,1503350.0,0.9620954854770335
4413.0,1495140.0,0.9567028308341019
4414.0,1483700.0,0.9492452618344178
4415.0,1480200.0,0.9468690081084585
4416.0,1480250.0,0.9467640291840763
4417.0,1487810.0,0.9514617764065125
4418.0,1501450.0,0.9600458043336032
4419.0,1520220.0,0.9719070712703354
4420.0,1527610.0,0.9764905059123471
4421.0,1510510.0,0.9654201973322819
4422.0,1509880.0,0.9648781254493364
4423.0,1537540.0,0.9824121214097893
4424.0,1546170.0,0.9877835742707988
4425.0,1530460.0,0.9776059028314927
4426.0,1519010.0,0.9701519117020342
4427.0,1519070.0,0.9700501351807633
4428.0,1527250.0,0.9751329070493846
4429.0,1530110.0,0.976817920627467
4430.0,1526580.0,0.9744236584304952
4431.0,1540150.0,0.9829435043594777
4432.0,1557940.0,0.9941537335536299
4433.0,1558720.0,0.9945078313667027
4434.0,1548260.0,0.9876913905173982
4435.0,1533560.0,0.9781724249787428
4436.0,1534320.0,0.9785158211752432
4437.0,1554900.0,0.9914975039372067
4438.0,1565880.0,0.998354750328968
4439.0,1554720.0,0.9910962693035514
4440.0,1538410.0,0.9805573282261604
4441.0,1532360.0,0.9765600132773251
4442.0,1542220.0,0.9827016670437294
4443.0,1564160.0,0.9965377739555372
4444.0,1580420.0,1.0067516078845868
4445.0,1579670.0,1.0061284002609818
4446.0,1569990.0,0.9998184460086824
4447.0,1556400.0,0.9910206423576212
4448.0,1546920.0,0.9848419787306568
4449.0,1550610.0,0.987048509182739
4450.0,1562930.0,0.9947470572459325
4451.0,1572580.0,1.0007442505384478
4452.0,1572100.0,1.000294186388721
4453.0,1565470.0,0.9959316856365936
4454.0,1558750.0,0.991513182020148
4455.0,1556230.0,0.989767154642737
4456.0,1561960.0,0.9932678866401164
4457.0,1571750.0,0.9993490216847732
4458.0,1583080.0,1.0064074090871447
4459.0,1587050.0,1.0087854694783898
4460.0,1584120.0,1.0067775825750804
4461.0,1578970.0,1.003359565446844
4462.0,1571100.0,0.9982143503155598
4463.0,1568090.0,0.9961580212581858
4464.0,1570670.0,0.9976529202745027
4465.0,1573820.0,0.999509383845875
4466.0,1581730.0,1.0043878782900448
4467.0,1585440.0,1.006598377841663
4468.0,1576880.0,1.0010191225891305
4469.0,1563770.0,0.9925535117317555
4470.0,1557460.0,0.9884058095958177
4471.0,1561190.0,0.9906300427192364
4472.0,1565740.0,0.993373884216534
4473.0,1564550.0,0.9924757599962081
4474.0,1564630.0,0.992383414446973
4475.0,1572390.0,0.9971615257512981
4476.0,1579380.0,1.001450030796429
4477.0,1578790.0,1.0009316938624853
4478.0,1581050.0,1.0022201211671564
4479.0,1587030.0,1.0058659427958028
4480.0,1590080.0,1.0076539521075092
4481.0,1591050.0,1.0081235309802863
4482.0,1586640.0,1.0051845996871944
4483.0,1582330.0,1.0023098773494201
4484.0,1585360.0,1.0040847776857589
4485.0,1586850.0,1.0048839735441681
4486.0,1582040.0,1.0016940165512815
4487.0,1578600.0,0.999372313291007
4488.0,1581750.0,1.0012226678085512
4489.0,1586630.0,1.0041674227225745
4490.0,1589960.0,1.0061305162090304
4491.0,1592740.0,1.007745083901186
4492.0,1591290.0,1.0066832324227708
4493.0,1587230.0,1.0039708132533258
4494.0,1581200.0,1.0000132985098982
4495.0,1574210.0,0.995449896663004
4496.0,1573980.0,0.9951619028289426
4497.0,1579220.0,0.9983319849578869
4498.0,1580340.0,0.9988970382321473
4499.0,1581630.0,0.9995694058812812
4500.0,1586740.0,1.0026554653801292
4501.0,1586460.0,1.002335248009097
4502.0,1583200.0,1.0001326506844308
4503.0,1585500.0,1.0014425645760223
4504.0,1589490.0,1.0038194438546348
4505.0,1589360.0,1.003594135152975
4506.0,1587230.0,1.0021062267217888
4507.0,1592260.0,1.0051386507308644
4508.0,1601390.0,1.010758079174864
4509.0,1604290.0,1.0124442944247196
4510.0,1597440.0,1.0079778728879938
4511.0,1584980.0,0.9999733926332931
4512.0,1580830.0,0.9972133261444843
4513.0,1583790.0,0.9989385655056533
4514.0,1583750.0,0.9987714595025928
4515.0,1584870.0,0.9993358932956928
4516.0,1588360.0,1.0013944109683741
4517.0,1588870.0,1.0015739057354238
4518.0,1590910.0,1.002717737931714
4519.0,1598620.0,1.0074344860187174
4520.0,1603660.0,1.0104675927499929
4521.0,1602100.0,1.0093418285683877
4522.0,1597940.0,1.006578649930183
4523.0,1595340.0,1.0047988599751483
4524.0,1593080.0,1.0032337541743692
4525.0,1594120.0,1.0037470238580584
4526.0,1596120.0,1.004864603612571
4527.0,1591500.0,1.0018147933432737
4528.0,1590090.0,1.0007862559943845
4529.0,1598090.0,1.0056798054690528
4530.0,1602670.0,1.0084201462614615
4531.0,1599290.0,1.0061519649782296
4532.0,1595370.0,1.0035448194752212
4533.0,1592300.0,1.0014730901605222
4534.0,1593870.0,1.0023199289488294
4535.0,1600700.0,1.0064739473999436
4536.0,1604060.0,1.0084453541412952
4537.0,1604730.0,1.0087253719808782
4538.0,1604360.0,1.0083517490726452
4539.0,1604270.0,1.0081542742333713
4540.0,1601870.0,1.0065054959935849
4541.0,1595780.0,1.0025390464458723
4542.0,1597460.0,1.0034545670149821
4543.0,1606210.0,1.0088103692220354
4544.0,1610080.0,1.0111002229268293
4545.0,1610610.0,1.011292366955802
4546.0,1611730.0,1.0118549582736762
4547.0,1610120.0,1.010703814867693
4548.0,1605290.0,1.007532111549853
4549.0,1599910.0,1.004016235896768
4550.0,1595540.0,1.0011351664818064
4551.0,1595040.0,1.0006829228753973
4552.0,1599460.0,1.003317146985643
4553.0,1605160.0,1.0067535589135452
4554.0,1608710.0,1.0088408353868623
4555.0,1612520.0,1.0110906675814872
4556.0,1614900.0,1.0124434635835378
4557.0,1613090.0,1.0111694829021232
4558.0,1610510.0,1.0094133516699195
4559.0,1608680.0,1.0081278232512665
4560.0,1607070.0,1.0069806095627265
4561.0,1608710.0,1.00786997424235
4562.0,1609640.0,1.008314448486881
4563.0,1608560.0,1.007499978926096
4564.0,1608480.0,1.0073120987054904
4565.0,1610240.0,1.0082765308315034
4566.0,1614680.0,1.010918711734944
4567.0,1617770.0,1.012715198650118
4568.0,1616960.0,1.0120702706211095
4569.0,1615000.0,1.0107059424140554
4570.0,1612410.0,1.0089478926557354
4571.0,1607280.0,1.0056012831408052
4572.0,1605110.0,1.0041073914993355
4573.0,1609370.0,1.0066358955285382
4574.0,1612580.0,1.0085071721207175
4575.0,1610910.0,1.0073265327495917
4576.0,1608980.0,1.0059837820449693
4577.0,1610540.0,1.0068232853555392
4578.0,1614550.0,1.0091940964047859
4579.0,1616920.0,1.0105394382372948
4580.0,1616500.0,1.0101410985990271
4581.0,1617220.0,1.0104552852643447
4582.0,1619550.0,1.0117753338002082
4583.0,1620340.0,1.0121332172962578
4584.0,1619010.0,1.011167079692886
4585.0,1616470.0,1.0094457259687124
4586.0,1615870.0,1.0089362942386404
4587.0,1617860.0,1.0100441007041172
4588.0,1618230.0,1.010140510448138
4589.0,1616420.0,1.008876409050511
4590.0,1616270.0,1.0086487288146373
4591.0,1617180.0,1.0090826716561359
4592.0,1617200.0,1.008961382233207
4593.0,1618300.0,1.0095139909192794
4594.0,1619970.0,1.0104221297700438
4595.0,1620980.0,1.0109185741159938
4596.0,1621740.0,1.0112591498142516
4597.0,1621500.0,1.0109763082605883
4598.0,1621480.0,1.0108308449942973
4599.0,1622220.0,1.01115929876971
4600.0,1622060.0,1.0109269116623292
4601.0,1620740.0,1.0099718852319546
4602.0,1618320.0,1.0083318886314
4603.0,1616680.0,1.0071784157417532
4604.0,1618510.0,1.008186905781905
4605.0,1620810.0,1.0094880261048549
4606.0,1621250.0,1.0096306606287782
4607.0,1621340.0,1.0095554905511999
4608.0,1622190.0,1.0099536729934873
4609.0,1623060.0,1.0103643707328103
4610.0,1624190.0,1.0109369623692204
4611.0,1625530.0,1.0116402692908009
4612.0,1625800.0,1.011677743719959
4613.0,1625180.0,1.0111616377664545
4614.0,1625190.0,1.0110377649115485
4615.0,1625560.0,1.011138028308878
4616.0,1624800.0,1.010535645316038
4617.0,1623410.0,1.0095418196514374
4618.0,1621390.0,1.0081567023648983
4619.0,1620370.0,1.0073938248616037
4620.0,1621740.0,1.008117010792925
4621.0,1623540.0,1.0091074600044028
4622.0,1625030.0,1.009905185364076
4623.0,1626440.0,1.0106531816170339
4624.0,1627380.0,1.0111091579829994
4625.0,1627740.0,1.0112048913172431
4626.0,1627390.0,1.0108597695396122
4627.0,1626700.0,1.0103037586520085
4628.0,1626680.0,1.0101641467255884
4629.0,1626810.0,1.0101178995246418
4630.0,1627400.0,1.0103574438666743
4631.0,1628250.0,1.0107585207560283
4632.0,1628520.0,1.01079969459932
4633.0,1628240.0,1.0104997198774943
4634.0,1626210.0,1.0091140878904838
4635.0,1623070.0,1.0070402954854751
4636.0,1622360.0,1.0064747338411353
4637.0,1624130.0,1.0074478568147869
4638.0,1626140.0,1.008569793801644
4639.0,1628290.0,1.0097784767388325
4640.0,1629830.0,1.0106088228207553
4641.0,1630460.0,1.0108749756065531
4642.0,1630350.0,1.0106825308112444
4643.0,1630180.0,1.01045315077675
4644.0,1630350.0,1.010434756353001
4645.0,1630620.0,1.010478545650493
4646.0,1630640.0,1.0103676321174961
4647.0,1630470.0,1.0101392458118594
4648.0,1630470.0,1.0100164375006297
4649.0,1630270.0,1.0097699961492812
4650.0,1629870.0,1.0093999677810714
4651.0,1629590.0,1.0091045544955932
4652.0,1628710.0,1.0084379324364452
4653.0,1627530.0,1.0075859634082067
4654.0,1626720.0,1.0069634547767503
4655.0,1626630.0,1.006786953703372
4656.0,1628120.0,1.0075885257333625
4657.0,1630040.0,1.0086562101617318
4658.0,1630430.0,1.0087772252086884
4659.0,1630680.0,1.0088118271472977
4660.0,1631750.0,1.0093538765670502
4661.0,1632030.0,1.0094074123165837
4662.0,1631530.0,1.0089787935543806
4663.0,1631680.0,1.0089524354729384
4664.0,1632480.0,1.0093281967851402
4665.0,1632800.0,1.0094073636255705
4666.0,1632460.0,1.0090787777252257
4667.0,1632290.0,1.0088555745507335
4668.0,1632580.0,1.0089169350040843
4669.0,1632910.0,1.0090032353458456
4670.0,1632690.0,1.0087499393289916
4671.0,1632260.0,1.00836720948119
4672.0,1631700.0,1.0079045079357543
4673.0,1631110.0,1.0074236263880971
4674.0,1630830.0,1.0071345421924573
4675.0,1630070.0,1.0065493741057254
4676.0,1629550.0,1.0061127656943687
4677.0,1629820.0,1.006164207407324
4678.0,1629820.0,1.0060492199136497
4679.0,1629900.0,1.0059838834141341
4680.0,1631110.0,1.0066161745091637
4681.0,1632140.0,1.0071375007986496
4682.0,1632020.0,1.0069494157382728
4683.0,1632100.0,1.0068850114966037
4684.0,1632350.0,1.0069257415867463
4685.0,1632720.0,1.0070407323075077
4686.0,1633490.0,1.0074026409019619
4687.0,1634350.0,1.007820224556572
4688.0,1634940.0,1.0080714972319567
4689.0,1634690.0,1.0078051044586576
4690.0,1633790.0,1.0071383442944244
4691.0,1633130.0,1.0066199242443505
4692.0,1633110.0,1.0064963183621098
4693.0,1632810.0,1.006200457335893
4694.0,1631910.0,1.0055352244362679
4695.0,1631880.0,1.0054064138145968
4696.0,1632220.0,1.0055058321234867
4697.0,1632440.0,1.0055315811304155
4698.0,1633970.0,1.006364425160976
4699.0,1635700.0,1.0073205261290397
4700.0,1636200.0,1.0075192978495284
4701.0,1635570.0,1.007022557854333
4702.0,1634260.0,1.0061075680277005
4703.0,1633420.0,1.0054823680777447
4704.0,1633740.0,1.0055715621784174
4705.0,1634390.0,1.0058641091647758
4706.0,1635080.0,1.0061814875336557
4707.0,1635870.0,1.0065606091350296
4708.0,1636510.0,1.0068476455744055
4709.0,1636550.0,1.006765798479133
4710.0,1636030.0,1.006339790374296
4711.0,1635500.0,1.0059080063075645
4712.0,1634900.0,1.0054335499984066
4713.0,1633920.0,1.0047258112388253
4714.0,1632540.0,1.0037725666832145
4715.0,1632890.0,1.0038833947837962
4716.0,1635160.0,1.0051747628544494
4717.0,1636460.0,1.0058699326504048
4718.0,1636920.0,1.0060489886217583
4719.0,1637420.0,1.0062528829649908
4720.0,1637730.0,1.006340280660531
4721.0,1637140.0,1.005874987737836
4722.0,1636680.0,1.0054899520205922
4723.0,1637380.0,1.0058178632947743
4724.0,1638290.0,1.006274994265685
4725.0,1638620.0,1.0063761202627437
4726.0,1637950.0,1.0058634287347092
4727.0,1637430.0,1.0054432486233822
4728.0,1637740.0,1.0055330565612648
4729.0,1638280.0,1.005764351957559
4730.0,1639030.0,1.0061248168094612
4731.0,1639050.0,1.0060374486757753
4732.0,1638140.0,1.0053796351977
4733.0,1637430.0,1.0048449952554022
4734.0,1637450.0,1.0047587074332687
4735.0,1637550.0,1.0047218321940472
4736.0,1637210.0,1.0044153403011324
4737.0,1637260.0,1.004348460396544
4738.0,1638000.0,1.0047051356997172
4739.0,1638720.0,1.0050497918343269
4740.0,1638820.0,1.0050144807943866
4741.0,1638570.0,1.0047648762698933
4742.0,1638490.0,1.0046198723486959
4743.0,1639100.0,1.0048982413119911
4744.0,1640660.0,1.005759249216545
4745.0,1641950.0,1.0064549171977295
4746.0,1642040.0,1.0064152918799028
4747.0,1641820.0,1.0061860167869447
4748.0,1641320.0,1.0057855299657117
4749.0,1639670.0,1.0046808020348377
4750.0,1637930.0,1.0035214671647177
4751.0,1636920.0,1.0028098889628387
4752.0,1637890.0,1.0033116480246766
4753.0,1640810.0,1.0050080353240518
4754.0,1642770.0,1.006116491575906
4755.0,1642840.0,1.006067652680059
4756.0,1642410.0,1.0057129884806069
4757.0,1642470.0,1.005658744635567
4758.0,1642960.0,1.0058681069737374
4759.0,1642580.0,1.005545179080134
4760.0,1640170.0,1.0039800465087465
4761.0,1637190.0,1.0020666569269299
4762.0,1636860.0,1.001775776942615
4763.0,1639320.0,1.003192649463032
4764.0,1641680.0,1.0045484255227837
4765.0,1642580.0,1.0050110091041224
4766.0,1642950.0,1.0051496066942365
4767.0,1643240.0,1.0052395885498309
4768.0,1643470.0,1.0052932023953418
4769.0,1643400.0,1.005163666099759
4770.0,1641510.0,1.0039214202441444
4771.0,1638210.0,1.0018174794593653
4772.0,1636070.0,1.000423566608219
4773.0,1637020.0,1.0009195555982735
4774.0,1640640.0,1.0030481891924803
4775.0,1643440.0,1.0046755337653832
4776.0,1643600.0,1.0046892008312633
4777.0,1643360.0,1.0044587355135453
4778.0,1643150.0,1.0042470036741709
4779.0,1641190.0,1.002966205620004
4780.0,1638640.0,1.0013254485788268
4781.0,1638870.0,1.0013839614922966
4782.0,1640120.0,1.0020660187927504
4783.0,1639160.0,1.0013981931951625
4784.0,1638750.0,1.0010668210946807
4785.0,1641540.0,1.0026905028656485
4786.0,1644350.0,1.0043265078964314
4787.0,1643320.0,1.003617435741512
4788.0,1639540.0,1.0012294852999175
4789.0,1637800.0,1.0000879667638964
4790.0,1640200.0,1.0014748048117468
4791.0,1642800.0,1.0029839056689116
4792.0,1642560.0,1.0027593670268387
4793.0,1640380.0,1.001350988918074
4794.0,1638450.0,1.000095802987827
4795.0,1638060.0,0.9997811181388191
4796.0,1638190.0,0.9997842148893334
4797.0,1638600.0,0.9999585612711931
4798.0,1639260.0,1.0002858134849741
4799.0,1640360.0,1.0008818688087882
4800.0,1641910.0,1.001752769664104
4801.0,1642810.0,1.0022273807566007
4802.0,1642180.0,1.0017689711456592
4803.0,1639340.0,0.9999629626551246
4804.0,1635360.0,0.9974622813973666
4805.0,1634810.0,0.9970542753450935
4806.0,1636360.0,0.9979273934579539
4807.0,1637030.0,0.9982641499074718
4808.0,1639400.0,0.9996378385591143
4809.0,1642050.0,1.0011824443396387
4810.0,1642550.0,1.0014164312377216
4811.0,1640860.0,1.000315693742363
4812.0,1638690.0,0.9989229059300675
4813.0,1636500.0,0.9975185187572888
4814.0,1632000.0,0.9947067752191763
4815.0,1631000.0,0.9940289264694948
4816.0,1636380.0,0.9972396569791939
4817.0,1639500.0,0.9990731590235215
4818.0,1638960.0,0.9986766444834677
4819.0,1638310.0,0.998213559097234
4820.0,1639410.0,0.9988171265142647
4821.0,1639050.0,0.9985315565860774
4822.0,1635460.0,0.9962787872423148
4823.0,1632570.0,0.994453097950439
4824.0,1631670.0,0.9938401319784363
4825.0,1633230.0,0.9947259055208864
4826.0,1634830.0,0.9956363100564137
4827.0,1635060.0,0.9957126837234637
4828.0,1635670.0,0.9960208256432249
4829.0,1637120.0,0.9968407838483927
4830.0,1637530.0,0.9970278022986475
4831.0,1634990.0,0.995419147301766
4832.0,1631720.0,0.9933666543567766
4833.0,1630060.0,0.9922948711375353
4834.0,1629850.0,0.9921062197197221
4835.0,1630620.0,0.9925144595087027
4836.0,1633290.0,0.9940794255226794
4837.0,1635970.0,0.9956506545298688
4838.0,1634550.0,0.9947269507822436
4839.0,1629240.0,0.9914365498721693
4840.0,1626990.0,0.9900088814412842
4841.0,1627920.0,0.9905166268458943
4842.0,1627090.0,0.9899538500924742
4843.0,1626760.0,0.9896956854073478
4844.0,1630130.0,0.9916887963255642
4845.0,1631290.0,0.992337654412553
4846.0,1628090.0,0.9903346874773138
4847.0,1628090.0,0.9902786816576787
4848.0,1631020.0,0.9920050878367235
4849.0,1632400.0,0.9927889704077881
4850.0,1630990.0,0.9918763881749634
4851.0,1624740.0,0.9880209950334582
4852.0,1618520.0,0.9841846066904972
4853.0,1617750.0,0.9836628116798063
4854.0,1618310.0,0.9839500615213452
4855.0,1613690.0,0.981088285652231
4856.0,1600520.0,0.9730292106560414
4857.0,1578540.0,0.9596156025290343
4858.0,1539600.0,0.9358940665608663
4859.0,1451660.0,0.8823907133503363
4860.0,1278600.0,0.7771557953580588
4861.0,1114090.0,0.6771286358292319
4862.0,1155990.0,0.702558736905144
4863.0,1348820.0,0.8197102352250637
4864.0,1497820.0,0.9102148707573425
4865.0,1567000.0,0.9522070189658532
4866.0,1594310.0,0.9687536960842397
4867.0,1606170.0,0.9759115805086366
4868.0,1616180.0,0.9819450544822
4869.0,1624790.0,0.9871276828351365
4870.0,1628130.0,0.9891085228891735
4871.0,1628140.0,0.9890665603815718
4872.0,1630730.0,0.9905921366678164
4873.0,1635810.0,0.9936303564204262
4874.0,1637220.0,0.9944394492272974
4875.0,1635120.0,0.9931169113471345
4876.0,1635970.0,0.9935864448705496
4877.0,1637870.0,0.9946939078108994
4878.0,1636850.0,0.9940283035469417
4879.0,1637320.0,0.9942678635082641
4880.0,1640020.0,0.995861807799055
4881.0,1639540.0,0.9955250101049824
4882.0,1638520.0,0.9948606617471055
4883.0,1639880.0,0.9956416624923388
4884.0,1639780.0,0.9955364914683694
4885.0,1639420.0,0.9952737723749329
4886.0,1639020.0,0.994987077974401
4887.0,1638850.0,0.9948403091444108
4888.0,1640940.0,0.9960656743890693
4889.0,1643370.0,0.9974975867028549
4890.0,1644110.0,0.9979038963452674
4891.0,1644280.0,0.9979644968353106
4892.0,1646240.0,0.9991117272370988
4893.0,1648250.0,1.0002894779524751
4894.0,1648460.0,1.0003750639365743
4895.0,1648230.0,1.0001939082372915
4896.0,1648350.0,1.0002254174827743
4897.0,1647860.0,0.9998870557160082
4898.0,1647160.0,0.9994215682817444
4899.0,1647560.0,0.9996237847538441
4900.0,1647820.0,0.9997413077932175
4901.0,1646850.0,0.9991128635841465
4902.0,1646020.0,0.9985696596013007
4903.0,1645790.0,0.9983907348405209
4904.0,1645600.0,0.998236343145069
4905.0,1645320.0,0.9980276239162892
4906.0,1644610.0,0.997558351583584
4907.0,1643060.0,0.9965798746886355
4908.0,1641440.0,0.9955592679797148
4909.0,1639850.0,0.9945571844125163
4910.0,1637970.0,0.9933795503697284
4911.0,1636810.0,0.9926388961353565
4912.0,1637910.0,0.9932690657433096
4913.0,1640240.0,0.9946453120605012
4914.0,1644090.0,0.9969434033314405
4915.0,1648430.0,0.9995386907740398
4916.0,1650280.0,1.0006242620448973
4917.0,1650060.0,1.0004549333734742
4918.0,1649590.0,1.000134292090978
4919.0,1648620.0,0.9995107859773146
4920.0,1647770.0,0.9989603212806256
4921.0,1648210.0,0.9991921770675738
4922.0,1649300.0,0.9998182982724465
4923.0,1649220.0,0.9997353840063204
4924.0,1648880.0,0.9994951181835753
4925.0,1649480.0,0.9998248909916655
4926.0,1649610.0,0.9998700078953281
4927.0,1648400.0,0.9991031861216596
4928.0,1648020.0,0.9988397099826107
4929.0,1648890.0,0.9993340759731356
4930.0,1648090.0,0.9988165580292167
4931.0,1646480.0,0.9978084363761502
4932.0,1646410.0,0.9977338711075712
4933.0,1645650.0,0.9972414220298236
4934.0,1644290.0,0.9963856655291368
4935.0,1643260.0,0.9957301668609418
4936.0,1640950.0,0.9942993604041271
4937.0,1638290.0,0.9926568140114947
4938.0,1635260.0,0.990790427980305
4939.0,1633470.0,0.9896756770789892
4940.0,1635890.0,0.9911118802012486
4941.0,1641100.0,0.9942385182609016
4942.0,1647620.0,0.9981588292835623
4943.0,1652560.0,1.0011219807741236
4944.0,1654360.0,1.0021830379880408
4945.0,1654550.0,1.0022689895249772
4946.0,1654430.0,1.0021673923221337
4947.0,1654410.0,1.0021266116652334
4948.0,1654260.0,1.0020073278633486
4949.0,1654140.0,1.0019064585403084
4950.0,1654290.0,1.0019693647472594
4951.0,1654430.0,1.002026446906554
4952.0,1654670.0,1.002144326227635
4953.0,1654910.0,1.0022624344573159
4954.0,1654860.0,1.0022051434393955
4955.0,1654250.0,1.0018089557265863
4956.0,1652550.0,1.000752939874085
4957.0,1650530.0,0.9995034323391082
4958.0,1650950.0,0.9997317634185573
4959.0,1653320.0,1.001141106018752
4960.0,1654600.0,1.0018905937506308
4961.0,1654820.0,1.0019984424174437
4962.0,1655000.0,1.002082297992055
4963.0,1655050.0,1.0020876694128509
4964.0,1654720.0,1.0018631976964996
4965.0,1654190.0,1.0015178790386656
4966.0,1654280.0,1.0015481729922544
4967.0,1654820.0,1.0018511316054297
4968.0,1655130.0,1.0020150633986913
4969.0,1655120.0,1.0019854933041152
4970.0,1654900.0,1.00182902539425
4971.0,1654930.0,1.0018241324382935
4972.0,1655170.0,1.0019465898468078
4973.0,1655200.0,1.0019421500379673
4974.0,1654900.0,1.0017381832443293
4975.0,1654540.0,1.0014981341423856
4976.0,1654560.0,1.0014883321067551
4977.0,1655020.0,1.001745078246672
4978.0,1655180.0,1.0018204598692313
4979.0,1654980.0,1.001678173248277
4980.0,1655010.0,1.0016753223077486
4981.0,1654960.0,1.0016242779368287
4982.0,1654640.0,1.001410052205834
4983.0,1654450.0,1.0012747350264986
4984.0,1654680.0,1.0013938258810917
4985.0,1655150.0,1.0016583773250534
4986.0,1655250.0,1.0016992298938092
4987.0,1654780.0,1.001395365776972
4988.0,1654310.0,1.0010917351562225
4989.0,1654620.0,1.0012603389043533
4990.0,1654990.0,1.0014654643938408
4991.0,1654790.0,1.001325891584509
4992.0,1654730.0,1.001271257645586
4993.0,1655050.0,1.0014467780226486
4994.0,1655290.0,1.001574105604074
4995.0,1655360.0,1.0015987869164427
4996.0,1655260.0,1.0015208270320894
4997.0,1655130.0,1.001424936918368
4998.0,1655160.0,1.00142607329098
4999.0,1655000.0,1.001312472902957
5000.0,1654660.0,1.0010901912025192
5001.0,1654360.0,1.0008923336685718
5002.0,1654340.0,1.0008640969150047
5003.0,1654600.0,1.0010054723422692
5004.0,1654850.0,1.0011410091484754
5005.0,1654500.0,1.0009137782590662
5006.0,1654130.0,1.0006746700523308
5007.0,1654450.0,1.0008531963241043
5008.0,1654850.0,1.0010803262680887
5009.0,1654750.0,1.0010051990428224
5010.0,1654610.0,1.0009060905144609
5011.0,1654600.0,1.000885836158721
5012.0,1654500.0,1.000811353655918
5013.0,1654410.0,1.0007431342831317
5014.0,1654410.0,1.0007295682471016
5015.0,1654740.0,1.0009158236598128
5016.0,1654880.0,1.0009873598328831
5017.0,1654440.0,1.0007082846807132
5018.0,1654030.0,1.0004475725189443
5019.0,1654300.0,1.0005983726484744
5020.0,1654580.0,1.000755426851572
5021.0,1654390.0,1.000628415142262
5022.0,1654220.0,1.0005137116419895
5023.0,1654490.0,1.0006653390251623
5024.0,1654720.0,1.0007929783722407
5025.0,1654690.0,1.0007635732715385
5026.0,1654660.0,1.000734376001691
5027.0,1654780.0,1.0007961048155585
5028.0,1654910.0,1.0008640865735838
5029.0,1654830.0,1.0008052695159353
5030.0,1654530.0,1.0006136094740579
5031.0,1654600.0,1.0006459220010482
5032.0,1654760.0,1.0007328671751154
5033.0,1654460.0,1.0005418281901366
5034.0,1654200.0,1.0003751868787782
5035.0,1654540.0,1.000571598193062
5036.0,1654820.0,1.0007319250221216
5037.0,1654500.0,1.0005296126111045
5038.0,1654280.0,1.0003879790082544
5039.0,1654550.0,1.0005428637857674
5040.0,1654290.0,1.000377447760135
5041.0,1653620.0,0.9999643037920573
5042.0,1653780.0,1.0000532745677988
5043.0,1654380.0,1.0004085138790324
5044.0,1654430.0,1.000431363976164
5045.0,1654070.0,1.0002064890411264
5046.0,1653990.0,1.000151129965258
5047.0,1654210.0,1.0002773765047472
5048.0,1654150.0,1.0002345091799891
5049.0,1653780.0,1.0000043905892317
5050.0,1653750.0,0.9999800620773394
5051.0,1653920.0,1.0000768655430687
5052.0,1653680.0,0.999925951536328
5053.0,1653630.0,0.9998901221486585
5054.0,1654060.0,1.00014472659151
5055.0,1653750.0,0.9999520779766178
5056.0,1652880.0,0.9994210205731909
5057.0,1652970.0,0.9994706289099308
5058.0,1653320.0,0.9996776402277452
5059.0,1653020.0,0.9994918242890051
5060.0,1653070.0,0.999517829200324
5061.0,1653500.0,0.999773791140824
5062.0,1653370.0,0.999691346800476
5063.0,1653090.0,0.9995184005832292
5064.0,1653300.0,0.9996419189672521
5065.0,1653700.0,0.9998805088696147
5066.0,1653600.0,0.9998169738880942
5067.0,1653080.0,0.9994996866939779
5068.0,1653060.0,0.9994849058715204
5069.0,1653080.0,0.9994945008149325
5070.0,1652970.0,0.9994256848543597
5071.0,1653440.0,0.9997077403987614
5072.0,1653620.0,0.9998146440661606
5073.0,1653060.0,0.9994743172331141
5074.0,1652780.0,0.9993034738360098
5075.0,1652870.0,0.9993565283189779
5076.0,1652790.0,0.999306985569442
5077.0,1652830.0,0.9993301846619786
5078.0,1653110.0,0.9994986790776235
5079.0,1652850.0,0.9993408670873867
5080.0,1652320.0,0.9990199952903791
5081.0,1652500.0,0.9991285874028764
5082.0,1652390.0,0.9990620264414306
5083.0,1652010.0,0.998832404349496
5084.0,1652310.0,0.9990141063584549
5085.0,1652410.0,0.9990750696815202
5086.0,1652070.0,0.998870185630314
5087.0,1652230.0,0.9989677939718388
5088.0,1652440.0,0.9990958168423264
5089.0,1651900.0,0.9987705586226556
5090.0,1651680.0,0.9986389606045482
5091.0,1651940.0,0.9987977625390739
5092.0,1652050.0,0.9988660535668429
5093.0,1652210.0,0.9989647575358577
5094.0,1651960.0,0.9988157469612313
5095.0,1651240.0,0.9983827422258705
5096.0,1651160.0,0.99833687735023
5097.0,1651390.0,0.9984786272092634
5098.0,1651510.0,0.9985540480213675
5099.0,1651810.0,0.9987384823881157
5100.0,1651540.0,0.9985784549762645
5101.0,1651100.0,0.9983158167071889
5102.0,1651420.0,0.9985128802533202
5103.0,1651720.0,0.9986980301202711
5104.0,1651810.0,0.9987563836077258
5105.0,1651880.0,0.9988028216331464
5106.0,1651550.0,0.9986075771879671
5107.0,1651010.0,0.9982855304473179
5108.0,1650380.0,0.9979092376708188
5109.0,1650230.0,0.9978233520974708
5110.0,1650690.0,0.9981064833291852
5111.0,1650970.0,0.9982809526727768
5112.0,1651260.0,0.9984616447969185
5113.0,1651460.0,0.9985880925335997
5114.0,1651420.0,0.998569593677944
5115.0,1651300.0,0.9985028936644177
5116.0,1650700.0,0.9981461190291995
5117.0,1650190.0,0.9978439339861364
5118.0,1650390.0,0.9979712456624518
5119.0,1650730.0,0.9981833874824945
5120.0,1650820.0,0.998244529343193
5121.0,1650640.0,0.99814257384382
5122.0,1650540.0,0.9980891637957425
5123.0,1650450.0,0.9980419701957517
5124.0,1650300.0,0.9979586628349923
5125.0,1649920.0,0.9977364384198772
5126.0,1649020.0,0.9971999237008824
5127.0,1647780.0,0.99645796167865
5128.0,1646880.0,0.9959217647800629
5129.0,1647160.0,0.9960993168005834
5130.0,1648830.0,0.9971176310713916
5131.0,1650580.0,0.9981845094573164
5132.0,1651260.0,0.9986044873861792
5133.0,1651230.0,0.9985952607226758
5134.0,1651020.0,0.9984773424720432
5135.0,1651010.0,0.9984805416551045
5136.0,1651050.0,0.998514144977648
5137.0,1650820.0,0.9983846230098122
5138.0,1650090.0,0.9979528696227936
5139.0,1649290.0,0.9974789363420218
5140.0,1649320.0,0.9975071404319619
5141.0,1649840.0,0.997831862944965
5142.0,1650140.0,0.998023696596139
5143.0,1650320.0,0.9981431187447248
5144.0,1650460.0,0.9982385127291922
5145.0,1650420.0,0.9982252011039814
5146.0,1650350.0,0.9981939055872582
5147.0,1650250.0,0.9981446251909005
5148.0,1650070.0,0.9980471163403873
5149.0,1649940.0,0.9979800085525551
5150.0,1649740.0,0.9978707186187664
5151.0,1649440.0,0.9977010984503831
5152.0,1649090.0,0.9975013894372088
5153.0,1648750.0,0.9973078832583447
5154.0,1648820.0,0.9973625375665719
5155.0,1649210.0,0.9976109199957974
5156.0,1649420.0,0.9977505825760552
5157.0,1649390.0,0.997745225805048
5158.0,1649170.0,0.9976250900051159
5159.0,1648910.0,0.9974809103013341
5160.0,1648460.0,0.9972219440704084
5161.0,1647530.0,0.9966727508301261
5162.0,1645950.0,0.9957304753943264
5163.0,1643270.0,0.9941228660998376
5164.0,1639930.0,0.9921160832073433
5165.0,1639340.0,0.9917731013393313
5166.0,1639860.0,0.9921018036854746
5167.0,1637070.0,0.9904281166156691
5168.0,1639680.0,0.9920215832676506
5169.0,1647240.0,0.9966100882676606
5170.0,1650030.0,0.9983129016711931
5171.0,1643720.0,0.9945100887179951
5172.0,1629400.0,0.9858608991294845
5173.0,1626060.0,0.9838550954241352
5174.0,1639840.0,0.9922080738275028
5175.0,1650260.0,0.9985284147252805
5176.0,1652740.0,1.0000447457118333
5177.0,1652970.0,1.0001998166801864
5178.0,1653000.0,1.0002340220106418
5179.0,1652970.0,1.0002320712096533
5180.0,1652640.0,1.0000487328752032
5181.0,1650320.0,0.9986613246926609
5182.0,1639340.0,0.9920334889249083
5183.0,1618840.0,0.9796445296957246
5184.0,1615800.0,0.9778214328851591
5185.0,1635640.0,0.9898447706882966
5186.0,1649250.0,0.9980983752753452
5187.0,1652280.0,0.9999494623342924
5188.0,1652480.0,1.0000880318757963
5189.0,1652410.0,1.0000633439634918
5190.0,1652300.0,1.000014591486761
5191.0,1651980.0,0.9998388825259868
5192.0,1651670.0,0.9996693642649852
5193.0,1651760.0,0.999742087477367
5194.0,1651890.0,0.9998391679485548
5195.0,1651880.0,0.9998516560994906
5196.0,1652030.0,0.99996113455994
5197.0,1652060.0,0.9999981233856456
5198.0,1651850.0,0.9998899802914033
5199.0,1651890.0,0.9999333067307772
5200.0,1652120.0,1.0000917907233822
5201.0,1652150.0,1.0001293520298535
5202.0,1651970.0,1.000039929631112
5203.0,1651620.0,0.9998477306264965
5204.0,1650930.0,0.9994498328775231
5205.0,1650230.0,0.9990460049608987
5206.0,1650020.0,0.9989389510795119
5207.0,1650050.0,0.9989773330934779
5208.0,1649610.0,0.9987313007652374
5209.0,1649850.0,0.9988971005329425
5210.0,1650870.0,0.9995353034123412
5211.0,1651450.0,0.9999072623354814
5212.0,1651620.0,1.000031125018714
5213.0,1651640.0,1.0000643049711164
5214.0,1651500.0,1.000000740991206
5215.0,1651120.0,0.9997919846398926
5216.0,1650700.0,0.999559133462483
5217.0,1650760.0,0.9996170712309639
5218.0,1651140.0,0.9998689264030747
5219.0,1651320.0,0.9999998118203287
5220.0,1651300.0,1.0000097195180697
5221.0,1651300.0,1.0000318752537591
5222.0,1651310.0,1.0000602251230213
5223.0,1651260.0,1.000052376896388
5224.0,1651110.0,0.9999841038283322
5225.0,1650570.0,0.9996797626177143
5226.0,1649010.0,0.998757765665229
5227.0,1647550.0,0.9978964389322594
5228.0,1648440.0,0.9984586106204331
5229.0,1650050.0,0.999457068748942
5230.0,1650590.0,0.9998075936358352
5231.0,1650460.0,0.9997524379770156
5232.0,1649840.0,0.9994006105594435
5233.0,1649410.0,0.9991640155004758
5234.0,1649860.0,0.9994606541280037
5235.0,1650350.0,0.9997816946685081
5236.0,1650400.0,0.9998363494916166
5237.0,1650290.0,0.9997942328203209
5238.0,1650220.0,0.9997765078241062
5239.0,1650240.0,0.9998134707083083
5240.0,1650280.0,0.999862715782656
5241.0,1650260.0,0.9998757742412028
5242.0,1650210.0,0.9998708219485707
5243.0,1650130.0,0.9998478589685078
5244.0,1650070.0,0.9998371821577307
5245.0,1650050.0,0.9998509129310855
5246.0,1649990.0,0.9998405772119581
5247.0,1649890.0,0.9998061745517449
5248.0,1649880.0,0.9998264844140027
5249.0,1649850.0,0.9998348508577729
5250.0,1649730.0,0.9997888521456348
5251.0,1649660.0,0.9997733320653578
5252.0,1649680.0,0.9998125370864199
5253.0,1649660.0,0.9998276825759513
5254.0,1649570.0,0.9998005850787738
5255.0,1649450.0,0.9997554871146653
5256.0,1649360.0,0.9997287564812772
5257.0,1649290.0,0.9997143346502001
5258.0,1649230.0,0.9997061624300317
5259.0,1649170.0,0.9996981799550225
5260.0,1649100.0,0.9996843266735362
5261.0,1648970.0,0.9996342926406652
5262.0,1648840.0,0.9995844502367455
5263.0,1648730.0,0.9995469259383618
5264.0,1648590.0,0.9994914087150284
5265.0,1648370.0,0.9993875839650325
5266.0,1648090.0,0.9992475749049033
5267.0,1647530.0,0.998937988239149
5268.0,1644330.0,0.997027840691399
5269.0,1637750.0,0.9930682802070568
5270.0,1636310.0,0.9922254755894243
5271.0,1642340.0,0.9959126224830656
5272.0,1647020.0,0.9987815420170183
5273.0,1648210.0,0.9995343875996826
5274.0,1648300.0,0.9996203912566237
5275.0,1648250.0,0.999621707170833
5276.0,1648200.0,0.9996232378833539
5277.0,1648150.0,0.9996249848525477
5278.0,1648080.0,0.9996148188783163
5279.0,1648030.0,0.9996170023433181
5280.0,1647940.0,0.9995951435388535
5281.0,1647750.0,0.9995128459735159
5282.0,1647530.0,0.9994125679380157
5283.0,1647360.0,0.9993428396464191
5284.0,1647360.0,0.9993764639534041
5285.0,1647480.0,0.9994831190564805
5286.0,1647520.0,0.9995414749694561
5287.0,1647460.0,0.9995393939191675
5288.0,1647380.0,0.9995254100272997
5289.0,1647340.0,0.9995359289378822
5290.0,1647350.0,0.9995770224420752
5291.0,1647320.0,0.9995940832039187
5292.0,1647260.0,0.999593178346731
5293.0,1647160.0,0.9995682389586006
5294.0,1647060.0,0.9995435384921096
5295.0,1646940.0,0.999506940647145
5296.0,1646730.0,0.9994159618809906
5297.0,1646560.0,0.9993494987351773
5298.0,1646540.0,0.9993743202589963
5299.0,1646590.0,0.9994418798957218
5300.0,1646630.0,0.9995036239458296
5301.0,1646560.0,0.9994988509965531
5302.0,1646490.0,0.9994943299552771
5303.0,1646490.0,0.999532557094812
5304.0,1646470.0,0.9995589000437953
5305.0,1646370.0,0.9995369296691253
5306.0,1646240.0,0.9994969960009941
5307.0,1646110.0,0.9994573105006758
5308.0,1646010.0,0.9994360874812614
5309.0,1645980.0,0.9994576162665348
5310.0,1645930.0,0.9994672494711102
5311.0,1645850.0,0.9994589117734514
5312.0,1645740.0,0.9994325996962076
5313.0,1645590.0,0.9993822366413747
5314.0,1645550.0,0.9993989184724944
5315.0,1645590.0,0.9994644313683639
5316.0,1645540.0,0.9994755247491726
5317.0,1645460.0,0.9994686351411198
5318.0,1645410.0,0.9994802051087031
5319.0,1645340.0,0.9994798626339396
5320.0,1645250.0,0.9994676049075372
5321.0,1645190.0,0.9994738047375541
5322.0,1645090.0,0.9994559354773423
5323.0,1644750.0,0.99929247972178
5324.0,1644270.0,0.9990441763465598
5325.0,1644080.0,0.9989722884984917
5326.0,1643140.0,0.9984448876853191
5327.0,1639520.0,0.9962891069105855
5328.0,1636290.0,0.9943703614234367
5329.0,1638730.0,0.9958974690335165
5330.0,1642640.0,0.9983183296976129
5331.0,1643990.0,0.99918371156728
5332.0,1644080.0,0.9992835534005129
5333.0,1644020.0,0.9992924467517327
5334.0,1644050.0,0.9993562649274123
5335.0,1644090.0,0.999426382958836
5336.0,1644080.0,0.999466325357506
5337.0,1643950.0,0.999433530428517
5338.0,1643730.0,0.9993462259942028
5339.0,1643420.0,0.9992044030970663
5340.0,1643060.0,0.9990323739731646
5341.0,1643020.0,0.9990551152475883
5342.0,1643310.0,0.9992787340504209
5343.0,1643480.0,0.9994296046795226
5344.0,1643430.0,0.9994469008603368
5345.0,1643300.0,0.9994157468243171
5346.0,1643100.0,0.999342216336137
5347.0,1642910.0,0.9992749607095837
5348.0,1642790.0,0.9992504753690057
5349.0,1642680.0,0.9992322675906565
5350.0,1642610.0,0.9992385866903446
5351.0,1642650.0,0.9993120197216312
5352.0,1642580.0,0.9993187309267203
5353.0,1642480.0,0.9993073822302798
5354.0,1642500.0,0.9993692362366173
5355.0,1642510.0,0.9994252009323028
5356.0,1642490.0,0.999463104067589
5357.0,1642430.0,0.9994768562915298
5358.0,1642210.0,0.9993934247262332
5359.0,1641830.0,0.9992127933043279
5360.0,1641570.0,0.9991053616706549
5361.0,1641570.0,0.9991563518907838
5362.0,1641640.0,0.9992501358131894
5363.0,1641640.0,0.9993014977567154
5364.0,1641440.0,0.9992312920321622
5365.0,1641130.0,0.9990942890794673
5366.0,1641120.0,0.9991400917048436
5367.0,1641270.0,0.9992834884337872
5368.0,1641270.0,0.9993357406353898
5369.0,1640840.0,0.9991263375159541
5370.0,1639190.0,0.9981741710793545
5371.0,1636600.0,0.996649635441426
5372.0,1636580.0,0.9966902558095903
5373.0,1639110.0,0.9982840988648279
5374.0,1640600.0,0.9992448403924098
5375.0,1640900.0,0.9994810124904436
5376.0,1640750.0,0.9994432598719477
5377.0,1640310.0,0.9992290044601925
5378.0,1640050.0,0.9991245420968469
5379.0,1640080.0,0.9991969052416052
5380.0,1640040.0,0.9992267842271672
5381.0,1640030.0,0.9992751011370641
5382.0,1639990.0,0.9993052975285366
5383.0,1639890.0,0.9992990880545751
5384.0,1639930.0,0.9993783460362767
5385.0,1640040.0,0.9995004237241921
5386.0,1639930.0,0.9994885805648485
5387.0,1639650.0,0.9993732682600038
5388.0,1639410.0,0.9992824712149033
5389.0,1639110.0,0.9991552349885364
5390.0,1638970.0,0.999125665416441
5391.0,1639170.0,0.9993035127282015
5392.0,1639290.0,0.9994327473768648
5393.0,1639220.0,0.9994462919978566
5394.0,1639020.0,0.9993807103358999
5395.0,1638400.0,0.9990591522485506
5396.0,1637170.0,0.9983657086219193
5397.0,1636190.0,0.9978247826422877
5398.0,1636820.0,0.9982658372934359
5399.0,1637900.0,0.9989815365916084
5400.0,1638310.0,0.9992887814627034
5401.0,1638330.0,0.9993582966670265
5402.0,1638170.0,0.99931814443304
5403.0,1637890.0,0.9992049078950485
5404.0,1637140.0,0.9988050410789221
5405.0,1635740.0,0.9980086700610397
5406.0,1635160.0,0.9977126626829992
5407.0,1636330.0,0.9984845883416309
5408.0,1637300.0,0.999134677678642
5409.0,1637340.0,0.9992174121523721
5410.0,1637120.0,0.999141595094852
5411.0,1636990.0,0.9991208164203231
5412.0,1636870.0,0.9991062544093946
5413.0,1636780.0,0.999110117085457
5414.0,1636760.0,0.9991568243152427
5415.0,1636820.0,0.9992524872279372
5416.0,1636970.0,0.9994032184280974
5417.0,1637060.0,0.9995174429798663
5418.0,1636920.0,0.9994913523631543
5419.0,1636590.0,0.9993493454084209
5420.0,1636440.0,0.9993173462715537
5421.0,1636540.0,0.9994381224529725
5422.0,1636490.0,0.9994674046778647
5423.0,1635970.0,0.9992097271885463
5424.0,1635480.0,0.9989704428685402
5425.0,1635570.0,0.9990855203416291
5426.0,1635680.0,0.9992129265077351
5427.0,1635460.0,0.9991388395511378
5428.0,1634680.0,0.9987227010482237
5429.0,1633120.0,0.9978300283752599
5430.0,1632580.0,0.9975605931705047
5431.0,1633850.0,0.9983972530241789
5432.0,1634610.0,0.9989224390361118
5433.0,1633910.0,0.9985555056785188
5434.0,1632820.0,0.9979502532377158
5435.0,1632840.0,0.9980234657002698
5436.0,1633800.0,0.9986713525191283
5437.0,1634370.0,0.9990809967039028
5438.0,1634460.0,0.9991973333810618
5439.0,1634420.0,0.9992342865346511
5440.0,1634310.0,0.9992285246459275
5441.0,1634270.0,0.9992656407684484
5442.0,1634310.0,0.9993517563524859
5443.0,1634200.0,0.9993462295443328
5444.0,1633890.0,0.9992184641484427
5445.0,1633120.0,0.9988094212198185
5446.0,1631650.0,0.9979722549893558
5447.0,1630950.0,0.9976060417980166
5448.0,1632220.0,0.9984449197046147
5449.0,1633580.0,0.9993390263651096
5450.0,1633850.0,0.9995664635462403
5451.0,1633480.0,0.9994024262264448
5452.0,1633260.0,0.9993302110301181
5453.0,1633330.0,0.9994354999072033
5454.0,1632890.0,0.9992287737964153
5455.0,1631720.0,0.998575337815256
5456.0,1631270.0,0.9983625290867154
5457.0,1632000.0,0.9988719739315964
5458.0,1632570.0,0.9992836033487869
5459.0,1632720.0,0.9994382436490258
5460.0,1632750.0,0.999519495879405
5461.0,1632540.0,0.9994538799400284
5462.0,1632190.0,0.999302591408483
5463.0,1632080.0,0.999298281091525
5464.0,1632060.0,0.999349126930498
5465.0,1631890.0,0.9993081710793635
5466.0,1631800.0,0.9993162470900147
5467.0,1631830.0,0.999397860551989
5468.0,1631840.0,0.9994672771053538
5469.0,1631770.0,0.999487742077593
5470.0,1631830.0,0.9995878816923991
5471.0,1631930.0,0.999712576236076
5472.0,1631690.0,0.999629028106032
5473.0,1631320.0,0.9994658576549516
5474.0,1631100.0,0.9993946079117484
5475.0,1630890.0,0.9993295107792447
5476.0,1630520.0,0.9991663928056008
5477.0,1630250.0,0.9990645704937429
5478.0,1630390.0,0.9992140443470202
5479.0,1630710.0,0.9994738934598175
5480.0,1630920.0,0.9996663842314777
5481.0,1630790.0,0.9996505168211511
5482.0,1630360.0,0.9994507719870813
5483.0,1630050.0,0.99932460093952
5484.0,1630030.0,0.9993762449652586
5485.0,1630120.0,0.9994953722723419
5486.0,1629970.0,0.9994673820003787
5487.0,1629520.0,0.9992554523304392
5488.0,1629270.0,0.9991661775972484
5489.0,1629280.0,0.9992363790225275
5490.0,1629160.0,0.9992268848817818
5491.0,1628950.0,0.9991622146420562
5492.0,1628720.0,0.9990852965792483
5493.0,1628520.0,0.9990268008555124
5494.0,1628580.0,0.9991278348551378
5495.0,1628680.0,0.9992534511688742
5496.0,1628300.0,0.999084595100331
5497.0,1627710.0,0.9987868854540591
5498.0,1627670.0,0.9988266742598038
5499.0,1627990.0,0.9990874245989627
5500.0,1627940.0,0.9991211535152814
5501.0,1627490.0,0.9989094035921392
5502.0,1627420.0,0.9989309008186628
5503.0,1627630.0,0.9991243048182535
5504.0,1627720.0,0.9992440918368051
5505.0,1627630.0,0.9992534114080958
5506.0,1627310.0,0.9991215432376226
5507.0,1627210.0,0.9991247645438973
5508.0,1627210.0,0.9991894151433197
5509.0,1626910.0,0.9990698704760166
5510.0,1626520.0,0.9988950617871187
5511.0,1626470.0,0.9989290711087122
5512.0,1626730.0,0.9991535124234387
5513.0,1626860.0,0.9992981526250646
5514.0,1626720.0,0.9992769753562176
5515.0,1626580.0,0.999255816950061
5516.0,1626740.0,0.9994189878595031
5517.0,1626820.0,0.9995330482148032
5518.0,1626620.0,0.9994750983298225
5519.0,1626370.0,0.9993864368207521
5520.0,1626290.0,0.999402253742093
5521.0,1626320.0,0.9994856950252308
5522.0,1626250.0,0.9995077056885937
5523.0,1625950.0,0.999388369069055
5524.0,1625620.0,0.9992505950241188
5525.0,1625610.0,0.9993095347620254
5526.0,1625620.0,0.9993807957090882
5527.0,1625220.0,0.9992000120574532
5528.0,1624850.0,0.9990376678263021
5529.0,1625060.0,0.9992319553960313
5530.0,1625330.0,0.9994631809658908
5531.0,1625210.0,0.999454615177276
5532.0,1624990.0,0.9993845635643553
5533.0,1624980.0,0.999443679212658
5534.0,1624970.0,0.9995028182138596
5535.0,1624650.0,0.9993712898948907
5536.0,1624240.0,0.999184394044221
5537.0,1624050.0,0.9991328347765644
5538.0,1623880.0,0.9990935881469201
5539.0,1623620.0,0.9989989742296373
5540.0,1623500.0,0.9989905080563388
5541.0,1623770.0,0.9992220491400338
5542.0,1624100.0,0.9994905583612489
5543.0,1624070.0,0.9995375527263249
5544.0,1623830.0,0.9994553122824202
5545.0,1623800.0,0.9995023351316246
5546.0,1623710.0,0.9995124415929063
5547.0,1623360.0,0.9993625013699785
5548.0,1623120.0,0.9992802746323038
5549.0,1623210.0,0.9994012271388695
5550.0,1623260.0,0.9994975767029478
5551.0,1622930.0,0.9993599546195122
5552.0,1622670.0,0.9992654315084776
5553.0,1622810.0,0.9994172480112077
5554.0,1622830.0,0.9994951861931298
5555.0,1622450.0,0.9993267688638375
5556.0,1622120.0,0.9991891369589283
5557.0,1622070.0,0.9992239803171135
5558.0,1622000.0,0.9992465151370102
5559.0,1621840.0,0.9992136117626501
5560.0,1621810.0,0.9992608095819279
5561.0,1621710.0,0.9992648881228885
5562.0,1621390.0,0.9991334055210049
5563.0,1621190.0,0.9990758633886597
5564.0,1621050.0,0.9990552979165541
5565.0,1620580.0,0.9988313427468558
5566.0,1620330.0,0.9987429677596685
5567.0,1620710.0,0.9990429328341265
5568.0,1620940.0,0.9992504727382042
5569.0,1620750.0,0.9991991127849899
5570.0,1620740.0,0.9992587283734831
5571.0,1620750.0,0.9993306874524008
5572.0,1620300.0,0.9991190116922389
5573.0,1619910.0,0.9989443113441464
5574.0,1619960.0,0.9990409421186446
5575.0,1619900.0,0.9990697460317108
5576.0,1619730.0,0.9990307093619195
5577.0,1619800.0,0.9991397085536663
5578.0,1619840.0,0.999230217732833
5579.0,1619650.0,0.9991788508571003
5580.0,1619450.0,0.999121308781291
5581.0,1619200.0,0.9990329103002822
5582.0,1618930.0,0.9989321599653633
5583.0,1618740.0,0.9988807623175234
5584.0,1618330.0,0.9986935926936149
5585.0,1618000.0,0.9985557702352292
5586.0,1618220.0,0.998757386062715
5587.0,1618350.0,0.9989034761181297
5588.0,1618260.0,0.9989137831621218
5589.0,1618380.0,0.9990537263910788
5590.0,1618530.0,0.9992122067181924
5591.0,1618580.0,0.9993089656789718
5592.0,1618550.0,0.9993563395299775
5593.0,1618310.0,0.999274045783908
5594.0,1618120.0,0.9992226138549849
5595.0,1618070.0,0.9992576300611961
5596.0,1618000.0,0.9992802948426555
5597.0,1617940.0,0.9993091347243719
5598.0,1617730.0,0.9992453212309831
5599.0,1617560.0,0.9992062033412479
5600.0,1617530.0,0.999253562132822
5601.0,1617420.0,0.999251497114766
5602.0,1617300.0,0.9992432474507806
5603.0,1617150.0,0.9992164538536419
5604.0,1617110.0,0.9992576222639638
5605.0,1617110.0,0.9993235085683695
5606.0,1617020.0,0.9993337789778103
5607.0,1616880.0,0.9993131476396138
5608.0,1616690.0,0.9992616115785334
5609.0,1616570.0,0.9992533436350747
5610.0,1616470.0,0.9992574468801688
5611.0,1616360.0,0.9992553804997583
5612.0,1616200.0,0.9992224162437523
5613.0,1616040.0,0.9991894658811729
5614.0,1615760.0,0.9990823322500058
5615.0,1615290.0,0.9988577174107279
5616.0,1615060.0,0.9987815207579509
5617.0,1615280.0,0.9989836511495982
5618.0,1615390.0,0.9991178072975777
5619.0,1615270.0,0.999109754009287
5620.0,1615120.0,0.9990831824449481
5621.0,1615000.0,0.9990752094045353
5622.0,1614860.0,0.9990549085541404
5623.0,1614630.0,0.9989789712560855
5624.0,1614360.0,0.9988783268365994
5625.0,1614180.0,0.9988334157866451
5626.0,1614180.0,0.9988999468955335
5627.0,1614270.0,0.9990222473443803
5628.0,1614200.0,0.9990456037866378
5629.0,1614020.0,0.999000947156149
5630.0,1613820.0,0.9989439763593456
5631.0,1613610.0,0.9988808824030448
5632.0,1613330.0,0.9987745226005813
5633.0,1612900.0,0.9985753619269503
5634.0,1612310.0,0.998277193184328
5635.0,1612130.0,0.9982329441901602
5636.0,1612770.0,0.9986965589982965
5637.0,1613380.0,0.9991417515037445
5638.0,1613500.0,0.9992836309632628
5639.0,1613420.0,0.9993017559360066
5640.0,1613280.0,0.9992828219189461
5641.0,1613090.0,0.9992330190367413
5642.0,1612920.0,0.9991957087688195
5643.0,1612790.0,0.9991832875414051
5644.0,1612620.0,0.9991461972311425
5645.0,1612410.0,0.9990844359158252
5646.0,1612240.0,0.9990475747986631
5647.0,1612210.0,0.9990975928181312
5648.0,1612280.0,0.999209721059924
5649.0,1612290.0,0.9992848087800345
5650.0,1612200.0,0.9992980580917517
5651.0,1612080.0,0.9992928507872647
5652.0,1611940.0,0.9992753853880242
5653.0,1611800.0,0.999258061763932
5654.0,1611690.0,0.999259483302266
5655.0,1611570.0,0.999254855048399
5656.0,1611430.0,0.999237977941571
5657.0,1611280.0,0.99921505392468
5658.0,1611110.0,0.9991798830522634
5659.0,1610960.0,0.9991572748626104
5660.0,1610870.0,0.9991720458931393
5661.0,1610770.0,0.9991807853482176
5662.0,1610650.0,0.9991772915343005
5663.0,1610530.0,0.9991739730073409
5664.0,1610400.0,0.9991646285027563
5665.0,1610270.0,0.9991554647690531
5666.0,1610140.0,0.9991464849901401
5667.0,1610010.0,0.9991376923509293
5668.0,1609880.0,0.9991290900373471
5669.0,1609740.0,0.9991144739356946
5670.0,1609610.0,0.9991062570561362
5671.0,1609500.0,0.9991106478110221
5672.0,1609390.0,0.9991152323211098
5673.0,1609250.0,0.9991013845993396
5674.0,1609100.0,0.9990815179257674
5675.0,1608950.0,0.9990618398076073
5676.0,1608830.0,0.9990609792967525
5677.0,1608720.0,0.9990665193562934
5678.0,1608590.0,0.999059828509687
5679.0,1608440.0,0.9990409034734361
5680.0,1608310.0,0.9990345877657297
5681.0,1608180.0,0.9990284593054047
5682.0,1608050.0,0.9990225175709774
5683.0,1607910.0,0.9990105489411122
5684.0,1607760.0,0.9989925514912819
5685.0,1607620.0,0.9989809513628523
5686.0,1607500.0,0.9989819639445608
5687.0,1607380.0,0.9989831615836352
5688.0,1607260.0,0.9989845437626355
5689.0,1607120.0,0.9989736781149195
5690.0,1606980.0,0.998962994072199
5691.0,1606840.0,0.9989524911099026
5692.0,1606710.0,0.998948386056909
5693.0,1606580.0,0.9989444619927139
5694.0,1606450.0,0.9989407183965296
5695.0,1606310.0,0.9989309359546266
5696.0,1606170.0,0.9989213319747693
5697.0,1606050.0,0.998924345450113
5698.0,1605930.0,0.9989275382776416
5699.0,1605790.0,0.9989184684820047
5700.0,1605630.0,0.9988971326241421
5701.0,1605460.0,0.9988697489552174
5702.0,1605320.0,0.998861204250978
5703.0,1605220.0,0.9988777250760367
5704.0,1605110.0,0.9988882009270915
5705.0,1604970.0,0.9988801824778952
5706.0,1604820.0,0.9988661130944847
5707.0,1604680.0,0.998858440083644
5708.0,1604520.0,0.9988384889437126
5709.0,1604350.0,0.9988124818177841
5710.0,1604200.0,0.9987990951312508
5711.0,1604070.0,0.9987983313490203
5712.0,1603950.0,0.998803965798327
5713.0,1603850.0,0.9988222271189411
5714.0,1603730.0,0.9988282051860906
5715.0,1603590.0,0.9988218964633988
5716.0,1603470.0,0.9988282140681578
5717.0,1603340.0,0.9988284714962712
5718.0,1603200.0,0.9988226667075146
5719.0,1603050.0,0.9988107976548903
5720.0,1602900.0,0.9987990934849386
5721.0,1602750.0,0.9987875536707148
5722.0,1602610.0,0.9987824099090397
5723.0,1602480.0,0.9987836632132191
5724.0,1602350.0,0.9987850813515748
5725.0,1602210.0,0.9987804300365769
5726.0,1602070.0,0.9987759414818101
5727.0,1601940.0,0.9987778499655686
5728.0,1601790.0,0.9987674505586802
5729.0,1601640.0,0.9987572113023243
5730.0,1601480.0,0.9987408953076627
5731.0,1601290.0,0.9987060267128073
5732.0,1601090.0,0.9986650750928316
5733.0,1600930.0,0.9986492279940499
5734.0,1600810.0,0.9986584911790486
5735.0,1600720.0,0.998686631452466
5736.0,1600600.0,0.9986962159765918
5737.0,1600460.0,0.9986934795257799
5738.0,1600330.0,0.9986971401141446
5739.0,1600200.0,0.9987009577096312
5740.0,1600070.0,0.9987049317916813
5741.0,1599920.0,0.99869657750826
5742.0,1599760.0,0.998682133834327
5743.0,1599600.0,0.9986678418724514
5744.0,1599460.0,0.9986661886343443
5745.0,1599340.0,0.9986771768128859
5746.0,1599200.0,0.9986758297280653
5747.0,1599040.0,0.9986621436265473
5748.0,1598900.0,0.9986610984462059
5749.0,1598770.0,0.998666450437557
5750.0,1598630.0,0.9986657066843094
5751.0,1598490.0,0.9986651125882582
5752.0,1598340.0,0.9986584195276886
5753.0,1598200.0,0.9986581226279416
5754.0,1598030.0,0.9986392262432148
5755.0,1597890.0,0.9986392233435196
5756.0,1597760.0,0.9986456177610177
5757.0,1597600.0,0.9986334072796945
5758.0,1597420.0,0.9986088378087596
5759.0,1597280.0,0.9986094171311929
5760.0,1597150.0,0.9986163938719198
5761.0,1597010.0,0.998617263080431
5762.0,1596870.0,0.9986182761691597
5763.0,1596740.0,0.9986256867667035
5764.0,1596600.0,0.998626986598003
5765.0,1596470.0,0.9986346840034264
5766.0,1596330.0,0.9986362684815911
5767.0,1596200.0,0.9986442506028455
5768.0,1596060.0,0.9986461176315783
5769.0,1595910.0,0.9986418673611378
5770.0,1595740.0,0.9986252395090838
5771.0,1595570.0,0.9986087474332442
5772.0,1595420.0,0.9986049089947452
5773.0,1595280.0,0.9986074672884508
5774.0,1595120.0,0.9985976424969861
5775.0,1594980.0,0.9986004742772616
5776.0,1594830.0,0.9985971811128614
5777.0,1594670.0,0.9985877607704708
5778.0,1594530.0,0.9985909988230511
5779.0,1594380.0,0.9985881086400553
5780.0,1594220.0,0.998579087979393
5781.0,1594060.0,0.9985701989132715
5782.0,1593930.0,0.9985802355915504
5783.0,1593820.0,0.9986029371868973
5784.0,1593660.0,0.9985944443188083
5785.0,1593500.0,0.9985860809247304
5786.0,1593360.0,0.9985903808699778
5787.0,1593240.0,0.9986073470934165
5788.0,1593080.0,0.9985993724045399
5789.0,1592890.0,0.9985727182546862
5790.0,1592740.0,0.9985712655083337
5791.0,1592640.0,0.9986012907113793
5792.0,1592520.0,0.9986189072948486
5793.0,1592360.0,0.9986115687030758
5794.0,1592200.0,0.9986043548052892
5795.0,1592010.0,0.9985784477536491
5796.0,1591810.0,0.9985463877848821
5797.0,1591670.0,0.9985520878828985
5798.0,1591590.0,0.9985955580961255
5799.0,1591490.0,0.9986266101819735
5800.0,1591350.0,0.9986326893256414
5801.0,1591180.0,0.9986200638877963
5802.0,1591010.0,0.9986075577032081
5803.0,1590820.0,0.9985826159224233
5804.0,1590650.0,0.9985703454476579
5805.0,1590510.0,0.9985770276495703
5806.0,1590380.0,0.9985901094700047
5807.0,1590260.0,0.9986095921689206
5808.0,1590140.0,0.9986291968774856
5809.0,1590010.0,0.9986426423397327
5810.0,1589850.0,0.9986373635733024
5811.0,1589690.0,0.9986322004449738
5812.0,1589500.0,0.9986083048269551
5813.0,1589320.0,0.9985908033013726
5814.0,1589190.0,0.9986048320711968
5815.0,1589070.0,0.9986252622915808
5816.0,1588890.0,0.9986081006547394
5817.0,1588720.0,0.9985973345749026
5818.0,1588620.0,0.9986306822405164
5819.0,1588510.0,0.9986578617805846
5820.0,1588360.0,0.9986600087556065
5821.0,1588190.0,0.9986496912929255
5822.0,1588020.0,0.9986394823709721
5823.0,1587860.0,0.9986356706434105
5824.0,1587680.0,0.9986193879950411
5825.0,1587500.0,0.9986032110497458
5826.0,1587360.0,0.9986123033702533
5827.0,1587220.0,0.9986215052141495
5828.0,1587070.0,0.9986245237969437
5829.0,1586950.0,0.9986465282111453
5830.0,1586820.0,0.9986623495303625
5831.0,1586660.0,0.9986593971822324
5832.0,1586490.0,0.9986502545153603
5833.0,1586330.0,0.9986475098048995
5834.0,1586190.0,0.9986574603171116
5835.0,1586040.0,0.9986612195185475
5836.0,1585910.0,0.9986776765865633
5837.0,1585760.0,0.9986816434663766
5838.0,1585560.0,0.9986542206013664
5839.0,1585340.0,0.9986142952857723
5840.0,1585170.0,0.9986059609760357
5841.0,1585060.0,0.9986355267767976
5842.0,1584970.0,0.9986777996851613
5843.0,1584840.0,0.9986949736200681
5844.0,1584660.0,0.9986807383699139
5845.0,1584500.0,0.9986792036257284
5846.0,1584350.0,0.9986840691774536
5847.0,1584200.0,0.9986890323110434
5848.0,1584040.0,0.9986877878010809
5849.0,1583870.0,0.9986803332210274
5850.0,1583720.0,0.998685583983581
5851.0,1583590.0,0.998703543332879
5852.0,1583430.0,0.9987026784675768
5853.0,1583210.0,0.9986640596311251
5854.0,1583010.0,0.9986381426970646
5855.0,1582900.0,0.9986690946886292
5856.0,1582730.0,0.9986622860151556
5857.0,1582490.0,0.99861139432948
5858.0,1582340.0,0.9986173819950489
5859.0,1582240.0,0.9986550190327274
5860.0,1582100.0,0.9986675038485989
5861.0,1581960.0,0.9986800799709391
5862.0,1581840.0,0.9987053739970573
5863.0,1581690.0,0.998711818190501
5864.0,1581520.0,0.9987057211028021
5865.0,1581340.0,0.9986933938364746
5866.0,1581170.0,0.9986874661814613
5867.0,1581000.0,0.9986816227456422
5868.0,1580830.0,0.9986758629839751
5869.0,1580690.0,0.9986891405258307
5870.0,1580550.0,0.9987025045163703
5871.0,1580400.0,0.9987096350687475
5872.0,1580220.0,0.9986978897211944
5873.0,1580030.0,0.9986799033941132
5874.0,1579860.0,0.9986746374560911
5875.0,1579740.0,0.9987010610409929
5876.0,1579620.0,0.9987275704176926
5877.0,1579450.0,0.9987225488996007
5878.0,1579260.0,0.9987049578469259
5879.0,1579070.0,0.9986874418712866
5880.0,1578890.0,0.9986763256016399
5881.0,1578730.0,0.9986779362717602
5882.0,1578590.0,0.9986922772434743
5883.0,1578420.0,0.9986877162085365
5884.0,1578220.0,0.9986642467467493
5885.0,1578080.0,0.9986788184071447
5886.0,1577970.0,0.99871245512398
5887.0,1577640.0,0.9986069184606805
5888.0,1576140.0,0.9977607759454703
5889.0,1572260.0,0.9954077380569814
5890.0,1569620.0,0.9938394177103522
5891.0,1572390.0,0.9956966595132962
5892.0,1575760.0,0.9979343403708223
5893.0,1576600.0,0.9985701326843924
5894.0,1575790.0,0.9981609593241616
5895.0,1573430.0,0.9967698435122117
5896.0,1571880.0,0.9958916963035961
5897.0,1573490.0,0.9970157156826172
5898.0,1575340.0,0.9982921253847605
5899.0,1575800.0,0.9986879347884826
5900.0,1575710.0,0.9987352862316962
5901.0,1575510.0,0.9987129850818193
5902.0,1575340.0,0.9987097639430962
5903.0,1575240.0,0.9987509894764381
5904.0,1575100.0,0.9987669243674833
5905.0,1574940.0,0.9987702433725666
5906.0,1574780.0,0.9987736265611329
5907.0,1574590.0,0.9987580444661386
5908.0,1574410.0,0.9987488650906555
5909.0,1574300.0,0.99878415571933
5910.0,1574160.0,0.9988004800810224
5911.0,1573950.0,0.998772449044623
5912.0,1573760.0,0.9987571648188013
5913.0,1573610.0,0.9987673248233874
5914.0,1573460.0,0.9987775459364844
5915.0,1573290.0,0.9987751309634404
5916.0,1573140.0,0.9987854712984746
5917.0,1572990.0,0.9987958710875479
5918.0,1572810.0,0.9987872787694706
5919.0,1572610.0,0.998766038748469
5920.0,1572420.0,0.9987512014760691
5921.0,1572260.0,0.9987554731245384
5922.0,1572110.0,0.9987661531423448
5923.0,1571960.0,0.9987768892945886
5924.0,1571820.0,0.9987940354074853
5925.0,1571700.0,0.998823948008927
5926.0,1571540.0,0.998828496218615
5927.0,1571350.0,0.9988140277770157
5928.0,1571180.0,0.9988123214565815
5929.0,1571030.0,0.9988233807616611
5930.0,1570900.0,0.9988472092019565
5931.0,1570740.0,0.9988520147051918
5932.0,1570540.0,0.9988314308143149
5933.0,1570320.0,0.998798169773246
5934.0,1570150.0,0.9987967550270983
5935.0,1570070.0,0.998852643552483
5936.0,1569950.0,0.9988831404618799
5937.0,1569730.0,0.9988500578572613
5938.0,1569500.0,0.9988106496460492
5939.0,1569350.0,0.9988221942553238
5940.0,1569230.0,0.9988528812817051
5941.0,1569080.0,0.9988645207636713
5942.0,1568880.0,0.9988443727839889
5943.0,1568710.0,0.9988433648631766
5944.0,1568560.0,0.9988551346172003
5945.0,1568390.0,0.9988542109529033
5946.0,1568230.0,0.9988596972365751
5947.0,1568060.0,0.9988588549034794
5948.0,1567840.0,0.9988261984763757
5949.0,1567680.0,0.9988318025161591
5950.0,1567570.0,0.998869306721969
5951.0,1567410.0,0.9988749930925256
5952.0,1567240.0,0.9988743446108035
5953.0,1567080.0,0.9988801069505082
5954.0,1566870.0,0.9988540325925847
5955.0,1566670.0,0.9988343638008408
5956.0,1566520.0,0.9988466069277654
5957.0,1566330.0,0.9988333796185873
5958.0,1566180.0,0.9988456937749124
5959.0,1566080.0,0.9988899353891375
5960.0,1565910.0,0.9988895665895667
5961.0,1565720.0,0.9988764706309642
5962.0,1565590.0,0.9989016856279431
5963.0,1565460.0,0.9989269371893015
5964.0,1565300.0,0.9989330795471775
5965.0,1565120.0,0.9989264883413106
5966.0,1564910.0,0.9989007757344633
5967.0,1564740.0,0.9989006216122783
5968.0,1564580.0,0.9989068802037951
5969.0,1564420.0,0.9989131678240616
5970.0,1564270.0,0.9989258697991404
5971.0,1564120.0,0.9989386010591934
5972.0,1563940.0,0.9989321992004186
5973.0,1563740.0,0.9989130453814851
5974.0,1563530.0,0.9988875235342015
5975.0,1563390.0,0.9989067459132277
5976.0,1563280.0,0.9989451663127914
5977.0,1563100.0,0.9989388828802316
5978.0,1562900.0,0.9989198376911984
5979.0,1562700.0,0.9989008102925981
5980.0,1562540.0,0.9989073714869255
5981.0,1562410.0,0.9989331355238272
5982.0,1562250.0,0.9989397426839604
5983.0,1562050.0,0.9989207911897768
5984.0,1561860.0,0.998908250262614
5985.0,1561700.0,0.9989149140843095
5986.0,1561530.0,0.9989152002522417
5987.0,1561340.0,0.9989027083741453
5988.0,1561180.0,0.998909425815388
5989.0,1561040.0,0.9989289591692379
5990.0,1560850.0,0.9989165132930249
5991.0,1560680.0,0.9989168807888492
5992.0,1560530.0,0.9989300652815593
5993.0,1560320.0,0.9989048550144061
5994.0,1560090.0,0.9988668473057992
5995.0,1559930.0,0.9988736672905583
5996.0,1559820.0,0.9989125210567998
5997.0,1559660.0,0.9989193712932997
5998.0,1559450.0,0.9988942069139892
5999.0,1559270.0,0.9988882658470368
6000.0,1559080.0,0.9988759265130351
6001.0,1558880.0,0.9988571862318648
6002.0,1558720.0,0.9988640834865683
6003.0,1558540.0,0.9988581725160828
6004.0,1558310.0,0.9988202196193376
6005.0,1558140.0,0.9988207274226197
6006.0,1558050.0,0.9988725300826006
6007.0,1557920.0,0.9988987029450918
6008.0,1557720.0,0.9988799996539554
6009.0,1557550.0,0.9988805363881018
6010.0,1557420.0,0.9989067327569173
6011.0,1557260.0,0.9989136947114399
6012.0,1557070.0,0.9989014153419645
6013.0,1556860.0,0.9988763037028385
6014.0,1556640.0,0.9988447716619686
6015.0,1556460.0,0.9988389034065164
6016.0,1556330.0,0.9988651248909364
6017.0,1556170.0,0.9988720958251794
6018.0,1556000.0,0.9988726482691608
6019.0,1555810.0,0.9988603593346363
6020.0,1555600.0,0.9988352242118664
6021.0,1555460.0,0.9988550325377119
6022.0,1555310.0,0.9988684200580824
6023.0,1555110.0,0.9988496920125214
6024.0,1554910.0,0.9988309558468008
6025.0,1554760.0,0.9988443331184006
6026.0,1554590.0,0.9988448578985398
6027.0,1554410.0,0.9988389512107064
6028.0,1554230.0,0.9988330369013002
6029.0,1554060.0,0.9988335416408131
6030.0,1553900.0,0.9988404669664651
6031.0,1553700.0,0.9988216710911759
6032.0,1553510.0,0.9988092918119296
6033.0,1553340.0,0.9988097607436903
6034.0,1553190.0,0.9988230815438599
6035.0,1553040.0,0.9988363948871736
6036.0,1552830.0,0.9988111069990233
6037.0,1552600.0,0.9987729361931891
6038.0,1552430.0,0.9987733465447759
6039.0,1552300.0,0.9987994815576097
6040.0,1552130.0,0.9987998689171523
6041.0,1551920.0,0.99877449955236
6042.0,1551740.0,0.9987684194829575
6043.0,1551590.0,0.998781634490116
6044.0,1551410.0,0.998775523215717
6045.0,1551220.0,0.9987629558354435
6046.0,1551060.0,0.9987696867279111
6047.0,1550900.0,0.9987764017373605
6048.0,1550680.0,0.9987444561556281
6049.0,1550460.0,0.9987124850263834
6050.0,1550320.0,0.9987320245819853
6051.0,1550190.0,0.9987579915498044
6052.0,1549980.0,0.9987323958046908
6053.0,1549750.0,0.9986938851269698
6054.0,1549570.0,0.9986875692168303
6055.0,1549430.0,0.9987070124621211
6056.0,1549230.0,0.9986877592765543
6057.0,1548990.0,0.9986426904448175
6058.0,1548760.0,0.9986040357086349
6059.0,1548570.0,0.9985911420208812
6060.0,1548450.0,0.9986233648282513
6061.0,1548370.0,0.9986813687405957
6062.0,1548270.0,0.9987264580846481
6063.0,1548090.0,0.9987199201993534
6064.0,1547840.0,0.9986681895193414
6065.0,1547600.0,0.9986228723476738
6066.0,1547460.0,0.9986420510626363
6067.0,1547350.0,0.9986805673601596
6068.0,1547210.0,0.9986996979622003
6069.0,1547030.0,0.9986929803579548
6070.0,1546820.0,0.9986668617223019
6071.0,1546620.0,0.9986471629568598
6072.0,1546470.0,0.9986597162834258
6073.0,1546310.0,0.998665781440346
6074.0,1546100.0,0.9986395193625136
6075.0,1545880.0,0.9986067580266473
6076.0,1545720.0,0.99861271823284
6077.0,1545570.0,0.9986251060716201
6078.0,1545400.0,0.9986245373215963
6079.0,1545220.0,0.9986174697696487
6080.0,1545010.0,0.9985909740405312
6081.0,1544820.0,0.9985773633635997
6082.0,1544680.0,0.9985960356169316
6083.0,1544520.0,0.9986017426532071
6084.0,1544320.0,0.9985815473232553
6085.0,1544120.0,0.9985613080075304
6086.0,1543920.0,0.9985410241113347
6087.0,1543740.0,0.9985336315916702
6088.0,1543590.0,0.9985456030722111
6089.0,1543420.0,0.9985445958706105
6090.0,1543230.0,0.9985306051542648
6091.0,1543040.0,0.998516568291197
6092.0,1542840.0,0.9984960128797525
6093.0,1542670.0,0.998494826250182
6094.0,1542490.0,0.9984871212896411
6095.0,1542320.0,0.9984858431274457
6096.0,1542150.0,0.9984845186547229
6097.0,1541950.0,0.998463721279049
6098.0,1541750.0,0.9984428721673986
6099.0,1541530.0,0.9984090172408864
6100.0,1541360.0,0.9984074937916568
6101.0,1541190.0,0.9984059210397683
6102.0,1540950.0,0.9983589464105049
6103.0,1540720.0,0.9983183909817136
6104.0,1540570.0,0.9983296180976818
6105.0,1540440.0,0.9983537582581555
6106.0,1540270.0,0.9983519250721938
6107.0,1540100.0,0.9983500389844222
6108.0,1539930.0,0.9983480993939482
6109.0,1539760.0,0.998346105699641
6110.0,1539570.0,0.9983310883401169
6111.0,1539370.0,0.9983095276816578
6112.0,1539160.0,0.9982814210170201
6113.0,1538990.0,0.9982791985732683
6114.0,1538840.0,0.9982898935952703
6115.0,1538680.0,0.998294045719902
6116.0,1538480.0,0.9982721861649966
6117.0,1538250.0,0.9982307953059508
6118.0,1538030.0,0.9981958266070441
6119.0,1537810.0,0.9981607907770158
6120.0,1537520.0,0.9980802467550091
6121.0,1537110.0,0.9979217182645695
6122.0,1536800.0,0.997828023192078
6123.0,1536840.0,0.9979615217947956
6124.0,1536930.0,0.9981274581103997
6125.0,1536850.0,0.9981829521658612
6126.0,1536690.0,0.998186428916847
6127.0,1536520.0,0.9981833457154744
6128.0,1536340.0,0.998173699860404
6129.0,1536170.0,0.998170484224911
6130.0,1535990.0,0.9981607033284677
6131.0,1535800.0,0.9981443544723924
6132.0,1535590.0,0.9981149350804056
6133.0,1535390.0,0.9980919420941825
6134.0,1535190.0,0.9980688757276678
6135.0,1534940.0,0.9980132255316553
6136.0,1534610.0,0.9979054724663525
6137.0,1534320.0,0.9978236395630773
6138.0,1534220.0,0.9978652954155087
6139.0,1534190.0,0.9979524220326931
6140.0,1534050.0,0.9979679353628693
6141.0,1533820.0,0.997924824148529
6142.0,1533610.0,0.9978946442166959
6143.0,1533490.0,0.9979229518251284
6144.0,1533370.0,0.9979511910964384
6145.0,1533200.0,0.9979468168423916
6146.0,1532990.0,0.9979163276647335
6147.0,1532780.0,0.9978857558448496
6148.0,1532600.0,0.9978746337531686
6149.0,1532410.0,0.9978569202744327
6150.0,1532220.0,0.9978391251005558
6151.0,1532030.0,0.9978212476233241
6152.0,1531860.0,0.997816314747496
6153.0,1531670.0,0.9977982722186404
6154.0,1531490.0,0.9977866606966055
6155.0,1531310.0,0.9977749658147456
6156.0,1531120.0,0.9977566704476324
6157.0,1530930.0,0.99773828912262
6158.0,1530730.0,0.997713303338115
6159.0,1530520.0,0.997681710420824
6160.0,1530270.0,0.997623949897158
6161.0,1529780.0,0.9974096138227718
6162.0,1529290.0,0.9971951475451127
6163.0,1529270.0,0.9972870528844928
6164.0,1529410.0,0.9974832435570905
6165.0,1529360.0,0.9975554573740872
6166.0,1529190.0,0.9975493183247491
6167.0,1528980.0,0.99751699368257
6168.0,1528780.0,0.997491098386487
6169.0,1528580.0,0.9974651084428116
6170.0,1528420.0,0.9974651277186947
6171.0,1528290.0,0.9974846369951882
6172.0,1528130.0,0.997484476890915
6173.0,1527940.0,0.9974646406488986
6174.0,1527750.0,0.9974447080633175
6175.0,1527550.0,0.9974181489932674
6176.0,1527330.0,0.9973784305757835
6177.0,1527160.0,0.9973712643436153
6178.0,1526990.0,0.997364002037956
6179.0,1526800.0,0.9973435785476689
6180.0,1526610.0,0.9973230550379986
6181.0,1526430.0,0.9973089645001025
6182.0,1526230.0,0.9972817055077031
6183.0,1526020.0,0.9972478083423727
6184.0,1525830.0,0.9972268772689135
6185.0,1525630.0,0.9971993067981967
6186.0,1525420.0,0.9971650942896823
6187.0,1525210.0,0.9971307747679715
6188.0,1525030.0,0.9971159626321383
6189.0,1524830.0,0.9970879682834736
6190.0,1524530.0,0.9969944695918845
6191.0,1524200.0,0.9968812282561118
6192.0,1524080.0,0.9969052223353461
6193.0,1524090.0,0.9970141599535782
6194.0,1523990.0,0.9970510497219016
6195.0,1523800.0,0.9970289549440906
6196.0,1523600.0,0.9970002066033361
6197.0,1523420.0,0.9969844352250784
6198.0,1523260.0,0.9969816442099798
6199.0,1523080.0,0.9969656540683195
6200.0,1522870.0,0.996929913782662
