wave,flux,norm
3800.0,1774050.0,0.981780901189958
3801.0,1793510.0,0.9920891079203631
3802.0,1800520.0,0.9955047627678224
3803.0,1802450.0,0.9961104356437889
3804.0,1803970.0,0.9964896786298932
3805.0,1805190.0,0.9967035428682282
3806.0,1805180.0,0.9962390131532687
3807.0,1805100.0,0.995736911660932
3808.0,1806980.0,0.996316574700955
3809.0,1809290.0,0.9971333055495828
3810.0,1810240.0,0.9972007310152347
3811.0,1809240.0,0.99619501764817
3812.0,1805290.0,0.9935672698839265
3813.0,1801990.0,0.9913001113343614
3814.0,1800050.0,0.9897834518758128
3815.0,1790370.0,0.9840147699271694
3816.0,1785030.0,0.9806361836277011
3817.0,1797480.0,0.9870300958191509
3818.0,1806660.0,0.9916240617084112
3819.0,1795400.0,0.9850006390767042
3820.0,1772990.0,0.972269378153775
3821.0,1775640.0,0.9732863623795983
3822.0,1798160.0,0.9851895900718802
3823.0,1802570.0,0.987165005038167
3824.0,1785620.0,0.9774468523926483
3825.0,1767850.0,0.9672893145276267
3826.0,1766040.0,0.9658701588778791
3827.0,1776130.0,0.9709582735040466
3828.0,1779080.0,0.9721410184669589
3829.0,1778610.0,0.9714553942946216
3830.0,1785020.0,0.9745271323974012
3831.0,1779460.0,0.9710646927011828
3832.0,1752750.0,0.956069284370017
3833.0,1728460.0,0.9424071051667726
3834.0,1677060.0,0.9139827920710627
3835.0,1613880.0,0.8791667024129453
3836.0,1637380.0,0.8915802079787551
3837.0,1705590.0,0.9283182715757373
3838.0,1729770.0,0.9410708298305497
3839.0,1750250.0,0.9518008880500863
3840.0,1774090.0,0.9643487243545039
3841.0,1787710.0,0.9713334621740263
3842.0,1806560.0,0.981153291456256
3843.0,1820300.0,0.988191273919984
3844.0,1824280.0,0.9899277290842864
3845.0,1824270.0,0.9894991675547324
3846.0,1823480.0,0.9886487534475517
3847.0,1823300.0,0.9881303317549744
3848.0,1822540.0,0.9872988377480143
3849.0,1818140.0,0.9844977227996375
3850.0,1814790.0,0.9822679830039556
3851.0,1819890.0,0.9846125023124218
3852.0,1826760.0,0.9879129479897195
3853.0,1829610.0,0.989038202131966
3854.0,1829580.0,0.9886070066521995
3855.0,1822850.0,0.9845580619660713
3856.0,1811010.0,0.9777543362251381
3857.0,1811200.0,0.9774492020430098
3858.0,1814120.0,0.9786176983348367
3859.0,1798100.0,0.9695730743863674
3860.0,1786560.0,0.9629513497046832
3861.0,1805710.0,0.9728707857124684
3862.0,1829810.0,0.9854485603510578
3863.0,1840740.0,0.9909268616834621
3864.0,1841310.0,0.9908265551835441
3865.0,1836540.0,0.9878547170942531
3866.0,1834200.0,0.9861925608758384
3867.0,1834850.0,0.9861394505000023
3868.0,1832100.0,0.9842605140865892
3869.0,1817340.0,0.9759343014031187
3870.0,1756810.0,0.9430464595192865
3871.0,1624930.0,0.8719011225174791
3872.0,1527570.0,0.8193290918436736
3873.0,1563190.0,0.8380966169686718
3874.0,1642630.0,0.8803340991587704
3875.0,1697240.0,0.9092365335903673
3876.0,1723800.0,0.923095707264939
3877.0,1719390.0,0.9203666614227543
3878.0,1722980.0,0.9219210633907283
3879.0,1738000.0,0.9295883763833362
3880.0,1739560.0,0.9300539236462837
3881.0,1745970.0,0.9331118198219123
3882.0,1754470.0,0.9372845335685888
3883.0,1748820.0,0.9338983327383726
3884.0,1753830.0,0.9362058754705899
3885.0,1775360.0,0.9473273424598744
3886.0,1774390.0,0.9464395757303701
3887.0,1725520.0,0.9200138671432421
3888.0,1591110.0,0.8480189212318798
3889.0,1455660.0,0.7755265016520956
3890.0,1501120.0,0.7994362944454049
3891.0,1640690.0,0.8734280471883333
3892.0,1713640.0,0.9119116082124142
3893.0,1732590.0,0.9216412526885899
3894.0,1730360.0,0.9201018778536098
3895.0,1694940.0,0.9009226924379419
3896.0,1707630.0,0.9073213283299841
3897.0,1737970.0,0.9230902559901838
3898.0,1739010.0,0.9232916717431536
3899.0,1772830.0,0.9408909253709055
3900.0,1793780.0,0.9516497009557561
3901.0,1732250.0,0.9186596900271976
3902.0,1677750.0,0.8894220511859554
3903.0,1738470.0,0.9212654906465608
3904.0,1804490.0,0.9558933566678877
3905.0,1777710.0,0.9413554553803086
3906.0,1753300.0,0.9280836676751865
3907.0,1783190.0,0.9435547185177445
3908.0,1801250.0,0.9527576471495354
3909.0,1785000.0,0.9438132152655107
3910.0,1735220.0,0.9171537970717756
3911.0,1747670.0,0.9233944323388945
3912.0,1822860.0,0.962768203572103
3913.0,1838440.0,0.9706415880184531
3914.0,1790900.0,0.9451966842168862
3915.0,1751780.0,0.9242133626104724
3916.0,1775630.0,0.9364560269350862
3917.0,1844140.0,0.9722354389025285
3918.0,1879260.0,0.9903928205944541
3919.0,1851990.0,0.9756694685406262
3920.0,1760790.0,0.927289869238897
3921.0,1684220.0,0.8866476301373585
3922.0,1727570.0,0.9091438133540153
3923.0,1825800.0,0.9604953025084132
3924.0,1881150.0,0.9892612322869999
3925.0,1895030.0,0.9962069932859161
3926.0,1876380.0,0.9860538615589373
3927.0,1804950.0,0.9481821577188061
3928.0,1736480.0,0.9118923298641792
3929.0,1771460.0,0.9299352620552234
3930.0,1833500.0,0.9621666141826896
3931.0,1830630.0,0.9603252835919202
3932.0,1726460.0,0.9053638367877057
3933.0,1537210.0,0.8058404706262259
3934.0,1466090.0,0.7682917553090357
3935.0,1565820.0,0.8202711969740051
3936.0,1696040.0,0.8881825145920182
3937.0,1820810.0,0.9531948317062421
3938.0,1888760.0,0.9884282850745948
3939.0,1905160.0,0.9966704925846698
3940.0,1907390.0,0.9974975207335512
3941.0,1903370.0,0.9950574159298812
3942.0,1872410.0,0.9785406924367392
3943.0,1793130.0,0.9367919574274076
3944.0,1748340.0,0.9130848363896298
3945.0,1811070.0,0.9455287849054815
3946.0,1879660.0,0.9810101958729516
3947.0,1901840.0,0.9922550664225466
3948.0,1907880.0,0.9950753139720846
3949.0,1911440.0,0.9966015073714078
3950.0,1909030.0,0.9950158975155589
3951.0,1879820.0,0.979468228828416
3952.0,1808310.0,0.941898743036496
3953.0,1773820.0,0.9236311088578744
3954.0,1836060.0,0.9557272546618428
3955.0,1899180.0,0.9882612190225577
3956.0,1917760.0,0.997605491699755
3957.0,1920350.0,0.9986293873372589
3958.0,1920830.0,0.9985566018379488
3959.0,1918610.0,0.997081581691839
3960.0,1902820.0,0.9885584647833121
3961.0,1850860.0,0.9612565495936096
3962.0,1780430.0,0.9243834590554969
3963.0,1772790.0,0.9201243104334014
3964.0,1838560.0,0.9539583188276938
3965.0,1889410.0,0.980032804332537
3966.0,1875470.0,0.972495873763479
3967.0,1762140.0,0.9134435837824255
3968.0,1549200.0,0.8028102608562199
3969.0,1391390.0,0.7208067470503755
3970.0,1402930.0,0.7265590887954761
3971.0,1552690.0,0.8038686640124804
3972.0,1701790.0,0.8807895449942873
3973.0,1778180.0,0.9200431141891457
3974.0,1808400.0,0.9353920317564922
3975.0,1846600.0,0.9548587757687524
3976.0,1898090.0,0.9811845358027507
3977.0,1924120.0,0.9943380641118361
3978.0,1930570.0,0.9973691219893767
3979.0,1932760.0,0.9981991276098303
3980.0,1932920.0,0.9979814438528781
3981.0,1921260.0,0.9916638806495546
3982.0,1886900.0,0.9736378423272877
3983.0,1862440.0,0.9607303201588483
3984.0,1886220.0,0.9727083353469033
3985.0,1906180.0,0.982710793639455
3986.0,1879480.0,0.9686602816534887
3987.0,1856850.0,0.9567159475820138
3988.0,1887870.0,0.9724138268695681
3989.0,1926390.0,0.99196545116438
3990.0,1939640.0,0.9984979940159983
3991.0,1941310.0,0.9990681943093128
3992.0,1936670.0,0.9963925848924949
3993.0,1915080.0,0.9850013972646166
3994.0,1881080.0,0.9672365520934827
3995.0,1881880.0,0.9673715581621417
3996.0,1917880.0,0.9855966458549533
3997.0,1939320.0,0.9963320653055653
3998.0,1940500.0,0.9966566513102663
3999.0,1925820.0,0.9888384674945423
4000.0,1889440.0,0.9698865811859806
4001.0,1863720.0,0.9564166856459819
4002.0,1890710.0,0.9699972007023089
4003.0,1930070.0,0.9899155585286371
4004.0,1940760.0,0.9951233152572341
4005.0,1924830.0,0.9866835255817327
4006.0,1892920.0,0.9700600897011272
4007.0,1882750.0,0.964584687807498
4008.0,1914180.0,0.9804202269524743
4009.0,1943030.0,0.9949270230516081
4010.0,1951360.0,0.9989225150208214
4011.0,1952790.0,0.9993855780953952
4012.0,1953110.0,0.9992814346170552
4013.0,1951930.0,0.9984110533366799
4014.0,1947230.0,0.9957420892190191
4015.0,1934840.0,0.9891441470260468
4016.0,1912010.0,0.9772148224357476
4017.0,1894020.0,0.967765746700833
4018.0,1897230.0,0.9691520279114831
4019.0,1894990.0,0.9677552288138674
4020.0,1888590.0,0.9642361419166172
4021.0,1914170.0,0.9770432257182792
4022.0,1945710.0,0.9928859631712449
4023.0,1955760.0,0.9977580509018769
4024.0,1949430.0,0.9942742230637927
4025.0,1931400.0,0.9848272282364986
4026.0,1917690.0,0.9775881736367326
4027.0,1921520.0,0.9792928612098243
4028.0,1932510.0,0.9846457278407889
4029.0,1940430.0,0.988432983837497
4030.0,1938570.0,0.9872386726080208
4031.0,1934420.0,0.984879941005879
4032.0,1931120.0,0.9829559358641135
4033.0,1906660.0,0.9702658235788331
4034.0,1872260.0,0.9525258012064178
4035.0,1876110.0,0.9542505467121329
4036.0,1906820.0,0.969633842361551
4037.0,1924310.0,0.9782896683941045
4038.0,1931150.0,0.9815291854151482
4039.0,1928320.0,0.9798543114937374
4040.0,1920160.0,0.9754733892772672
4041.0,1930180.0,0.9803289695558309
4042.0,1944110.0,0.9871684962154426
4043.0,1938960.0,0.9843196150154406
4044.0,1929230.0,0.9791484508017806
4045.0,1920260.0,0.9743662247444352
4046.0,1912020.0,0.969957428428555
4047.0,1909810.0,0.9686098181693835
4048.0,1905520.0,0.966209002272249
4049.0,1899730.0,0.9630497333192433
4050.0,1906940.0,0.9664814652426827
4051.0,1928980.0,0.9774269115081959
4052.0,1937260.0,0.9813974912942739
4053.0,1935350.0,0.9802061221023882
4054.0,1944670.0,0.9847025578108111
4055.0,1955270.0,0.9898457912224662
4056.0,1956480.0,0.9902349775137246
4057.0,1949210.0,0.9863338069556412
4058.0,1936010.0,0.9794352131465942
4059.0,1930570.0,0.9764654703376814
4060.0,1945170.0,0.9836316817052243
4061.0,1964150.0,0.9930099332283842
4062.0,1966220.0,0.9938376225775718
4063.0,1953090.0,0.9869845357441283
4064.0,1937590.0,0.9789378667882451
4065.0,1910490.0,0.9650360723940725
4066.0,1876600.0,0.9477120597351347
4067.0,1892040.0,0.9553033618032045
4068.0,1941450.0,0.9800401754685926
4069.0,1968100.0,0.993280445249283
4070.0,1970830.0,0.9944462650226601
4071.0,1963140.0,0.9903557714037521
4072.0,1958390.0,0.9877506647575486
4073.0,1956590.0,0.9866350374219865
4074.0,1941990.0,0.9790674743357549
4075.0,1932480.0,0.9740694944077786
4076.0,1949120.0,0.9822525915055038
4077.0,1967460.0,0.9912896165149516
4078.0,1974430.0,0.9945961978849307
4079.0,1978970.0,0.9966783829747131
4080.0,1981270.0,0.9976326001612071
4081.0,1980020.0,0.9968000494218755
4082.0,1971350.0,0.9922339425836272
4083.0,1944240.0,0.978390994791848
4084.0,1905580.0,0.9587433192506675
4085.0,1904280.0,0.957897241622509
4086.0,1944870.0,0.9781196965113439
4087.0,1975500.0,0.9933267465847905
4088.0,1984940.0,0.9978758315235424
4089.0,1986550.0,0.9984883486830372
4090.0,1985800.0,0.9979154402650753
4091.0,1985130.0,0.9973837237125533
4092.0,1983860.0,0.9965515874101445
4093.0,1977940.0,0.9933851623410596
4094.0,1964040.0,0.9862136862223692
4095.0,1949120.0,0.9785336491138622
4096.0,1943510.0,0.9755303912973463
4097.0,1947390.0,0.9772915503910087
4098.0,1947530.0,0.9771762302953387
4099.0,1911230.0,0.9587813234961006
4100.0,1788450.0,0.8970189792571894
4101.0,1590190.0,0.7974296991302136
4102.0,1526470.0,0.7653332152363654
4103.0,1684120.0,0.8442179114059027
4104.0,1842980.0,0.9236804038673404
4105.0,1910480.0,0.9573340811486365
4106.0,1936370.0,0.9701293043970535
4107.0,1953450.0,0.9785075170783728
4108.0,1967370.0,0.985300798332347
4109.0,1971070.0,0.9869748692683479
4110.0,1973670.0,0.9880983530382086
4111.0,1981700.0,0.9919401403507431
4112.0,1988210.0,0.9950205713001266
4113.0,1991580.0,0.9965294578198157
4114.0,1994500.0,0.99781340121012
4115.0,1996770.0,0.9987724831074979
4116.0,1997640.0,0.9990317961934739
4117.0,1996140.0,0.9981066905050656
4118.0,1989430.0,0.9945779801575231
4119.0,1979110.0,0.9892467691015389
4120.0,1977960.0,0.9885008876955048
4121.0,1987190.0,0.992942555338419
4122.0,1992760.0,0.9955549117989639
4123.0,1991190.0,0.9946006396414137
4124.0,1986890.0,0.992283985243311
4125.0,1983690.0,0.9905180747530847
4126.0,1983210.0,0.990111402568724
4127.0,1984770.0,0.9907238473694396
4128.0,1986070.0,0.9912070120087735
4129.0,1985900.0,0.9909571744648662
4130.0,1986180.0,0.9909326126570083
4131.0,1985640.0,0.9904996965031544
4132.0,1980220.0,0.9876337022938079
4133.0,1972090.0,0.9834179306988429
4134.0,1966730.0,0.980585288271208
4135.0,1970560.0,0.9823354982260637
4136.0,1980190.0,0.9869766706111195
4137.0,1981840.0,0.9876402169264434
4138.0,1977830.0,0.9854840306228052
4139.0,1979450.0,0.9861339778296165
4140.0,1983740.0,0.9881143198301819
4141.0,1980070.0,0.9861303869612994
4142.0,1973490.0,0.9826986984167436
4143.0,1977030.0,0.9843071963581144
4144.0,1979910.0,0.9855872940122694
4145.0,1972350.0,0.981671476460835
4146.0,1972930.0,0.9818083003581849
4147.0,1987710.0,0.9890111163679364
4148.0,1985930.0,0.9879739789024964
4149.0,1961110.0,0.9754774502664046
4150.0,1954690.0,0.9721363250337112
4151.0,1979970.0,0.9845599802612913
4152.0,1993270.0,0.9910242362693538
4153.0,1978320.0,0.9834438068449707
4154.0,1964390.0,0.9763732476348996
4155.0,1977440.0,0.9827134604263282
4156.0,1994460.0,0.9910250612382793
4157.0,1988380.0,0.9878583876886421
4158.0,1970140.0,0.978652871529759
4159.0,1966330.0,0.9766176128707407
4160.0,1982740.0,0.9846247669441711
4161.0,1993680.0,0.9899142099222762
4162.0,1982180.0,0.984062295951918
4163.0,1968590.0,0.977175229697253
4164.0,1967460.0,0.9764747873733585
4165.0,1979480.0,0.9823007212120272
4166.0,1986160.0,0.9854760437359852
4167.0,1972270.0,0.9784462575703229
4168.0,1964690.0,0.9745490022337588
4169.0,1967650.0,0.9758808717143522
4170.0,1975970.0,0.9798709455545997
4171.0,1987590.0,0.9854967202340793
4172.0,1980460.0,0.9818260914884657
4173.0,1974420.0,0.9786973562127993
4174.0,1977090.0,0.9798869141191363
4175.0,1972840.0,0.9776474960263836
4176.0,1978750.0,0.9804434003327877
4177.0,1978970.0,0.9804201861878354
4178.0,1971670.0,0.9766724959370269
4179.0,1979340.0,0.9803408191222582
4180.0,1973410.0,0.9772737281939503
4181.0,1953360.0,0.9672164231211026
4182.0,1943270.0,0.9620934275433152
4183.0,1933800.0,0.9572792459412216
4184.0,1939460.0,0.9599556197993636
4185.0,1948380.0,0.9642452014781618
4186.0,1928030.0,0.9540504893802952
4187.0,1917780.0,0.9488561061585894
4188.0,1923650.0,0.9516382279684515
4189.0,1925100.0,0.9522338552301043
4190.0,1950500.0,0.9646750119699349
4191.0,1965120.0,0.9717826671191925
4192.0,1944070.0,0.9612519127667911
4193.0,1937760.0,0.9580116645192592
4194.0,1932290.0,0.95518799010506
4195.0,1923180.0,0.9505664059707082
4196.0,1955630.0,0.9664857225163077
4197.0,1974890.0,0.9758838453338834
4198.0,1943210.0,0.9601114790143593
4199.0,1919080.0,0.9480733791421121
4200.0,1920650.0,0.9487336183866248
4201.0,1926490.0,0.9515031783754104
4202.0,1949350.0,0.9626778264280724
4203.0,1966310.0,0.9709369579044319
4204.0,1951230.0,0.9633756003170978
4205.0,1920230.0,0.9479573455190645
4206.0,1905730.0,0.9406878125451624
4207.0,1920010.0,0.9476249147841307
4208.0,1958060.0,0.9662912347591123
4209.0,1971470.0,0.972795408557337
4210.0,1945090.0,0.9596670080607681
4211.0,1908820.0,0.9416631875817062
4212.0,1893230.0,0.9338647308017608
4213.0,1912490.0,0.9432568666991098
4214.0,1955290.0,0.9642561409653272
4215.0,1981000.0,0.9768241003040224
4216.0,1952560.0,0.9626915467466923
4217.0,1898050.0,0.9357105394886928
4218.0,1881280.0,0.927339234764202
4219.0,1919130.0,0.9458910908506394
4220.0,1972320.0,0.9719991454191251
4221.0,1981250.0,0.976292080828506
4222.0,1949490.0,0.9605361161504701
4223.0,1901600.0,0.9368375135591507
4224.0,1884920.0,0.9285187095948484
4225.0,1903240.0,0.9374414243592571
4226.0,1907610.0,0.9394923225555566
4227.0,1912470.0,0.9417845254656757
4228.0,1937560.0,0.9540377615723072
4229.0,1931020.0,0.9507161538718275
4230.0,1886710.0,0.9288020368939381
4231.0,1869980.0,0.9204688267798415
4232.0,1906040.0,0.9381201347550134
4233.0,1960940.0,0.9650399289086896
4234.0,1993900.0,0.9811583116767143
4235.0,1957150.0,0.9629744572825959
4236.0,1846200.0,0.9082900318354584
4237.0,1779370.0,0.8753211343211211
4238.0,1828950.0,0.899618824431478
4239.0,1910440.0,0.9396061629309539
4240.0,1948400.0,0.9581787338562341
4241.0,1919510.0,0.9438759882421549
4242.0,1817640.0,0.8936938740300955
4243.0,1757580.0,0.864077227341532
4244.0,1834760.0,0.901931314046217
4245.0,1943710.0,0.9553942232648953
4246.0,1976600.0,0.9714647968140839
4247.0,1918450.0,0.9427924360571839
4248.0,1814180.0,0.8914633652093921
4249.0,1771170.0,0.8702440963743616
4250.0,1847050.0,0.9074389021024165
4251.0,1939450.0,0.952742245161413
4252.0,1949810.0,0.9577395239813967
4253.0,1899810.0,0.9330904748994194
4254.0,1843080.0,0.9051414015591992
4255.0,1801330.0,0.8845540364954825
4256.0,1840210.0,0.9035610493538897
4257.0,1928390.0,0.9467693666204263
4258.0,1933010.0,0.948948891850259
4259.0,1895470.0,0.9304332349629049
4260.0,1888310.0,0.9268327080910126
4261.0,1853670.0,0.9097465539711438
4262.0,1833890.0,0.8999562530185237
4263.0,1860240.0,0.9128037007531794
4264.0,1856380.0,0.9108267334053988
4265.0,1866230.0,0.9155766447488725
4266.0,1879440.0,0.9219743350087145
4267.0,1822010.0,0.893721331367645
4268.0,1781980.0,0.8740079202600667
4269.0,1794150.0,0.8798986274807655
4270.0,1792360.0,0.8789428830771608
4271.0,1806210.0,0.8856565603748668
4272.0,1820760.0,0.8927126034294357
4273.0,1774860.0,0.8701319068207846
4274.0,1712740.0,0.8396042547932285
4275.0,1720990.0,0.8435753915947674
4276.0,1787360.0,0.8760323040654958
4277.0,1855370.0,0.9092876941162671
4278.0,1861430.0,0.9121795960676278
4279.0,1762520.0,0.8636359713814998
4280.0,1651650.0,0.8092409994364702
4281.0,1692190.0,0.8290339749815052
4282.0,1811990.0,0.8876515390842772
4283.0,1867880.0,0.9149541993457718
4284.0,1816940.0,0.8899278466644418
4285.0,1695590.0,0.8304223753200274
4286.0,1639410.0,0.8028416931619135
4287.0,1725080.0,0.8447260295695695
4288.0,1817140.0,0.8897325488752728
4289.0,1817760.0,0.8899635917954293
4290.0,1789000.0,0.8758118134150649
4291.0,1743730.0,0.8535807468757478
4292.0,1746530.0,0.8548826152214838
4293.0,1800700.0,0.8813268773521535
4294.0,1814030.0,0.8877802502064966
4295.0,1753390.0,0.85803509653975
4296.0,1650960.0,0.8078462966554173
4297.0,1536940.0,0.7519949217394669
4298.0,1483390.0,0.72573704805647
4299.0,1429700.0,0.6994150313562961
4300.0,1374680.0,0.6724467518599783
4301.0,1388400.0,0.6791055430794187
4302.0,1412060.0,0.6906250830325167
4303.0,1386090.0,0.6778713745683046
4304.0,1360470.0,0.6652909898431941
4305.0,1371860.0,0.6708098216617951
4306.0,1395450.0,0.6822931086971546
4307.0,1372140.0,0.6708452554931685
4308.0,1290970.0,0.6311134521758379
4309.0,1225320.0,0.598974459654082
4310.0,1195690.0,0.5844468321095478
4311.0,1195470.0,0.584295924912136
4312.0,1280240.0,0.6256817157680841
4313.0,1481850.0,0.7241596865109271
4314.0,1723560.0,0.8422182841086538
4315.0,1906290.0,0.93144135853085
4316.0,2002680.0,0.9784677755170323
4317.0,2030580.0,0.9920272857571064
4318.0,2031460.0,0.9923856200970292
4319.0,2037690.0,0.995357519621058
4320.0,2038670.0,0.9957649732184325
4321.0,1997800.0,0.9757329534237885
4322.0,1848430.0,0.9027160131793275
4323.0,1608300.0,0.7853884255231454
4324.0,1524510.0,0.7444184542013988
4325.0,1660730.0,0.8108778247278997
4326.0,1809080.0,0.8832503632568169
4327.0,1889090.0,0.9222496094158608
4328.0,1917480.0,0.9360446608469749
4329.0,1924440.0,0.9393774201885207
4330.0,1937430.0,0.9456531904731953
4331.0,1956440.0,0.9548664868883514
4332.0,1956980.0,0.9550648574145777
4333.0,1938880.0,0.9461671863836619
4334.0,1923520.0,0.9386079845189208
4335.0,1922700.0,0.9381445556878665
4336.0,1922310.0,0.9378912205987099
4337.0,1871270.0,0.9129277732550825
4338.0,1740300.0,0.8489754124210334
4339.0,1526380.0,0.7445687342557533
4340.0,1322780.0,0.6452098544789614
4341.0,1342010.0,0.6545464528288695
4342.0,1557650.0,0.759671889215473
4343.0,1739000.0,0.8480614424593167
4344.0,1849510.0,0.901895215775289
4345.0,1920010.0,0.9362129750407618
4346.0,1931320.0,0.9416668251238506
4347.0,1912670.0,0.9325133265561277
4348.0,1914200.0,0.9331992501344868
4349.0,1950450.0,0.9508106950301468
4350.0,1954050.0,0.952504802818186
4351.0,1901200.0,0.9266840120449031
4352.0,1846400.0,0.89991629354619
4353.0,1843040.0,0.898221898453008
4354.0,1854590.0,0.9037939721644918
4355.0,1829410.0,0.8914670957382312
4356.0,1816240.0,0.8849940287311603
4357.0,1854510.0,0.903585411675612
4358.0,1875560.0,0.9137849708465955
4359.0,1848140.0,0.9003700151239133
4360.0,1849790.0,0.9011182402361916
4361.0,1894350.0,0.9227687119080493
4362.0,1887420.0,0.9193366272613622
4363.0,1840080.0,0.8962231832488777
4364.0,1859910.0,0.9058263342694394
4365.0,1909710.0,0.9300238022405308
4366.0,1883780.0,0.9173404313551342
4367.0,1842770.0,0.8973157316366818
4368.0,1873370.0,0.912161181767832
4369.0,1897710.0,0.9239571463751025
4370.0,1862250.0,0.9066381787736972
4371.0,1833260.0,0.892471178422732
4372.0,1837680.0,0.8945697760767607
4373.0,1849940.0,0.9004845119504065
4374.0,1857610.0,0.9041645878355914
4375.0,1863830.0,0.907138658939933
4376.0,1866780.0,0.908521095355442
4377.0,1863470.0,0.9068570937087659
4378.0,1870420.0,0.9101861698796947
4379.0,1885670.0,0.9175537270248921
4380.0,1877430.0,0.9134911696905462
4381.0,1871270.0,0.9104412237635126
4382.0,1866680.0,0.9081555907872458
4383.0,1856340.0,0.9030730986626615
4384.0,1867930.0,0.9086592316465022
4385.0,1871120.0,0.9101588931588059
4386.0,1870200.0,0.909659426572419
4387.0,1874640.0,0.911767088296557
4388.0,1892510.0,0.920406208017329
4389.0,1896420.0,0.9222555347524187
4390.0,1882140.0,0.9152592299173172
4391.0,1881610.0,0.9149499030179294
4392.0,1889200.0,0.9185889364175873
4393.0,1896480.0,0.9220769601979701
4394.0,1906280.0,0.926789880774441
4395.0,1916110.0,0.9315169787788594
4396.0,1917080.0,0.9319366185793962
4397.0,1924280.0,0.9353847061920827
4398.0,1934840.0,0.9404657180044966
4399.0,1932750.0,0.9393978484382469
4400.0,1937710.0,0.941756616399564
4401.0,1960980.0,0.9530136834875288
4402.0,1974430.0,0.959497476740947
4403.0,1963970.0,0.9543619580766541
4404.0,1955220.0,0.9500580117201384
4405.0,1958530.0,0.9516143759255553
4406.0,1964880.0,0.9546476725569527
4407.0,1979890.0,0.96188801815241
4408.0,1993240.0,0.9683212430634821
4409.0,1989640.0,0.9665199591461047
4410.0,1989880.0,0.966584245797117
4411.0,2008550.0,0.9756005082910717
4412.0,2023000.0,0.9825662462789615
4413.0,2017610.0,0.9798956030519714
4414.0,2009460.0,0.9758849544750056
4415.0,2007050.0,0.9746622777303596
4416.0,2008260.0,0.9751976641297702
4417.0,2013800.0,0.9778355823021619
4418.0,2022300.0,0.9819105019797224
4419.0,2033960.0,0.9875192952285565
4420.0,2038750.0,0.9897922538800091
4421.0,2028170.0,0.9846034650709371
4422.0,2027470.0,0.9842114298039969
4423.0,2044400.0,0.9923773296138622
4424.0,2049570.0,0.9948342853988321
4425.0,2039660.0,0.9899718024247114
4426.0,2032680.0,0.9865319314635032
4427.0,2032960.0,0.9866158370204965
4428.0,2038290.0,0.9891504814336138
4429.0,2040320.0,0.9900835639234948
4430.0,2038070.0,0.9889398063663108
4431.0,2046190.0,0.9928278313877986
4432.0,2057170.0,0.9981031249292084
4433.0,2057740.0,0.9983274334317215
4434.0,2050960.0,0.9949860537766806
4435.0,2041330.0,0.9902625243770405
4436.0,2041750.0,0.9904146092764204
4437.0,2054820.0,0.996702691561415
4438.0,2062020.0,1.000143044796198
4439.0,2055520.0,0.9969385214123115
4440.0,2045490.0,0.9920224073438475
4441.0,2041190.0,0.9898856536647082
4442.0,2046450.0,0.9923851101356873
4443.0,2059690.0,0.9987539073390546
4444.0,2070020.0,1.0037111040765245
4445.0,2070030.0,1.003664145816133
4446.0,2064340.0,1.0008537218594888
4447.0,2056120.0,0.996817091086224
4448.0,2050330.0,0.9939589513231443
4449.0,2052510.0,0.9949646638371368
4450.0,2060140.0,0.9986121137186493
4451.0,2066200.0,1.001498263719766
4452.0,2066040.0,1.0013694671023188
4453.0,2061850.0,0.9992875832933126
4454.0,2057130.0,0.9969491205022465
4455.0,2055180.0,0.9959533190075069
4456.0,2058810.0,0.9976616482949415
4457.0,2065030.0,1.0006248705241818
4458.0,2072000.0,1.0039512555654806
4459.0,2074420.0,1.0050728573488974
4460.0,2072730.0,1.0042031845631567
4461.0,2069770.0,1.0027184030939393
4462.0,2065110.0,1.0004102995920543
4463.0,2063060.0,0.9993668056599021
4464.0,2064300.0,0.9999171123617522
4465.0,2066110.0,1.0007435169683456
4466.0,2070940.0,1.0030326037464965
4467.0,2073250.0,1.0041010615041164
4468.0,2068220.0,1.0016148047810038
4469.0,2060550.0,0.9978504088337463
4470.0,2056910.0,0.996037945346325
4471.0,2059080.0,0.9970390260320682
4472.0,2061690.0,0.9982531213837565
4473.0,2061010.0,0.9978742551252691
4474.0,2061240.0,0.9979360681251888
4475.0,2065820.0,1.0001038664629214
4476.0,2069800.0,1.0019810646452538
4477.0,2069440.0,1.001757278594662
4478.0,2070790.0,1.0023613092582293
4479.0,2074270.0,1.0039963246917858
4480.0,2075980.0,1.0047745728104536
4481.0,2076450.0,1.004952688108912
4482.0,2073700.0,1.0035725332999803
4483.0,2071080.0,1.0022554996120328
4484.0,2072980.0,1.0031259219765285
4485.0,2074060.0,1.0035995522541292
4486.0,2071330.0,1.002229713471129
4487.0,2069370.0,1.0012326373124154
4488.0,2071200.0,1.002069378832315
4489.0,2073920.0,1.0033366875215919
4490.0,2075790.0,1.0041927518624996
4491.0,2077440.0,1.0049423888716436
4492.0,2076580.0,1.0044779017015313
4493.0,2074140.0,1.0032493019238298
4494.0,2070600.0,1.0014888620888116
4495.0,2066710.0,0.9995593946379738
4496.0,2066760.0,0.9995356727655933
4497.0,2069800.0,1.0009580016514328
4498.0,2070380.0,1.0011906732288927
4499.0,2070980.0,1.001433075217284
4500.0,2073770.0,1.002734471470346
4501.0,2073560.0,1.0025852988851305
4502.0,2071770.0,1.0016723150411755
4503.0,2073090.0,1.0022630719759438
4504.0,2075330.0,1.0032986219753939
4505.0,2075220.0,1.0031981267158665
4506.0,2074050.0,1.0025853268252158
4507.0,2077050.0,1.0039883317814489
4508.0,2082330.0,1.0064933274992978
4509.0,2083950.0,1.0072291979003227
4510.0,2079850.0,1.0052005850518948
4511.0,2072530.0,1.001616080919841
4512.0,2070300.0,1.000491787692131
4513.0,2072160.0,1.0013441250653243
4514.0,2072060.0,1.00124937065487
4515.0,2072670.0,1.001497779515652
4516.0,2074750.0,1.0024565135230166
4517.0,2075130.0,1.0025938973082413
4518.0,2076310.0,1.003117858118074
4519.0,2080690.0,1.0051877905966007
4520.0,2083580.0,1.0065378330572672
4521.0,2082760.0,1.006095694547988
4522.0,2080350.0,1.00488565929916
4523.0,2078580.0,1.0039849555888423
4524.0,2076940.0,1.003147214958203
4525.0,2077450.0,1.0033480303558826
4526.0,2078670.0,1.0038918142327022
4527.0,2075960.0,1.002537737959402
4528.0,2074920.0,1.0019903296599433
4529.0,2079460.0,1.0041375562022563
4530.0,2082260.0,1.0054445042288775
4531.0,2080390.0,1.004496564967207
4532.0,2078100.0,1.0033460219559063
4533.0,2076270.0,1.0024177641569822
4534.0,2077150.0,1.00279800781258
4535.0,2081100.0,1.0046603704205685
4536.0,2083030.0,1.0055475440406918
4537.0,2083390.0,1.0056768792259012
4538.0,2083140.0,1.0055118597726442
4539.0,2083120.0,1.005457967156955
4540.0,2081800.0,1.0047767355775556
4541.0,2078320.0,1.0030531887050784
4542.0,2079200.0,1.0034340534336663
4543.0,2084170.0,1.0057887565531327
4544.0,2086460.0,1.00685008407125
4545.0,2086770.0,1.0069559854786305
4546.0,2087340.0,1.0071874348258802
4547.0,2086280.0,1.0066324891326508
4548.0,2083330.0,1.0051658056284947
4549.0,2080120.0,1.0035739112975297
4550.0,2077660.0,1.0023440855387746
4551.0,2077420.0,1.0021854367320955
4552.0,2079950.0,1.0033631465612556
4553.0,2083130.0,1.0048544051222086
4554.0,2085080.0,1.0057523426376704
4555.0,2087290.0,1.006775716437274
4556.0,2088690.0,1.0074084332927526
4557.0,2087640.0,1.0068595785433034
4558.0,2086190.0,1.00611796619428
4559.0,2085290.0,1.0056417630841934
4560.0,2084510.0,1.0052235750751526
4561.0,2085290.0,1.0055577845433177
4562.0,2085470.0,1.0056027571562822
4563.0,2084560.0,1.0051222637890014
4564.0,2084540.0,1.0050710366614115
4565.0,2085760.0,1.0056177701247728
4566.0,2088360.0,1.006829886871365
4567.0,2090090.0,1.0076225911211234
4568.0,2089590.0,1.0073403123977955
4569.0,2088450.0,1.0067496518997692
4570.0,2086900.0,1.0059615159530362
4571.0,2083880.0,1.0044649911082821
4572.0,2082680.0,1.0038459343413406
4573.0,2085170.0,1.0050055376929263
4574.0,2086900.0,1.005798871946213
4575.0,2085830.0,1.0052428264499158
4576.0,2084800.0,1.004706215891464
4577.0,2085710.0,1.0051046490818403
4578.0,2087880.0,1.0061103353426772
4579.0,2089130.0,1.0066727433835767
4580.0,2088810.0,1.00647872854731
4581.0,2089160.0,1.006607666970465
4582.0,2090480.0,1.0072040624489373
4583.0,2090930.0,1.007381373712581
4584.0,2090180.0,1.0069806672793455
4585.0,2088810.0,1.006281425435598
4586.0,2088510.0,1.0060978068629023
4587.0,2089590.0,1.0065790823088143
4588.0,2089750.0,1.0066172819271537
4589.0,2088660.0,1.0060535050108277
4590.0,2088410.0,1.0058944816100752
4591.0,2088750.0,1.0060197561794901
4592.0,2088660.0,1.0059380453164208
4593.0,2089290.0,1.0062032137196804
4594.0,2090280.0,1.0066418527147891
4595.0,2090840.0,1.006873507509131
4596.0,2091260.0,1.0070378503901665
4597.0,2091090.0,1.006918201875458
4598.0,2091050.0,1.0068612814358828
4599.0,2091480.0,1.0070307896925788
4600.0,2091400.0,1.0069548572202751
4601.0,2090650.0,1.0065564787650454
4602.0,2089280.0,1.005859762336611
4603.0,2088370.0,1.0053846755422806
4604.0,2089340.0,1.0058147865927638
4605.0,2090510.0,1.0063412688406952
4606.0,2090620.0,1.0063575886469733
4607.0,2090540.0,1.0062825771185342
4608.0,2090930.0,1.0064339244602476
4609.0,2091370.0,1.006609453958655
4610.0,2092000.0,1.006876545278916
4611.0,2092740.0,1.0071966865744768
4612.0,2092860.0,1.0072185498418382
4613.0,2092470.0,1.0069951045690626
4614.0,2092450.0,1.0069498596738011
4615.0,2092640.0,1.0070058025471973
4616.0,2092180.0,1.0067490941850874
4617.0,2091390.0,1.0063337452376107
4618.0,2090320.0,1.0057838307367113
4619.0,2089730.0,1.0054650358401256
4620.0,2090360.0,1.0057333724237283
4621.0,2091270.0,1.006136534163212
4622.0,2092080.0,1.006491691150592
4623.0,2092840.0,1.0068229028708986
4624.0,2093320.0,1.007019527756971
4625.0,2093460.0,1.0070527172297843
4626.0,2093170.0,1.006879195578289
4627.0,2092710.0,1.0066240478927306
4628.0,2092660.0,1.0065662618394058
4629.0,2092690.0,1.0065470937704974
4630.0,2093000.0,1.0066627335124152
4631.0,2093490.0,1.0068650730336062
4632.0,2093630.0,1.006899208857615
4633.0,2093410.0,1.0067603488610941
4634.0,2092240.0,1.006164777590804
4635.0,2090470.0,1.0052808506285127
4636.0,2090030.0,1.0050366789369571
4637.0,2090940.0,1.005441817743135
4638.0,2091960.0,1.005899962021361
4639.0,2093150.0,1.0064399567983822
4640.0,2094020.0,1.0068261978540058
4641.0,2094340.0,1.0069481176187423
4642.0,2094250.0,1.0068730508785257
4643.0,2094110.0,1.0067740919566694
4644.0,2094140.0,1.0067570083962731
4645.0,2094230.0,1.0067689121083307
4646.0,2094160.0,1.0067040424623626
4647.0,2094020.0,1.006605670428731
4648.0,2093990.0,1.006560323706187
4649.0,2093810.0,1.0064430221916114
4650.0,2093520.0,1.0062729992826358
4651.0,2093310.0,1.0061415829206075
4652.0,2092740.0,1.0058372919849914
4653.0,2092050.0,1.0054754905525922
4654.0,2091590.0,1.005224395101388
4655.0,2091520.0,1.005160890214792
4656.0,2092340.0,1.0055252468105387
4657.0,2093350.0,1.0059810352648506
4658.0,2093500.0,1.0060236745116542
4659.0,2093590.0,1.0060376271025564
4660.0,2094150.0,1.0062775707072709
4661.0,2094280.0,1.0063110321262856
4662.0,2093930.0,1.0061140051055328
4663.0,2093990.0,1.0061141343718514
4664.0,2094430.0,1.0062969895666432
4665.0,2094560.0,1.0063310452334948
4666.0,2094330.0,1.006192292583554
4667.0,2094160.0,1.006082524162181
4668.0,2094260.0,1.0061026239242261
4669.0,2094410.0,1.006146894279348
4670.0,2094270.0,1.0060520033912785
4671.0,2094000.0,1.0058948223021003
4672.0,2093610.0,1.005680160028929
4673.0,2093220.0,1.0054656628518788
4674.0,2093010.0,1.00533779067133
4675.0,2092590.0,1.0051092127379218
4676.0,2092340.0,1.0049624535253825
4677.0,2092560.0,1.0050415947175388
4678.0,2092580.0,1.0050248311169
4679.0,2092530.0,1.0049746054816033
4680.0,2093100.0,1.0052222969540086
4681.0,2093580.0,1.005426910442011
4682.0,2093460.0,1.0053435321845938
4683.0,2093510.0,1.0053419528263967
4684.0,2093660.0,1.0053885520994648
4685.0,2093730.0,1.0053968918374498
4686.0,2093940.0,1.0054726154173121
4687.0,2094310.0,1.0056253216443878
4688.0,2094600.0,1.0057397672594701
4689.0,2094410.0,1.0056238969113636
4690.0,2093840.0,1.0053257413819974
4691.0,2093450.0,1.0051141833180843
4692.0,2093440.0,1.0050852391095404
4693.0,2093290.0,1.0049892438200678
4694.0,2092790.0,1.0047253839340096
4695.0,2092770.0,1.0046921361334258
4696.0,2093000.0,1.0047790692518541
4697.0,2093100.0,1.0048037543039139
4698.0,2093720.0,1.005078224805286
4699.0,2094430.0,1.0053960497353116
4700.0,2094570.0,1.0054404119373583
4701.0,2094120.0,1.0052017302542637
4702.0,2093190.0,1.0047328242185023
4703.0,2092570.0,1.0044129016612113
4704.0,2092810.0,1.0045059416418782
4705.0,2093260.0,1.0046999374352503
4706.0,2093590.0,1.0048364965881105
4707.0,2093940.0,1.0049828160792593
4708.0,2094240.0,1.0051053001064398
4709.0,2094220.0,1.0050743701720262
4710.0,2093910.0,1.0049044339723545
4711.0,2093660.0,1.004763468296242
4712.0,2093390.0,1.00461307985384
4713.0,2092950.0,1.0043812863901482
4714.0,2092310.0,1.004053696876955
4715.0,2092400.0,1.0040765950094388
4716.0,2093270.0,1.004473952903404
4717.0,2093670.0,1.0046459371289718
4718.0,2093760.0,1.0046693359844379
4719.0,2093950.0,1.0047408891430667
4720.0,2094070.0,1.0047790246436952
4721.0,2093720.0,1.004591820090373
4722.0,2093440.0,1.004438382279062
4723.0,2093750.0,1.0045682023781042
4724.0,2094130.0,1.0047317767613813
4725.0,2094220.0,1.0047563846972813
4726.0,2093790.0,1.0045316878708321
4727.0,2093450.0,1.0043503529339424
4728.0,2093560.0,1.0043850877906007
4729.0,2093790.0,1.0044775665976158
4730.0,2094120.0,1.0046181920792736
4731.0,2094070.0,1.0045766944178003
4732.0,2093520.0,1.0042955175809354
4733.0,2093050.0,1.0040529048998132
4734.0,2093030.0,1.004026343657149
4735.0,2093220.0,1.0041006972412785
4736.0,2093200.0,1.0040744937743722
4737.0,2093100.0,1.0040100965420424
4738.0,2093110.0,1.0039986447866127
4739.0,2093220.0,1.0040353397378796
4740.0,2093170.0,1.0039954697125857
4741.0,2092960.0,1.00387903873695
4742.0,2092860.0,1.003815553061482
4743.0,2093140.0,1.003934510937735
4744.0,2093930.0,1.0042982555490505
4745.0,2094480.0,1.0045470640813638
4746.0,2094360.0,1.0044747101920004
4747.0,2094140.0,1.004354581821457
4748.0,2093820.0,1.0041866814025833
4749.0,2092910.0,1.003736012846073
4750.0,2091950.0,1.0032615626275767
4751.0,2091350.0,1.0029599577998098
4752.0,2091780.0,1.0031525025663683
4753.0,2093240.0,1.0038391772424182
4754.0,2094180.0,1.0042766508447964
4755.0,2094130.0,1.004239545553604
4756.0,2093830.0,1.0040827426241061
4757.0,2093800.0,1.0040556065058728
4758.0,2094010.0,1.004143746712538
4759.0,2093740.0,1.0040019009583425
4760.0,2092410.0,1.0033519566133868
4761.0,2090760.0,1.0025487726085935
4762.0,2090480.0,1.002402723592331
4763.0,2091700.0,1.0029761220887305
4764.0,2092870.0,1.0035257229015806
4765.0,2093270.0,1.0037062933035803
4766.0,2093370.0,1.0037432049741404
4767.0,2093440.0,1.003765923113568
4768.0,2093510.0,1.0037888329027873
4769.0,2093430.0,1.0037400140374815
4770.0,2092360.0,1.0032167172083022
4771.0,2090520.0,1.0023244386778827
4772.0,2089300.0,1.0017296347652145
4773.0,2089770.0,1.0019453108567258
4774.0,2091630.0,1.0028276096576347
4775.0,2093000.0,1.0034751594812412
4776.0,2092960.0,1.0034468836573986
4777.0,2092740.0,1.0033325058406206
4778.0,2092570.0,1.0032422977290105
4779.0,2091480.0,1.0027112152189224
4780.0,2090040.0,1.0020125405434428
4781.0,2090090.0,1.0020284084321989
4782.0,2090700.0,1.0023129460197617
4783.0,2090130.0,1.0020319718398982
4784.0,2089840.0,1.0018854344621577
4785.0,2091220.0,1.0025397030618697
4786.0,2092610.0,1.0031989555491652
4787.0,2091970.0,1.0028852216913144
4788.0,2089880.0,1.0018765705429535
4789.0,2088870.0,1.0013858755858984
4790.0,2090050.0,1.0019452477115336
4791.0,2091350.0,1.002562340366471
4792.0,2091170.0,1.002470141402888
4793.0,2089980.0,1.0018939721770252
4794.0,2088920.0,1.0013803308680735
4795.0,2088600.0,1.0012216350072323
4796.0,2088530.0,1.0011829869553692
4797.0,2088650.0,1.0012356230844122
4798.0,2088930.0,1.0013651614762074
4799.0,2089400.0,1.0015859825033315
4800.0,2090110.0,1.0019220536534594
4801.0,2090490.0,1.0021001380912495
4802.0,2090080.0,1.0018997328887063
4803.0,2088520.0,1.0011482739223727
4804.0,2086360.0,1.000109413040515
4805.0,2085990.0,0.9999288103730373
4806.0,2086700.0,1.000266117172327
4807.0,2086930.0,1.0003735406207361
4808.0,2088050.0,1.0009077933190642
4809.0,2089350.0,1.0015285346307303
4810.0,2089520.0,1.0016078184832302
4811.0,2088520.0,1.0011264750218756
4812.0,2087270.0,1.0005255064604712
4813.0,2086050.0,0.9999391302731013
4814.0,2083640.0,0.9987825454568723
4815.0,2083050.0,0.9984985809986859
4816.0,2085710.0,0.9997726961162553
4817.0,2087180.0,1.0004766015623339
4818.0,2086760.0,1.0002747590217704
4819.0,2086300.0,1.000053955315192
4820.0,2086770.0,1.0002791537016644
4821.0,2086500.0,1.00014985125665
4822.0,2084500.0,0.9991914981289517
4823.0,2082870.0,0.9984107151582051
4824.0,2082300.0,0.9981382499845727
4825.0,2083000.0,0.9984747663682256
4826.0,2083640.0,0.9987827376666205
4827.0,2083560.0,0.9987457961401365
4828.0,2083720.0,0.9988241134622299
4829.0,2084330.0,0.9991183536290121
4830.0,2084400.0,0.9991539634436291
4831.0,2082900.0,0.9984372116906735
4832.0,2081010.0,0.9975337270771975
4833.0,2079980.0,0.9970426981021263
4834.0,2079680.0,0.996901812257644
4835.0,2079780.0,0.9969528857970459
4836.0,2080870.0,0.99747874136323
4837.0,2082010.0,0.9980287877008699
4838.0,2080950.0,0.9975244655479354
4839.0,2077790.0,0.9960136991449802
4840.0,2076200.0,0.9952557419827034
4841.0,2076270.0,0.995293746525182
4842.0,2075430.0,0.9948957468602632
4843.0,2074800.0,0.994598632342978
4844.0,2075900.0,0.9951310521012905
4845.0,2075710.0,0.9950453045317136
4846.0,2073150.0,0.993823651206499
4847.0,2072090.0,0.993321278469088
4848.0,2072370.0,0.9934614974453714
4849.0,2071570.0,0.9930842031709479
4850.0,2068920.0,0.9918202555269664
4851.0,2063220.0,0.9890943645636097
4852.0,2056700.0,0.9859755544581882
4853.0,2051740.0,0.9836047880615156
4854.0,2045600.0,0.9806685136882489
4855.0,2033840.0,0.9750381479157161
4856.0,2012640.0,0.9648822747621609
4857.0,1977390.0,0.9479906774920561
4858.0,1913300.0,0.9172725733110387
4859.0,1779890.0,0.8533205464943807
4860.0,1539180.0,0.7379250510193085
4861.0,1320510.0,0.6330943523190624
4862.0,1376600.0,0.6599917586811115
4863.0,1634780.0,0.7837799792907173
4864.0,1841900.0,0.883090271923894
4865.0,1946090.0,0.9330529217074045
4866.0,1995030.0,0.9565269063007802
4867.0,2020850.0,0.9689164822482238
4868.0,2038120.0,0.9772071180609426
4869.0,2050450.0,0.9831295767646219
4870.0,2057480.0,0.9865111747329538
4871.0,2061130.0,0.9882724336362582
4872.0,2065270.0,0.9902689125904964
4873.0,2070230.0,0.992658853931535
4874.0,2072770.0,0.9938887007072388
4875.0,2073030.0,0.9940255429106196
4876.0,2074470.0,0.9947284443817395
4877.0,2076200.0,0.9955706581825827
4878.0,2076270.0,0.9956171227548454
4879.0,2077050.0,0.9960042897227683
4880.0,2078920.0,0.9969143964640442
4881.0,2079060.0,0.99699515861046
4882.0,2078830.0,0.9968987278746038
4883.0,2079750.0,0.9973540204461524
4884.0,2079910.0,0.9974450977009882
4885.0,2079900.0,0.9974548899154624
4886.0,2079810.0,0.9974265557630849
4887.0,2079800.0,0.9974368272215942
4888.0,2080880.0,0.9979700927728165
4889.0,2082020.0,0.9985323914701758
4890.0,2082040.0,0.9985577910247383
4891.0,2081760.0,0.9984395491806075
4892.0,2082970.0,0.9990361809492266
4893.0,2084460.0,0.999767371132903
4894.0,2084800.0,0.9999472464311964
4895.0,2084740.0,0.9999355134883224
4896.0,2084790.0,0.999976786184868
4897.0,2084490.0,0.9998504232407244
4898.0,2084050.0,0.9996571469445028
4899.0,2084210.0,0.9997519165085674
4900.0,2084310.0,0.9998181540206442
4901.0,2083780.0,0.9995824312466317
4902.0,2083270.0,0.9993565403661459
4903.0,2083030.0,0.9992604108878291
4904.0,2082880.0,0.9992077002188086
4905.0,2082730.0,0.9991552352304518
4906.0,2082330.0,0.9989830804260552
4907.0,2081460.0,0.9985856826757412
4908.0,2080520.0,0.998154932555369
4909.0,2079590.0,0.9977292089804085
4910.0,2078510.0,0.9972317463160388
4911.0,2077810.0,0.9969168290397571
4912.0,2078340.0,0.9971922998635468
4913.0,2079520.0,0.9977799047981227
4914.0,2081510.0,0.9987564355755315
4915.0,2083760.0,0.99985800929614
4916.0,2084650.0,1.0003072868411047
4917.0,2084400.0,1.0002097926544253
4918.0,2083880.0,0.9999829726549115
4919.0,2082900.0,0.9995356407477869
4920.0,2081990.0,0.9991221215890093
4921.0,2082280.0,0.9992847029294862
4922.0,2083290.0,0.9997930677639277
4923.0,2083350.0,0.9998457705518812
4924.0,2083030.0,0.9997163403586906
4925.0,2083350.0,0.9998943077257711
4926.0,2083500.0,0.9999909293972314
4927.0,2082880.0,0.9997182174142549
4928.0,2082570.0,0.9995945232566199
4929.0,2082890.0,0.9997734554437488
4930.0,2082390.0,0.9995590283711757
4931.0,2081470.0,0.9991432184219741
4932.0,2081320.0,0.9990972455882388
4933.0,2080760.0,0.9988546872651091
4934.0,2079870.0,0.9984539317465484
4935.0,2079300.0,0.9982070103632864
4936.0,2078180.0,0.9976962636761674
4937.0,2076790.0,0.9970560960046159
4938.0,2075100.0,0.9962720925864198
4939.0,2074030.0,0.9957859521059378
4940.0,2075180.0,0.9963659139781103
4941.0,2077800.0,0.9976519562553506
4942.0,2081020.0,0.9992263981629672
4943.0,2083380.0,1.000388208491295
4944.0,2084200.0,1.0008108232911714
4945.0,2084320.0,1.0008975492273597
4946.0,2084240.0,1.0008884652878638
4947.0,2084140.0,1.0008700042343774
4948.0,2083920.0,1.0007941401220968
4949.0,2083690.0,1.0007136959061538
4950.0,2083610.0,1.000705514592132
4951.0,2083630.0,1.0007455877451077
4952.0,2083750.0,1.0008339192934856
4953.0,2083810.0,1.0008936621815394
4954.0,2083690.0,1.0008671732118886
4955.0,2083210.0,1.0006679809764956
4956.0,2081720.0,0.9999838318414973
4957.0,2079620.0,0.9990068307105817
4958.0,2079670.0,0.9990628383829703
4959.0,2081730.0,1.000084696170194
4960.0,2082900.0,1.0006792623468541
4961.0,2083040.0,1.0007792333489067
4962.0,2083020.0,1.0008025582495141
4963.0,2082940.0,1.0007972763310764
4964.0,2082670.0,1.0007009206144803
4965.0,2082300.0,1.000556726918104
4966.0,2082210.0,1.000547288105382
4967.0,2082380.0,1.0006630065611852
4968.0,2082450.0,1.0007308949736335
4969.0,2082360.0,1.000722113700793
4970.0,2082180.0,1.000670295453157
4971.0,2082100.0,1.0006667500811102
4972.0,2082090.0,1.0006970634843864
4973.0,2082010.0,1.0006939493653868
4974.0,2081790.0,1.0006237577910202
4975.0,2081520.0,1.0005297415987726
4976.0,2081390.0,1.0005032287551008
4977.0,2081500.0,1.0005922967509882
4978.0,2081500.0,1.000628703993872
4979.0,2081330.0,1.0005835997071786
4980.0,2081180.0,1.0005483188258526
4981.0,2080930.0,1.0004651685569763
4982.0,2080610.0,1.000348566898461
4983.0,2080480.0,1.0003235211245756
4984.0,2080550.0,1.0003948493179333
4985.0,2080680.0,1.0004952428868503
4986.0,2080670.0,1.0005285310020826
4987.0,2080400.0,1.0004369990898716
4988.0,2080080.0,1.000321622374569
4989.0,2080100.0,1.0003699578735965
4990.0,2080120.0,1.0004185036062232
4991.0,2079900.0,1.0003518283596933
4992.0,2079830.0,1.0003575004258556
4993.0,2079900.0,1.0004307178429388
4994.0,2079880.0,1.0004608538945687
4995.0,2079830.0,1.0004767652216637
4996.0,2079730.0,1.0004688284808523
4997.0,2079590.0,1.0004418510526087
4998.0,2079460.0,1.0004198849082693
4999.0,2079210.0,1.0003403851081456
5000.0,2078920.0,1.0002418348867674
5001.0,2078670.0,1.0001627237464115
5002.0,2078530.0,1.0001367357855186
5003.0,2078560.0,1.0001927487769011
5004.0,2078570.0,1.0002393415987325
5005.0,2078220.0,1.0001128925782654
5006.0,2077820.0,0.9999625685875074
5007.0,2077900.0,1.0000434423000282
5008.0,2078130.0,1.0001967147996802
5009.0,2078090.0,1.0002202417371784
5010.0,2077910.0,1.0001765798815172
5011.0,2077670.0,1.0001042287227246
5012.0,2077420.0,1.0000272529671872
5013.0,2077340.0,1.0000323035327812
5014.0,2077300.0,1.0000568058450894
5015.0,2077360.0,1.0001296485222673
5016.0,2077320.0,1.000154544698163
5017.0,2076880.0,0.9999870419607153
5018.0,2076340.0,0.9997715661116755
5019.0,2076350.0,0.9998211034474149
5020.0,2076600.0,0.9999864086026713
5021.0,2076550.0,1.0000074481196226
5022.0,2076380.0,0.9999708887856793
5023.0,2076390.0,1.0000212068347791
5024.0,2076430.0,1.000086168051236
5025.0,2076340.0,1.0000887084656893
5026.0,2076240.0,1.0000866207720212
5027.0,2076160.0,1.000094354938653
5028.0,2076090.0,1.0001070945630992
5029.0,2075960.0,1.0000911174307576
5030.0,2075740.0,1.000031965867392
5031.0,2075660.0,1.0000404458763368
5032.0,2075600.0,1.000058748491386
5033.0,2075370.0,0.9999953250938798
5034.0,2075140.0,0.9999320801393314
5035.0,2075130.0,0.9999750279175548
5036.0,2075110.0,1.000013344186955
5037.0,2074910.0,0.9999650993895828
5038.0,2074720.0,0.9999218519553666
5039.0,2074650.0,0.999936619708561
5040.0,2074350.0,0.9998407099163082
5041.0,2073870.0,0.9996582071247077
5042.0,2073830.0,0.9996879684962753
5043.0,2074090.0,0.9998625345791773
5044.0,2074090.0,0.9999119521983985
5045.0,2073850.0,0.9998458447280896
5046.0,2073690.0,0.9998184807110244
5047.0,2073660.0,0.9998539738474491
5048.0,2073510.0,0.9998317848481494
5049.0,2073160.0,0.9997133271424826
5050.0,2072930.0,0.99965290290912
5051.0,2072790.0,0.9996360524230927
5052.0,2072580.0,0.9995856153157808
5053.0,2072590.0,0.9996414573072913
5054.0,2072760.0,0.9997746538049834
5055.0,2072530.0,0.9997150920840793
5056.0,2072030.0,0.9995254525154735
5057.0,2071920.0,0.9995241078918632
5058.0,2071940.0,0.9995856526719559
5059.0,2071730.0,0.9995364089158341
5060.0,2071670.0,0.9995597049097464
5061.0,2071740.0,0.9996459012304297
5062.0,2071570.0,0.9996164673177629
5063.0,2071340.0,0.9995582462744331
5064.0,2071290.0,0.9995870549758811
5065.0,2071320.0,0.9996546450376775
5066.0,2071200.0,0.9996500142965148
5067.0,2070880.0,0.9995490172556554
5068.0,2070710.0,0.9995205810132582
5069.0,2070610.0,0.9995260990773216
5070.0,2070520.0,0.9995366116249723
5071.0,2070610.0,0.9996341903383502
5072.0,2070550.0,0.9996595252244947
5073.0,2070190.0,0.9995401802132893
5074.0,2069920.0,0.999464443257897
5075.0,2069810.0,0.9994661224374445
5076.0,2069700.0,0.9994679652177716
5077.0,2069630.0,0.9994892883738816
5078.0,2069580.0,0.9995204354692866
5079.0,2069300.0,0.9994406614152812
5080.0,2068950.0,0.9993272290845242
5081.0,2068900.0,0.9993588566289527
5082.0,2068760.0,0.9993471721911299
5083.0,2068480.0,0.9992680133373532
5084.0,2068480.0,0.9993242786006141
5085.0,2068430.0,0.9993565517381994
5086.0,2068200.0,0.9993020154749098
5087.0,2068170.0,0.9993442713591365
5088.0,2068160.0,0.999396354046521
5089.0,2067830.0,0.9992939572476041
5090.0,2067560.0,0.9992207022299563
5091.0,2067540.0,0.9992684228785037
5092.0,2067530.0,0.9993211378136
5093.0,2067500.0,0.9993643463593345
5094.0,2067260.0,0.9993062010492658
5095.0,2066830.0,0.9991563522303665
5096.0,2066670.0,0.9991371715873386
5097.0,2066660.0,0.9991906637171022
5098.0,2066580.0,0.9992104688365412
5099.0,2066520.0,0.9992400989130652
5100.0,2066270.0,0.9991780063122582
5101.0,2065960.0,0.999087041598514
5102.0,2065990.0,0.9991606483822205
5103.0,2066040.0,0.9992440867985755
5104.0,2065980.0,0.9992744796451979
5105.0,2065890.0,0.9992905137199136
5106.0,2065590.0,0.9992051130484616
5107.0,2065140.0,0.9990472849368502
5108.0,2064670.0,0.9988799093185587
5109.0,2064510.0,0.9988626463151374
5110.0,2064620.0,0.9989761683397487
5111.0,2064680.0,0.9990656557336194
5112.0,2064760.0,0.9991649775991135
5113.0,2064750.0,0.9992209015518806
5114.0,2064610.0,0.999214060296565
5115.0,2064430.0,0.9991880020104227
5116.0,2064030.0,0.9990555969742827
5117.0,2063660.0,0.9989378403897768
5118.0,2063620.0,0.998979961709089
5119.0,2063680.0,0.9990706421545598
5120.0,2063620.0,0.9991033770565456
5121.0,2063440.0,0.9990781551684472
5122.0,2063260.0,0.9990530705050161
5123.0,2063070.0,0.9990232801607261
5124.0,2062870.0,0.9989887827343066
5125.0,2062610.0,0.998925361739329
5126.0,2062110.0,0.9987458314535523
5127.0,2061440.0,0.9984840748200495
5128.0,2061010.0,0.9983386768197997
5129.0,2061070.0,0.9984307647495044
5130.0,2061590.0,0.9987458494910386
5131.0,2062120.0,0.9990659547970391
5132.0,2062230.0,0.9991827395072619
5133.0,2062040.0,0.9991543099779602
5134.0,2061810.0,0.9991066280779435
5135.0,2061730.0,0.9991317651956158
5136.0,2061640.0,0.9991521924839821
5137.0,2061380.0,0.9990903612331772
5138.0,2060780.0,0.9988638557426157
5139.0,2060100.0,0.9985986742160153
5140.0,2060020.0,0.998624448374571
5141.0,2060310.0,0.9988297311045201
5142.0,2060400.0,0.9989382052937001
5143.0,2060370.0,0.9989886403284335
5144.0,2060350.0,0.9990440601509614
5145.0,2060250.0,0.9990608222554602
5146.0,2060100.0,0.9990534671787052
5147.0,2059940.0,0.9990413890987945
5148.0,2059750.0,0.9990148862205471
5149.0,2059560.0,0.9989885066639429
5150.0,2059310.0,0.9989331450440126
5151.0,2059000.0,0.9988487950926728
5152.0,2058700.0,0.9987694107159981
5153.0,2058430.0,0.9987046959180229
5154.0,2058360.0,0.9987371388083219
5155.0,2058440.0,0.9988424961477297
5156.0,2058440.0,0.9989091688226425
5157.0,2058320.0,0.9989177363077115
5158.0,2058120.0,0.9988876000299103
5159.0,2057900.0,0.9988478740314106
5160.0,2057600.0,0.9987694315525735
5161.0,2057130.0,0.9986085748436567
5162.0,2056440.0,0.9983410131485629
5163.0,2055420.0,0.9979133188791254
5164.0,2054110.0,0.9973448803295646
5165.0,2053030.0,0.9968881641675367
5166.0,2049940.0,0.9954554434686587
5167.0,2044480.0,0.9928716893787962
5168.0,2045840.0,0.9935999583520779
5169.0,2052440.0,0.9968735196550614
5170.0,2054910.0,0.998141559737057
5171.0,2048900.0,0.9952905745315074
5172.0,2035050.0,0.9886306277201854
5173.0,2031620.0,0.9870322797698812
5174.0,2044680.0,0.993445797523442
5175.0,2054520.0,0.9982957088701383
5176.0,2056760.0,0.9994532921042942
5177.0,2056860.0,0.9995711738053208
5178.0,2056740.0,0.9995822634453783
5179.0,2056580.0,0.9995740249326156
5180.0,2056200.0,0.9994589609591091
5181.0,2054010.0,0.9984641419959662
5182.0,2043400.0,0.9933760055906223
5183.0,2023350.0,0.9836977947966636
5184.0,2020200.0,0.9822352321282536
5185.0,2039270.0,0.9915768478187218
5186.0,2052240.0,0.9979536051489083
5187.0,2054980.0,0.9993564213301855
5188.0,2055030.0,0.9994512775642148
5189.0,2054850.0,0.9994343869283647
5190.0,2054630.0,0.9993981436179525
5191.0,2054210.0,0.999264711445459
5192.0,2053820.0,0.9991459599815954
5193.0,2053800.0,0.999207307368958
5194.0,2053820.0,0.9992882297144116
5195.0,2053700.0,0.9993011452812041
5196.0,2053710.0,0.9993774265421228
5197.0,2053660.0,0.9994246220785763
5198.0,2053430.0,0.9993843223192738
5199.0,2053320.0,0.9994025254740722
5200.0,2053310.0,0.9994695084330156
5201.0,2053180.0,0.9994781862796456
5202.0,2052920.0,0.9994236776062931
5203.0,2052510.0,0.9992962309057006
5204.0,2051830.0,0.9990374017452894
5205.0,2051120.0,0.9987640256546116
5206.0,2050820.0,0.9986903662272207
5207.0,2050720.0,0.9987141949954388
5208.0,2050250.0,0.9985579187392988
5209.0,2050340.0,0.9986744796769804
5210.0,2051100.0,0.9991175193778268
5211.0,2051460.0,0.9993658598942675
5212.0,2051470.0,0.9994438173352359
5213.0,2051340.0,0.9994536700050719
5214.0,2051100.0,0.9994100200990731
5215.0,2050710.0,0.9992933636645261
5216.0,2050310.0,0.9991719098852566
5217.0,2050230.0,0.9992064869853516
5218.0,2050360.0,0.9993435150327602
5219.0,2050350.0,0.9994124139527759
5220.0,2050210.0,0.9994180428724374
5221.0,2050080.0,0.9994286382482891
5222.0,2049950.0,0.9994393252401153
5223.0,2049790.0,0.9994354761195551
5224.0,2049550.0,0.9993927070778403
5225.0,2048990.0,0.9991939733162815
5226.0,2047550.0,0.9985661348898994
5227.0,2046200.0,0.9979821889972381
5228.0,2046830.0,0.9983640141017216
5229.0,2048070.0,0.9990435444171638
5230.0,2048410.0,0.9992842178157014
5231.0,2048170.0,0.9992420547391725
5232.0,2047470.0,0.9989755407825197
5233.0,2046940.0,0.9987920303946864
5234.0,2047230.0,0.9990087300584669
5235.0,2047590.0,0.9992597174660541
5236.0,2047550.0,0.9993156152712569
5237.0,2047370.0,0.9993032833829084
5238.0,2047210.0,0.9993008071865689
5239.0,2047090.0,0.9993179525795212
5240.0,2046980.0,0.9993400783203219
5241.0,2046830.0,0.9993427739436881
5242.0,2046650.0,0.9993309181429733
5243.0,2046460.0,0.9993142742231519
5244.0,2046300.0,0.9993123754773736
5245.0,2046150.0,0.9993154578744943
5246.0,2045980.0,0.9993088701490171
5247.0,2045780.0,0.9992877258080868
5248.0,2045640.0,0.9992959868952359
5249.0,2045490.0,0.9992994628825907
5250.0,2045280.0,0.9992737242508337
5251.0,2045100.0,0.9992627397914587
5252.0,2044980.0,0.9992811727935432
5253.0,2044840.0,0.9992899353423802
5254.0,2044660.0,0.999279251030557
5255.0,2044460.0,0.9992588909848114
5256.0,2044280.0,0.9992484053937557
5257.0,2044110.0,0.9992429085091642
5258.0,2043940.0,0.9992375130689359
5259.0,2043760.0,0.9992273302915213
5260.0,2043570.0,0.9992123594134066
5261.0,2043330.0,0.9991730399679593
5262.0,2043080.0,0.9991289278255753
5263.0,2042870.0,0.9991044756583388
5264.0,2042630.0,0.9990654509185444
5265.0,2042310.0,0.9989873932323154
5266.0,2041920.0,0.9988751855783262
5267.0,2041350.0,0.9986750057103669
5268.0,2038680.0,0.9974474512268237
5269.0,2033200.0,0.9948448759227703
5270.0,2031860.0,0.9942678578547338
5271.0,2036640.0,0.9966858454225591
5272.0,2040360.0,0.9985855421993214
5273.0,2041200.0,0.9990760172772956
5274.0,2041150.0,0.9991310286814835
5275.0,2040990.0,0.9991323087181568
5276.0,2040810.0,0.9991239064031534
5277.0,2040660.0,0.9991303003421392
5278.0,2040500.0,0.999131908421907
5279.0,2040340.0,0.9991336267504398
5280.0,2040130.0,0.9991109692600604
5281.0,2039860.0,0.9990590327484102
5282.0,2039550.0,0.9989876066538254
5283.0,2039300.0,0.9989456713382866
5284.0,2039180.0,0.9989675263603001
5285.0,2039170.0,0.9990433890063943
5286.0,2039080.0,0.999080179192275
5287.0,2038910.0,0.9990778877981217
5288.0,2038720.0,0.9990659084148782
5289.0,2038560.0,0.9990687433133169
5290.0,2038430.0,0.9990863964680551
5291.0,2038280.0,0.9990943635943814
5292.0,2038110.0,0.9990926426837966
5293.0,2037910.0,0.9990763292648707
5294.0,2037710.0,0.9990601286812069
5295.0,2037490.0,0.9990342347949689
5296.0,2037220.0,0.9989839345824658
5297.0,2036960.0,0.998938646764409
5298.0,2036810.0,0.9989474176249742
5299.0,2036710.0,0.998980831644023
5300.0,2036600.0,0.9990094636119382
5301.0,2036410.0,0.9989989729042024
5302.0,2036200.0,0.9989787867194907
5303.0,2036060.0,0.9989930615076676
5304.0,2035930.0,0.9990123646809382
5305.0,2035750.0,0.999007253533347
5306.0,2035540.0,0.9989875372721174
5307.0,2035320.0,0.9989630283654667
5308.0,2035140.0,0.9989582682001046
5309.0,2034980.0,0.9989634436696002
5310.0,2034820.0,0.998968738387057
5311.0,2034630.0,0.9989594228878893
5312.0,2034420.0,0.9989404035378197
5313.0,2034210.0,0.9989214989582756
5314.0,2034050.0,0.9989272641581776
5315.0,2033910.0,0.9989429709208609
5316.0,2033700.0,0.9989244149145295
5317.0,2033510.0,0.9989157977481339
5318.0,2033360.0,0.9989269471856338
5319.0,2033200.0,0.9989333025793167
5320.0,2033020.0,0.9989299490366164
5321.0,2032840.0,0.9989267118242032
5322.0,2032600.0,0.9988941046285831
5323.0,2032160.0,0.9987633127513961
5324.0,2031640.0,0.9985932932951246
5325.0,2031430.0,0.998575745527417
5326.0,2030640.0,0.9982731799217062
5327.0,2027640.0,0.9968841373264263
5328.0,2024900.0,0.9956228105906315
5329.0,2026720.0,0.9966036810281949
5330.0,2029720.0,0.998165130563556
5331.0,2030690.0,0.9987285764300102
5332.0,2030630.0,0.998785619523679
5333.0,2030450.0,0.9987837594689887
5334.0,2030330.0,0.9988115309579858
5335.0,2030210.0,0.9988394222889261
5336.0,2030040.0,0.9988428318031197
5337.0,2029830.0,0.998826673696306
5338.0,2029560.0,0.9987811003535727
5339.0,2029210.0,0.9986962606989748
5340.0,2028790.0,0.9985770662807862
5341.0,2028590.0,0.9985662593552654
5342.0,2028670.0,0.9986934056993727
5343.0,2028700.0,0.9987960716807465
5344.0,2028540.0,0.9988053180234475
5345.0,2028310.0,0.9987802102723792
5346.0,2028050.0,0.9987404377149632
5347.0,2027800.0,0.9987056965849909
5348.0,2027590.0,0.9986907645816193
5349.0,2027370.0,0.9986710171045223
5350.0,2027200.0,0.9986760110081943
5351.0,2027100.0,0.9987156063854068
5352.0,2026930.0,0.99872083072206
5353.0,2026720.0,0.9987064577818427
5354.0,2026590.0,0.9987316198314362
5355.0,2026440.0,0.9987470415385606
5356.0,2026280.0,0.9987576491704449
5357.0,2026100.0,0.9987585118292462
5358.0,2025830.0,0.9987151174070955
5359.0,2025490.0,0.9986373145163091
5360.0,2025210.0,0.9985891940140809
5361.0,2025050.0,0.998600351188514
5362.0,2024930.0,0.9986313484715554
5363.0,2024770.0,0.9986427340704752
5364.0,2024510.0,0.9986049070691044
5365.0,2024200.0,0.9985425190566319
5366.0,2024040.0,0.9985542326037448
5367.0,2023960.0,0.998605530317664
5368.0,2023790.0,0.9986125386040394
5369.0,2023320.0,0.9984716140460084
5370.0,2021930.0,0.9978767293589733
5371.0,2019820.0,0.9969264742967086
5372.0,2019720.0,0.996968325653127
5373.0,2021530.0,0.997953189406663
5374.0,2022510.0,0.9985285661022545
5375.0,2022590.0,0.9986597803800917
5376.0,2022400.0,0.9986578027062512
5377.0,2022030.0,0.998567042128943
5378.0,2021720.0,0.998506007392289
5379.0,2021530.0,0.9985043426524639
5380.0,2021310.0,0.9984879671159828
5381.0,2021170.0,0.9985112194503661
5382.0,2021030.0,0.9985345847529608
5383.0,2020800.0,0.9985135923008177
5384.0,2020680.0,0.998547062368577
5385.0,2020640.0,0.9986201837083568
5386.0,2020450.0,0.9986192884139129
5387.0,2020160.0,0.9985690707546582
5388.0,2019900.0,0.9985337820255159
5389.0,2019590.0,0.9984738747050165
5390.0,2019360.0,0.9984536190045302
5391.0,2019300.0,0.9985175297357978
5392.0,2019200.0,0.9985617784347851
5393.0,2019000.0,0.9985566846449909
5394.0,2018750.0,0.998526965628343
5395.0,2018220.0,0.9983588395016793
5396.0,2017160.0,0.9979285870532072
5397.0,2016220.0,0.9975577319358595
5398.0,2016570.0,0.997825222021647
5399.0,2017310.0,0.9982858643812357
5400.0,2017490.0,0.9984695523933952
5401.0,2017350.0,0.9984949961315076
5402.0,2017120.0,0.9984760005931003
5403.0,2016760.0,0.9983927510460662
5404.0,2016010.0,0.9981165042787887
5405.0,2014760.0,0.9975927392731937
5406.0,2014210.0,0.9974156122964998
5407.0,2015050.0,0.9979269358237818
5408.0,2015700.0,0.998344358246362
5409.0,2015590.0,0.998385513554787
5410.0,2015270.0,0.9983227520028809
5411.0,2015060.0,0.9983145800740433
5412.0,2014910.0,0.9983362396306874
5413.0,2014750.0,0.9983530525959703
5414.0,2014540.0,0.9983451946381423
5415.0,2014350.0,0.998347351709612
5416.0,2014300.0,0.9984190064244207
5417.0,2014260.0,0.9984957360555617
5418.0,2014060.0,0.9984932625114747
5419.0,2013750.0,0.9984363531118492
5420.0,2013510.0,0.9984142462304468
5421.0,2013380.0,0.9984467880803164
5422.0,2013190.0,0.9984496822733067
5423.0,2012750.0,0.9983286795703782
5424.0,2012330.0,0.9982176772718199
5425.0,2012250.0,0.9982754298379941
5426.0,2012160.0,0.9983283349084556
5427.0,2011870.0,0.9982821136676376
5428.0,2011160.0,0.9980275630159179
5429.0,2009820.0,0.9974603998913607
5430.0,2009270.0,0.9972853378127707
5431.0,2010110.0,0.9978003266208972
5432.0,2010590.0,0.998136800252436
5433.0,2010050.0,0.997967023449568
5434.0,2009140.0,0.997613595840858
5435.0,2008990.0,0.9976376057415093
5436.0,2009520.0,0.9979994339632046
5437.0,2009780.0,0.9982273300231173
5438.0,2009700.0,0.9982864826953145
5439.0,2009520.0,0.9982960696996721
5440.0,2009310.0,0.9982908544316444
5441.0,2009150.0,0.9983105828990767
5442.0,2009010.0,0.9983403544562889
5443.0,2008790.0,0.9983304738646328
5444.0,2008460.0,0.9982660182067762
5445.0,2007790.0,0.9980326425430381
5446.0,2006570.0,0.9975258987827827
5447.0,2005870.0,0.9972776868443423
5448.0,2006620.0,0.9977505074873001
5449.0,2007440.0,0.9982583319934797
5450.0,2007500.0,0.9983883876571589
5451.0,2007190.0,0.9983345384711318
5452.0,2006940.0,0.9983106233904679
5453.0,2006780.0,0.9983315756782244
5454.0,2006250.0,0.998168545186536
5455.0,2005250.0,0.997771718092385
5456.0,2004860.0,0.9976784637189847
5457.0,2005320.0,0.9980083172061105
5458.0,2005590.0,0.9982437669623228
5459.0,2005530.0,0.9983150948638325
5460.0,2005400.0,0.9983516871098321
5461.0,2005140.0,0.9983236600527895
5462.0,2004810.0,0.9982608698170196
5463.0,2004570.0,0.9982429830069435
5464.0,2004390.0,0.9982550721566836
5465.0,2004160.0,0.9982423569220421
5466.0,2003990.0,0.998259624524232
5467.0,2003860.0,0.9982969202706082
5468.0,2003700.0,0.998319373513409
5469.0,2003520.0,0.9983319624455026
5470.0,2003380.0,0.9983645842982393
5471.0,2003250.0,0.9984022933616858
5472.0,2002980.0,0.9983703246953683
5473.0,2002640.0,0.9983035512218961
5474.0,2002350.0,0.9982617874448495
5475.0,2002020.0,0.9982001672489998
5476.0,2001590.0,0.998088765451109
5477.0,2001280.0,0.9980372803426512
5478.0,2001280.0,0.9981404930332338
5479.0,2001330.0,0.9982687627097487
5480.0,2001280.0,0.9983472688904038
5481.0,2001080.0,0.9983510506734448
5482.0,2000730.0,0.9982800846569255
5483.0,2000400.0,0.9982191790503612
5484.0,2000210.0,0.9982282242330569
5485.0,2000100.0,0.9982772950777753
5486.0,1999880.0,0.998271562471623
5487.0,1999500.0,0.9981860482315622
5488.0,1999210.0,0.9981455447003602
5489.0,1999050.0,0.9981700387170762
5490.0,1998830.0,0.9981646693876967
5491.0,1998580.0,0.9981444099887165
5492.0,1998320.0,0.9981192452703992
5493.0,1998040.0,0.9980841782192982
5494.0,1997890.0,0.9981141431796559
5495.0,1997780.0,0.9981641932186891
5496.0,1997430.0,0.9980944215368981
5497.0,1996950.0,0.9979597617267356
5498.0,1996760.0,0.9979701068638673
5499.0,1996790.0,0.9980905133872108
5500.0,1996640.0,0.9981210559192581
5501.0,1996260.0,0.9980367081519531
5502.0,1996050.0,0.998037435926048
5503.0,1995960.0,0.9980982631735767
5504.0,1995840.0,0.9981441920364902
5505.0,1995640.0,0.9981502093631268
5506.0,1995290.0,0.9980812869797157
5507.0,1995040.0,0.9980624687856969
5508.0,1994900.0,0.9980987738846282
5509.0,1994630.0,0.9980701289037509
5510.0,1994300.0,0.9980115431439226
5511.0,1994120.0,0.9980281088029936
5512.0,1994040.0,0.9980948228839152
5513.0,1993930.0,0.9981466243135103
5514.0,1993740.0,0.9981584758556457
5515.0,1993550.0,0.998170420518324
5516.0,1993440.0,0.9982225184866459
5517.0,1993300.0,0.9982596937334134
5518.0,1993060.0,0.9982468810097813
5519.0,1992800.0,0.9982241372596611
5520.0,1992580.0,0.9982215172829327
5521.0,1992410.0,0.9982440376739912
5522.0,1992210.0,0.9982516202293772
5523.0,1991920.0,0.998214192064463
5524.0,1991610.0,0.9981668214373351
5525.0,1991410.0,0.9981746661818617
5526.0,1991220.0,0.9981876146443007
5527.0,1990770.0,0.9980703041442616
5528.0,1990270.0,0.9979279867997106
5529.0,1990220.0,0.9980113831883872
5530.0,1990360.0,0.9981901735772857
5531.0,1990240.0,0.9982386838606451
5532.0,1990000.0,0.9982270983711534
5533.0,1989830.0,0.9982507158187851
5534.0,1989630.0,0.9982593744692572
5535.0,1989320.0,0.9982129263970154
5536.0,1988990.0,0.9981565190524925
5537.0,1988740.0,0.9981403385892831
5538.0,1988490.0,0.9981242420037049
5539.0,1988230.0,0.9981032091130175
5540.0,1988040.0,0.9981174030221749
5541.0,1987960.0,0.9981869198401573
5542.0,1987890.0,0.9982615605360505
5543.0,1987690.0,0.998271014933389
5544.0,1987410.0,0.9982403754585343
5545.0,1987210.0,0.9982500026930051
5546.0,1987000.0,0.998254694455436
5547.0,1986680.0,0.9982042041244268
5548.0,1986400.0,0.9981738888429003
5549.0,1986260.0,0.9982140111087194
5550.0,1986110.0,0.9982492018866954
5551.0,1985810.0,0.9982090854604763
5552.0,1985530.0,0.9981791001721023
5553.0,1985410.0,0.9982296388065818
5554.0,1985250.0,0.998260160362279
5555.0,1984920.0,0.9982052817424708
5556.0,1984600.0,0.9981555053600442
5557.0,1984390.0,0.9981611334131293
5558.0,1984200.0,0.9981769086464407
5559.0,1983980.0,0.998177678372115
5560.0,1983780.0,0.9981885961683044
5561.0,1983540.0,0.9981794714133505
5562.0,1983240.0,0.9981402314780021
5563.0,1982970.0,0.9981161670548563
5564.0,1982710.0,0.9980972150820107
5565.0,1982330.0,0.9980179277165996
5566.0,1982060.0,0.9979940925923559
5567.0,1982070.0,0.9981113351754456
5568.0,1982000.0,0.9981883972757608
5569.0,1981730.0,0.9981648231719027
5570.0,1981540.0,0.9981816259985115
5571.0,1981370.0,0.9982085914377045
5572.0,1980970.0,0.998119759275814
5573.0,1980600.0,0.9980461069714874
5574.0,1980490.0,0.9981035521420298
5575.0,1980350.0,0.9981459718822654
5576.0,1980120.0,0.9981431160238886
5577.0,1979980.0,0.998185714101037
5578.0,1979830.0,0.9982233617898537
5579.0,1979570.0,0.9982056318895637
5580.0,1979300.0,0.9981829364857834
5581.0,1979000.0,0.9981451863624882
5582.0,1978730.0,0.9981226417773583
5583.0,1978510.0,0.9981253974391794
5584.0,1978190.0,0.9980777807148583
5585.0,1977840.0,0.9980150961031076
5586.0,1977570.0,0.9979928504564249
5587.0,1977280.0,0.9979605860980176
5588.0,1977000.0,0.9979334425833457
5589.0,1976890.0,0.9979921942202499
5590.0,1976930.0,0.9981267726432624
5591.0,1976900.0,0.9982261158737274
5592.0,1976740.0,0.9982599114726224
5593.0,1976420.0,0.9982129848881062
5594.0,1976080.0,0.9981560248279824
5595.0,1975900.0,0.9981799595952315
5596.0,1975780.0,0.9982342934237634
5597.0,1975590.0,0.9982533484910668
5598.0,1975280.0,0.9982118448494189
5599.0,1975030.0,0.9982007352559228
5600.0,1974880.0,0.998240248840565
5601.0,1974660.0,0.9982444633794001
5602.0,1974400.0,0.998228534051579
5603.0,1974170.0,0.9982278488133942
5604.0,1974010.0,0.9982626409310242
5605.0,1973870.0,0.9983076345228756
5606.0,1973660.0,0.9983173091742212
5607.0,1973430.0,0.998316946390692
5608.0,1973170.0,0.9983014831460364
5609.0,1972940.0,0.9983012738267547
5610.0,1972730.0,0.9983112630533805
5611.0,1972490.0,0.998306148509466
5612.0,1972250.0,0.9983011099753952
5613.0,1971990.0,0.9982860226723009
5614.0,1971600.0,0.9982051908154709
5615.0,1971040.0,0.9980383371486651
5616.0,1970730.0,0.9979981236690939
5617.0,1970820.0,0.9981605651276095
5618.0,1970820.0,0.9982775333879721
5619.0,1970620.0,0.9982932876135496
5620.0,1970370.0,0.9982837892285527
5621.0,1970150.0,0.9982895657813904
5622.0,1969910.0,0.9982852841603453
5623.0,1969630.0,0.9982608041375035
5624.0,1969320.0,0.9982211872922958
5625.0,1969070.0,0.9982120532559171
5626.0,1968900.0,0.9982435527671156
5627.0,1968760.0,0.9982903467815893
5628.0,1968550.0,0.9983017280347111
5629.0,1968290.0,0.9982878275412088
5630.0,1968030.0,0.9982739984516148
5631.0,1967770.0,0.9982602406395867
5632.0,1967490.0,0.9982364066701952
5633.0,1967160.0,0.9981872700421128
5634.0,1966770.0,0.9981077467403815
5635.0,1966520.0,0.9980993349822642
5636.0,1966540.0,0.9982280487589961
5637.0,1966540.0,0.9983467135030152
5638.0,1966390.0,0.998389320996028
5639.0,1966170.0,0.9983964669481152
5640.0,1965930.0,0.9983935309431768
5641.0,1965670.0,0.9983805092279202
5642.0,1965420.0,0.9983726371159637
5643.0,1965180.0,0.9983699163002494
5644.0,1964930.0,0.9983621866675957
5645.0,1964650.0,0.9983392832475003
5646.0,1964400.0,0.9983316931634979
5647.0,1964210.0,0.998354669949327
5648.0,1964070.0,0.9984031411055334
5649.0,1963900.0,0.9984364440803847
5650.0,1963680.0,0.9984444041593477
5651.0,1963450.0,0.9984473527428962
5652.0,1963210.0,0.9984452878769198
5653.0,1962970.0,0.9984432939952108
5654.0,1962750.0,0.9984515449802646
5655.0,1962520.0,0.9984547815367628
5656.0,1962280.0,0.9984530017043477
5657.0,1962020.0,0.9984411146768768
5658.0,1961740.0,0.9984191166452289
5659.0,1961480.0,0.99840736408055
5660.0,1961290.0,0.9984313139780989
5661.0,1961080.0,0.9984451574181454
5662.0,1960840.0,0.9984437986681126
5663.0,1960600.0,0.9984425096643561
5664.0,1960380.0,0.9984514765882397
5665.0,1960140.0,0.9984503279401584
5666.0,1959910.0,0.9984543430556697
5667.0,1959670.0,0.9984533336518502
5668.0,1959430.0,0.9984523933749481
5669.0,1959190.0,0.9984515221006959
5670.0,1958960.0,0.9984558165715839
5671.0,1958730.0,0.9984601810380354
5672.0,1958500.0,0.9984646153771964
5673.0,1958260.0,0.9984640207355671
5674.0,1958010.0,0.9984583951233917
5675.0,1957770.0,0.998457936499211
5676.0,1957530.0,0.9984575460079218
5677.0,1957300.0,0.9984623247477288
5678.0,1957070.0,0.9984671726199065
5679.0,1956830.0,0.9984669870295743
5680.0,1956590.0,0.9984668690748371
5681.0,1956350.0,0.9984668186310373
5682.0,1956110.0,0.9984668355734831
5683.0,1955860.0,0.998461814801558
5684.0,1955610.0,0.9984568599118548
5685.0,1955370.0,0.9984570770090176
5686.0,1955140.0,0.9984624678515185
5687.0,1954900.0,0.9984628192248722
5688.0,1954670.0,0.9984683453523125
5689.0,1954430.0,0.9984688305042496
5690.0,1954190.0,0.9984693820436643
5691.0,1953950.0,0.9984699998455535
5692.0,1953710.0,0.9984706837848771
5693.0,1953470.0,0.9984714337365599
5694.0,1953230.0,0.9984722495754903
5695.0,1952990.0,0.9984731311765205
5696.0,1952750.0,0.998474078414466
5697.0,1952510.0,0.9984750911641054
5698.0,1952270.0,0.9984761693001808
5699.0,1952030.0,0.9984773126973973
5700.0,1951780.0,0.9984734055237047
5701.0,1951520.0,0.9984644457467795
5702.0,1951270.0,0.9984606652883434
5703.0,1951050.0,0.9984723011601769
5704.0,1950820.0,0.9984788859603718
5705.0,1950580.0,0.9984804176535199
5706.0,1950330.0,0.9984768942012492
5707.0,1950080.0,0.998473433728753
5708.0,1949820.0,0.998464915303346
5709.0,1949540.0,0.998446215434108
5710.0,1949280.0,0.9984378184928958
5711.0,1949050.0,0.9984448509169443
5712.0,1948830.0,0.9984570716131962
5713.0,1948620.0,0.9984744823817324
5714.0,1948390.0,0.9984817110750344
5715.0,1948150.0,0.9984838790094201
5716.0,1947910.0,0.9984861100671157
5717.0,1947670.0,0.9984884041221247
5718.0,1947430.0,0.998490761048409
5719.0,1947180.0,0.9984880528526517
5720.0,1946930.0,0.9984854059862501
5721.0,1946690.0,0.9984879494790405
5722.0,1946440.0,0.9984854255343235
5723.0,1946200.0,0.9984880929860737
5724.0,1945960.0,0.9984908225505652
5725.0,1945720.0,0.9984936141014693
5726.0,1945470.0,0.9984913351210899
5727.0,1945230.0,0.9984942496174527
5728.0,1944990.0,0.998497225720509
5729.0,1944740.0,0.9984951289663725
5730.0,1944480.0,0.9984879572795822
5731.0,1944210.0,0.9984757085817813
5732.0,1943930.0,0.9984583807917222
5733.0,1943680.0,0.998456519580449
5734.0,1943450.0,0.9984649930890672
5735.0,1943230.0,0.9984786668591229
5736.0,1942990.0,0.9984821260382021
5737.0,1942750.0,0.9984856456801213
5738.0,1942510.0,0.9984892256579874
5739.0,1942270.0,0.9984928658448623
5740.0,1942020.0,0.9984914246042794
5741.0,1941780.0,0.9984951841733343
5742.0,1941530.0,0.9984938607502047
5743.0,1941280.0,0.9984925957158447
5744.0,1941030.0,0.9984913889416805
5745.0,1940790.0,0.9984953850874796
5746.0,1940540.0,0.9984942951049962
5747.0,1940290.0,0.9984932629971889
5748.0,1940040.0,0.9984922886353057
5749.0,1939800.0,0.9984965193104849
5750.0,1939550.0,0.9984956607130654
5751.0,1939300.0,0.9984948594755069
5752.0,1939050.0,0.9984941154688741
5753.0,1938800.0,0.9984934285641869
5754.0,1938540.0,0.9984876479125581
5755.0,1938290.0,0.9984870741632583
5756.0,1938030.0,0.9984814050851423
5757.0,1937720.0,0.998450027740594
5758.0,1937410.0,0.9984186988982733
5759.0,1937160.0,0.9984183426088821
5760.0,1936950.0,0.9984386612910882
5761.0,1936750.0,0.998464196707692
5762.0,1936530.0,0.9984794826571652
5763.0,1936290.0,0.9984845150265385
5764.0,1936050.0,0.9984896044061314
5765.0,1935820.0,0.9984999086881936
5766.0,1935570.0,0.9984999536832511
5767.0,1935320.0,0.9985000539705202
5768.0,1935070.0,0.9985002094203084
5769.0,1934810.0,0.9984952592139219
5770.0,1934550.0,0.9984903625739714
5771.0,1934300.0,0.9984906813952097
5772.0,1934040.0,0.9984858921636497
5773.0,1933790.0,0.9984863194700043
5774.0,1933540.0,0.9984868011583279
5775.0,1933290.0,0.9984873370985828
5776.0,1933040.0,0.998487927160682
5777.0,1932780.0,0.9984834051665923
5778.0,1932530.0,0.9984841024100072
5779.0,1932260.0,0.9984745185999189
5780.0,1931960.0,0.9984494815041846
5781.0,1931700.0,0.9984451660980784
5782.0,1931490.0,0.9984667497409736
5783.0,1931280.0,0.9984883919829421
5784.0,1931020.0,0.9984842388952253
5785.0,1930770.0,0.9984853088414991
5786.0,1930530.0,0.9984916037163516
5787.0,1930290.0,0.9984979526297443
5788.0,1930030.0,0.9984940085249779
5789.0,1929760.0,0.9984849413520422
5790.0,1929500.0,0.9984810985825342
5791.0,1929260.0,0.998487657611717
5792.0,1929020.0,0.9984942700289708
5793.0,1928760.0,0.9984905819998793
5794.0,1928510.0,0.9984921219146916
5795.0,1928240.0,0.9984833570465854
5796.0,1927970.0,0.9984746409665559
5797.0,1927720.0,0.9984763326835084
5798.0,1927500.0,0.9984936164008931
5799.0,1927270.0,0.9985057743849914
5800.0,1927020.0,0.9985076228479701
5801.0,1926750.0,0.9984991575680162
5802.0,1926490.0,0.9984959232581183
5803.0,1926220.0,0.9984875545070869
5804.0,1925950.0,0.9984792334781519
5805.0,1925700.0,0.9984813300981303
5806.0,1925460.0,0.9984886626240473
5807.0,1925220.0,0.9984960465788869
5808.0,1924980.0,0.9985034818321754
5809.0,1924730.0,0.9985057804827298
5810.0,1924480.0,0.9985081287983687
5811.0,1924220.0,0.998505337503808
5812.0,1923950.0,0.99849740440606
5813.0,1923680.0,0.9984895178272176
5814.0,1923430.0,0.9984920600437631
5815.0,1923190.0,0.9984998431567769
5816.0,1922930.0,0.9984972913523164
5817.0,1922670.0,0.9984947869079996
5818.0,1922430.0,0.9985027176129364
5819.0,1922200.0,0.9985158928221572
5820.0,1921940.0,0.9985135331084154
5821.0,1921680.0,0.9985112202220302
5822.0,1921420.0,0.9985089540291227
5823.0,1921160.0,0.9985067343957584
5824.0,1920890.0,0.9984993630799697
5825.0,1920620.0,0.9984920366704803
5826.0,1920370.0,0.9984951540191168
5827.0,1920120.0,0.9984983187770483
5828.0,1919870.0,0.9985015308113353
5829.0,1919620.0,0.9985047899889793
5830.0,1919370.0,0.9985080961769223
5831.0,1919120.0,0.9985114492420463
5832.0,1918850.0,0.9985044417296856
5833.0,1918600.0,0.9985078867575539
5834.0,1918340.0,0.998506173208851
5835.0,1918090.0,0.9985097103597357
5836.0,1917840.0,0.998513293720035
5837.0,1917590.0,0.9985169231562674
5838.0,1917320.0,0.9985101828485922
5839.0,1917030.0,0.9984930684721379
5840.0,1916770.0,0.998491621900225
5841.0,1916530.0,0.9985006393485081
5842.0,1916290.0,0.9985097036010722
5843.0,1916040.0,0.9985136031852544
5844.0,1915780.0,0.9985123358664756
5845.0,1915510.0,0.9985058994075838
5846.0,1915260.0,0.9985099318986119
5847.0,1915000.0,0.9985087949788923
5848.0,1914750.0,0.9985129161022427
5849.0,1914480.0,0.9985066505652725
5850.0,1914230.0,0.9985108589002992
5851.0,1913980.0,0.9985151111245987
5852.0,1913710.0,0.9985089716285346
5853.0,1913420.0,0.998492435897743
5854.0,1913150.0,0.9984863756927749
5855.0,1912910.0,0.9984960147266556
5856.0,1912620.0,0.998479595212514
5857.0,1912280.0,0.9984371062728229
5858.0,1912030.0,0.9984416435224455
5859.0,1911840.0,0.9984775579453413
5860.0,1911610.0,0.9984926289100594
5861.0,1911360.0,0.9984972956728209
5862.0,1911110.0,0.9985020031441598
5863.0,1910860.0,0.9985067510344611
5864.0,1910600.0,0.9985063129139329
5865.0,1910330.0,0.9985006863650745
5866.0,1910060.0,0.9984950965266781
5867.0,1909800.0,0.9984947713749446
5868.0,1909530.0,0.9984892547899632
5869.0,1909280.0,0.998494233417471
5870.0,1909030.0,0.9984992504292259
5871.0,1908780.0,0.9985043055343878
5872.0,1908510.0,0.9984989347929903
5873.0,1908240.0,0.9984935987136666
5874.0,1907980.0,0.9984935302522757
5875.0,1907730.0,0.9984987312542457
5876.0,1907480.0,0.9985039688911791
5877.0,1907220.0,0.9985040074815322
5878.0,1906950.0,0.9984988445908001
5879.0,1906680.0,0.9984937146005953
5880.0,1906410.0,0.9984886172164288
5881.0,1906150.0,0.9984887903924403
5882.0,1905890.0,0.998488997016433
5883.0,1905620.0,0.9984839971140718
5884.0,1905340.0,0.9984737882421209
5885.0,1905090.0,0.9984793324098423
5886.0,1904840.0,0.9984849102825214
5887.0,1904440.0,0.9984118833411366
5888.0,1903030.0,0.9978092980898154
5889.0,1899480.0,0.9960843663450544
5890.0,1897010.0,0.9949254207434216
5891.0,1899340.0,0.9962839905785528
5892.0,1902190.0,0.9979157626279007
5893.0,1902810.0,0.9983779623597703
5894.0,1901980.0,0.9980794194368195
5895.0,1899790.0,0.9970670550068854
5896.0,1898310.0,0.9964271222419322
5897.0,1899600.0,0.99724122133492
5898.0,1901110.0,0.9981710828817622
5899.0,1901380.0,0.9984500811692083
5900.0,1901180.0,0.9984823444141089
5901.0,1900900.0,0.9984726231161901
5902.0,1900630.0,0.9984681798216327
5903.0,1900390.0,0.9984795245547006
5904.0,1900140.0,0.9984856443269674
5905.0,1899870.0,0.9984812811474961
5906.0,1899610.0,0.9984821991200618
5907.0,1899340.0,0.9984778861737771
5908.0,1899070.0,0.9984735975341004
5909.0,1898820.0,0.998479849747829
5910.0,1898570.0,0.998486128572121
5911.0,1898280.0,0.9984713942130311
5912.0,1898010.0,0.9984672012612728
5913.0,1897740.0,0.9984630311205889
5914.0,1897470.0,0.9984588834912703
5915.0,1897220.0,0.9984652836348878
5916.0,1896970.0,0.9984717085997651
5917.0,1896710.0,0.9984728938517125
5918.0,1896440.0,0.9984688369080404
5919.0,1896170.0,0.9984648009764099
5920.0,1895900.0,0.9984607857561552
5921.0,1895640.0,0.9984620580966411
5922.0,1895370.0,0.9984580841258615
5923.0,1895110.0,0.9984593985730256
5924.0,1894860.0,0.998466003326755
5925.0,1894600.0,0.9984673601384454
5926.0,1894340.0,0.9984687373165978
5927.0,1894060.0,0.9984595914984418
5928.0,1893800.0,0.9984610070443444
5929.0,1893530.0,0.9984571690593386
5930.0,1893270.0,0.9984586224975777
5931.0,1893010.0,0.9984600947953763
5932.0,1892740.0,0.9984563104610472
5933.0,1892450.0,0.9984419910719072
5934.0,1892190.0,0.9984435152055252
5935.0,1891950.0,0.9984556117677331
5936.0,1891700.0,0.9984624504899434
5937.0,1891420.0,0.9984534711567818
5938.0,1891130.0,0.9984392260401518
5939.0,1890870.0,0.9984408339324995
5940.0,1890620.0,0.9984477390212296
5941.0,1890360.0,0.9984493796184581
5942.0,1890090.0,0.9984457532157073
5943.0,1889820.0,0.9984421405684432
5944.0,1889560.0,0.9984438253738099
5945.0,1889290.0,0.9984402400598493
5946.0,1889020.0,0.9984366675874923
5947.0,1888750.0,0.9984331076516875
5948.0,1888460.0,0.9984189860511766
5949.0,1888190.0,0.9984154487981282
5950.0,1887950.0,0.9984277884334398
5951.0,1887690.0,0.9984295654884967
5952.0,1887420.0,0.9984260651300858
5953.0,1887160.0,0.9984278661120688
5954.0,1886880.0,0.9984190962170125
5955.0,1886600.0,0.9984103349351923
5956.0,1886340.0,0.9984121676667044
5957.0,1886060.0,0.9984034241680064
5958.0,1885800.0,0.9984052770261567
5959.0,1885560.0,0.9984177303728878
5960.0,1885290.0,0.9984143092783851
5961.0,1885020.0,0.9984108964336297
5962.0,1884760.0,0.9984127888250997
5963.0,1884500.0,0.9984146903329449
5964.0,1884240.0,0.9984166006500373
5965.0,1883970.0,0.9984132199514593
5966.0,1883690.0,0.9984045457046508
5967.0,1883420.0,0.9984011773778977
5968.0,1883160.0,0.9984031168884637
5969.0,1882890.0,0.9983997611831816
5970.0,1882630.0,0.9984017141829424
5971.0,1882360.0,0.9983983698645185
5972.0,1882090.0,0.9983950304045413
5973.0,1881810.0,0.9983863900356161
5974.0,1881530.0,0.9983777524189111
5975.0,1881270.0,0.9983797311349284
5976.0,1881020.0,0.9983870226480445
5977.0,1880750.0,0.9983837035801777
5978.0,1880470.0,0.9983750783335822
5979.0,1880190.0,0.9983664542867147
5980.0,1879930.0,0.9983684524647626
5981.0,1879670.0,0.9983704542007593
5982.0,1879400.0,0.9983671470255286
5983.0,1879120.0,0.9983585283916001
5984.0,1878840.0,0.9983499094004993
5985.0,1878580.0,0.9983519185333476
5986.0,1878310.0,0.9983486145270485
5987.0,1878040.0,0.9983453107203119
5988.0,1877770.0,0.9983420068011812
5989.0,1877510.0,0.9983440198407652
5990.0,1877240.0,0.998340715507482
5991.0,1876970.0,0.9983374101251191
5992.0,1876710.0,0.9983394230064581
5993.0,1876420.0,0.9983254745891763
5994.0,1876130.0,0.9983115211925137
5995.0,1875870.0,0.9983135281104994
5996.0,1875620.0,0.9983208565285983
5997.0,1875350.0,0.9983175382802443
5998.0,1875070.0,0.9983088926753744
5999.0,1874790.0,0.9983002420174384
6000.0,1874510.0,0.9982915859918325
6001.0,1874230.0,0.9982829242837854
6002.0,1873960.0,0.9982795836909115
6003.0,1873680.0,0.9982709104227905
6004.0,1873400.0,0.9982622305271067
6005.0,1873130.0,0.9982588730508961
6006.0,1872890.0,0.9982715001552382
6007.0,1872620.0,0.9982681330995811
6008.0,1872330.0,0.9982540964278166
6009.0,1872060.0,0.9982507147788495
6010.0,1871810.0,0.9982579923423021
6011.0,1871540.0,0.9982545978406269
6012.0,1871250.0,0.9982405264502299
6013.0,1870950.0,0.9982211087155527
6014.0,1870660.0,0.9982070143079733
6015.0,1870390.0,0.99820358203921
6016.0,1870130.0,0.9982054784780092
6017.0,1869870.0,0.9982073671858406
6018.0,1869600.0,0.9982039087152041
6019.0,1869320.0,0.998195100491457
6020.0,1869030.0,0.9981809399387978
6021.0,1868770.0,0.9981827900370949
6022.0,1868500.0,0.9981792886762435
6023.0,1868210.0,0.9981650903834078
6024.0,1867930.0,0.9981562212668501
6025.0,1867670.0,0.9981580276705302
6026.0,1867400.0,0.998154478329039
6027.0,1867120.0,0.9981455706625332
6028.0,1866850.0,0.9981419954183746
6029.0,1866580.0,0.998138407121278
6030.0,1866310.0,0.998134805452034
6031.0,1866030.0,0.9981258411641731
6032.0,1865750.0,0.9981168613560166
6033.0,1865470.0,0.9981078657074066
6034.0,1865210.0,0.9981095562806581
6035.0,1864940.0,0.9981058814463862
6036.0,1864650.0,0.9980914859177646
6037.0,1864360.0,0.9980770717561921
6038.0,1864080.0,0.9980679928524924
6039.0,1863820.0,0.9980696061195675
6040.0,1863550.0,0.9980658485997893
6041.0,1863260.0,0.998051361225672
6042.0,1862980.0,0.9980422108459707
6043.0,1862720.0,0.998043757397984
6044.0,1862450.0,0.9980399288543477
6045.0,1862170.0,0.9980307226246647
6046.0,1861900.0,0.9980268566381447
6047.0,1861630.0,0.9980229718251172
6048.0,1861330.0,0.9980029825428102
6049.0,1861040.0,0.9979883317786906
6050.0,1860780.0,0.9979897480540598
6051.0,1860520.0,0.9979911457259661
6052.0,1860230.0,0.9979764300678406
6053.0,1859940.0,0.9979616906172973
6054.0,1859660.0,0.9979522933661606
6055.0,1859390.0,0.9979482402625597
6056.0,1859110.0,0.9979387975934201
6057.0,1858810.0,0.9979185941734336
6058.0,1858510.0,0.997898363824199
6059.0,1858230.0,0.9978888464286996
6060.0,1857980.0,0.9978954170712672
6061.0,1857740.0,0.9979073390092587
6062.0,1857480.0,0.9979084970583845
6063.0,1857200.0,0.9978988863452267
6064.0,1856880.0,0.9978677542057504
6065.0,1856550.0,0.9978312151728758
6066.0,1856290.0,0.9978322699367731
6067.0,1856070.0,0.9978548055897916
6068.0,1855820.0,0.9978611924088375
6069.0,1855540.0,0.9978514232406015
6070.0,1855260.0,0.9978416262690081
6071.0,1854980.0,0.9978318011674848
6072.0,1854710.0,0.9978273275734231
6073.0,1854430.0,0.9978174459906839
6074.0,1854140.0,0.9978021538150916
6075.0,1853850.0,0.997786830683321
6076.0,1853580.0,0.9977822422691366
6077.0,1853310.0,0.9977776252806234
6078.0,1853030.0,0.9977675948708529
6079.0,1852750.0,0.997757533712603
6080.0,1852470.0,0.9977474414777924
6081.0,1852190.0,0.9977373178381724
6082.0,1851920.0,0.9977325500228366
6083.0,1851650.0,0.9977277516650487
6084.0,1851360.0,0.9977121442823889
6085.0,1851080.0,0.997701892497496
6086.0,1850790.0,0.9976862170675598
6087.0,1850520.0,0.9976812894529502
6088.0,1850250.0,0.9976763296509895
6089.0,1849970.0,0.997665944455893
6090.0,1849690.0,0.9976555248943352
6091.0,1849400.0,0.9976396762399653
6092.0,1849120.0,0.9976291861954564
6093.0,1848850.0,0.9976240567108812
6094.0,1848570.0,0.9976134963826351
6095.0,1848300.0,0.9976082974737667
6096.0,1848020.0,0.9975976655395993
6097.0,1847730.0,0.9975815979684611
6098.0,1847440.0,0.9975654918662691
6099.0,1847150.0,0.9975493469016916
6100.0,1846870.0,0.9975385639818971
6101.0,1846570.0,0.9975169390592654
6102.0,1846230.0,0.9974736617206112
6103.0,1845920.0,0.9974465471480041
6104.0,1845690.0,0.997462623254999
6105.0,1845460.0,0.9974786676338941
6106.0,1845200.0,0.9974784625485423
6107.0,1844920.0,0.9974674073838941
6108.0,1844640.0,0.9974563118889117
6109.0,1844370.0,0.9974505838135937
6110.0,1844090.0,0.9974394074196458
6111.0,1843810.0,0.9974281896962085
6112.0,1843510.0,0.9974061095808587
6113.0,1843240.0,0.9974002178020959
6114.0,1842970.0,0.9973942852143075
6115.0,1842700.0,0.9973883114836222
6116.0,1842410.0,0.997371469462537
6117.0,1842110.0,0.9973491684208344
6118.0,1841820.0,0.9973322355981822
6119.0,1841530.0,0.997315257253349
6120.0,1841180.0,0.9972657343584159
6121.0,1840720.0,0.9971565668423902
6122.0,1840270.0,0.9970527449127271
6123.0,1840130.0,0.9971168324277737
6124.0,1840080.0,0.9972296709780915
6125.0,1839880.0,0.9972611947286089
6126.0,1839620.0,0.9972601582285007
6127.0,1839340.0,0.9972482345426174
6128.0,1839060.0,0.9972362638375605
6129.0,1838780.0,0.9972242457771854
6130.0,1838500.0,0.9972121800251863
6131.0,1838220.0,0.9972000662450978
6132.0,1837940.0,0.9971879041002932
6133.0,1837650.0,0.9971702669199893
6134.0,1837360.0,0.9971525791808383
6135.0,1837020.0,0.997107701274055
6136.0,1836600.0,0.9970193356172007
6137.0,1836230.0,0.9969580455009353
6138.0,1836030.0,0.9969890036053192
6139.0,1835880.0,0.9970470776184276
6140.0,1835640.0,0.9970562354368692
6141.0,1835310.0,0.9970164562034234
6142.0,1835010.0,0.9969929171549125
6143.0,1834780.0,0.9970073605283328
6144.0,1834550.0,0.9970217590832352
6145.0,1834280.0,0.9970143706659839
6146.0,1833990.0,0.996996058247627
6147.0,1833700.0,0.9969776908770247
6148.0,1833420.0,0.9969647059474489
6149.0,1833140.0,0.9969516669064206
6150.0,1832850.0,0.9969331341633897
6151.0,1832560.0,0.9969145451111772
6152.0,1832280.0,0.9969013401798503
6153.0,1832010.0,0.9968935213072139
6154.0,1831720.0,0.9968747635667184
6155.0,1831440.0,0.9968613912045776
6156.0,1831160.0,0.9968479623515716
6157.0,1830870.0,0.9968290321023623
6158.0,1830580.0,0.9968100431634327
6159.0,1830290.0,0.9967909951941643
6160.0,1829940.0,0.9967392068082886
6161.0,1829380.0,0.9965729500192246
6162.0,1828810.0,0.9964011438631297
6163.0,1828690.0,0.9964744450798798
6164.0,1828730.0,0.9966349093407699
6165.0,1828570.0,0.9966863499138687
6166.0,1828300.0,0.9966777834804602
6167.0,1828020.0,0.9966637061694669
6168.0,1827710.0,0.9966332095513087
6169.0,1827390.0,0.9965971937924848
6170.0,1827110.0,0.996582928389169
6171.0,1826880.0,0.9965958772706364
6172.0,1826630.0,0.9965978598956264
6173.0,1826340.0,0.996577957986196
6174.0,1826050.0,0.9965579919185188
6175.0,1825770.0,0.9965434195586186
6176.0,1825480.0,0.9965233249024852
6177.0,1825200.0,0.9965086247816237
6178.0,1824930.0,0.9964993211230289
6179.0,1824640.0,0.9964790321437356
6180.0,1824360.0,0.9964641389388067
6181.0,1824080.0,0.9964491806843723
6182.0,1823790.0,0.9964286935304798
6183.0,1823500.0,0.9964081391259559
6184.0,1823210.0,0.9963875171265757
6185.0,1822920.0,0.996366827187975
6186.0,1822630.0,0.9963460689656514
6187.0,1822340.0,0.9963252421149639
6188.0,1822050.0,0.9963043462911344
6189.0,1821760.0,0.9962833811492462
6190.0,1821410.0,0.9962295290369167
6191.0,1821020.0,0.9961537166302501
6192.0,1820750.0,0.9961434715069419
6193.0,1820600.0,0.996198820497989
6194.0,1820380.0,0.9962158115816555
6195.0,1820100.0,0.9961999018869553
6196.0,1819810.0,0.996178447884105
6197.0,1819540.0,0.9961678714648959
6198.0,1819260.0,0.9961517500444248
6199.0,1818980.0,0.9961355573553481
6200.0,1818680.0,0.9961083388604755
